0 0 0 -4.32149033784616 15.3137181713846 50
1 759.4651075335927 -1425.5711338300819 -4.334382 15.32056 50
2 788.2148270972971 -1438.177587598428 -4.334496 15.320819 50
3 892.6683982995224 -1481.194487408793 -4.334885 15.32176 50
4 937.5134656575907 -1499.9936784933266 -4.335055 15.322164 50
5 -1500.0218227253833 -521.584600719489 -4.326207 15.300205 50
6 -1483.8152567260374 -517.0505099000505 -4.326166 15.300351 50
7 -1324.8576434006286 -470.60401591512857 -4.325746 15.301783 50
8 -1222.5119338097204 -440.8562921318252 -4.325477 15.302705 50
9 -1106.5126287345622 -408.122836589497 -4.325181 15.30375 50
10 -1048.4574523535487 -390.76094268671835 -4.325024 15.304273 50
11 1256.8774758672675 -964.7876725393735 -4.330215 15.325041 50
12 1236.1197463624599 -965.5614302170079 -4.330222 15.324854 50
13 1224.5753438519253 -965.782423144718 -4.330224 15.32475 50
14 1140.32338794584 -968.8774997583615 -4.330252 15.323991 50
15 1074.165069610601 -971.419985779197 -4.330275 15.323395 50
16 1028.6534700420991 -973.7416115506284 -4.330296 15.322985 50
17 1012.113872909947 -975.9530236994549 -4.330316 15.322836 50
18 990.6900732894894 -981.1500579607147 -4.330363 15.322643 50
19 969.2662521238559 -988.4481291670265 -4.330429 15.32245 50
20 943.2912330185319 -999.8376372437396 -4.330532 15.322216 50
21 868.3633292597578 -1033.0110149262393 -4.330832 15.321541 50
22 787.9962675126677 -1069.944149049714 -4.331166 15.320817 50
23 733.2712329501754 -1093.9396477218395 -4.331383 15.320324 50
24 719.839744267899 -1099.1368206747825 -4.33143 15.320203 50
25 702.6341291829274 -1104.7762867005588 -4.331481 15.320048 50
26 684.9845170881679 -1108.5358822957407 -4.331515 15.319889 50
27 670.7760398941903 -1109.7521548721309 -4.331526 15.319761 50
28 646.2442330647742 -1109.7519634768703 -4.331526 15.31954 50
29 627.1516158247177 -1108.3142715448603 -4.331513 15.319368 50
30 616.3842809318021 -1105.6602576301357 -4.331489 15.319271 50
31 606.2829705014351 -1102.5639274394623 -4.331461 15.31918 50
32 590.2984829378897 -1096.9242031260644 -4.33141 15.319036 50
33 561.8816147965829 -1086.308270819015 -4.331314 15.31878 50
34 464.5316004344774 -1047.383305147675 -4.330962 15.317903 50
35 361.63131764278995 -1005.9150741840563 -4.330587 15.316976 50
36 343.8707395381426 -999.0590024022938 -4.330525 15.316816 50
37 301.46734839016847 -982.4717494815876 -4.330375 15.316434 50
38 251.071671888843 -963.2305592545893 -4.330201 15.31598 50
39 205.33813272318986 -944.8740552452178 -4.330035 15.315568 50
40 159.71557582793878 -927.4022211300183 -4.329877 15.315157 50
41 106.7667451306338 -907.1658870685662 -4.329694 15.31468 50
42 87.11905855272451 -900.4204476965432 -4.329633 15.314503 50
43 74.57561858764237 -896.1077921552957 -4.329594 15.31439 50
44 59.3680834347754 -890.9104917417693 -4.329547 15.314253 50
45 46.269621573338796 -885.3814533952295 -4.329497 15.314135 50
46 1251.4380494723537 -980.8217794430644 -4.33036 15.324992 50
47 1249.7728313909934 -991.658654093254 -4.330458 15.324977 50
48 1251.1047916387472 -997.4088653142812 -4.33051 15.324989 50
49 1255.7667071208566 -1013.7748642042409 -4.330658 15.325031 50
50 1263.31459730665 -1038.2132908284784 -4.330879 15.325099 50
51 1286.7352129116425 -1115.0671668196305 -4.331574 15.32531 50
52 -485.89702370990824 1500.0612556982303 -4.307925 15.309341 50
53 -472.02084624353563 1447.6461589909536 -4.308399 15.309466 50
54 228.42964682121215 55.327340086617795 -4.32099 15.315776 50
55 247.07834315649106 -4.386225641527534 -4.32153 15.315944 50
56 260.50980815959775 -53.92636651106595 -4.321978 15.316065 50
57 277.2713797811536 -111.64948415088827 -4.3225 15.316216 50
58 295.58698101903747 -173.9064153231216 -4.323063 15.316381 50
59 310.3504222852682 -230.5237283168746 -4.323575 15.316514 50
60 326.33490263690015 -285.37175994119747 -4.324071 15.316658 50
61 344.3174393702834 -341.8785122577821 -4.324582 15.31682 50
62 360.19087755310477 -395.39958415819933 -4.325066 15.316963 50
63 375.84229341759146 -447.37253041881024 -4.325536 15.317104 50
64 392.825734151688 -501.33593706775514 -4.326024 15.317257 50
65 410.6971256790804 -568.1267011323669 -4.326628 15.317418 50
66 421.57536429775877 -605.9453184825257 -4.32697 15.317516 50
67 438.89172766129855 -665.4377678634518 -4.327508 15.317672 50
68 459.42717506851557 -727.1418510248747 -4.328066 15.317857 50
69 -162.86516288054491 849.7382954590698 -4.313806 15.312251 50
70 -147.1021879255199 797.7654621167973 -4.314276 15.312393 50
71 -129.23010778889721 740.0424392518128 -4.314798 15.312554 50
72 -111.13603552219311 678.8914146157197 -4.315351 15.312717 50
73 -93.48602877918516 631.8946968091219 -4.315776 15.312876 50
74 -95.26211800989827 626.6974083359887 -4.315823 15.31286 50
75 -81.3863248638262 573.6187519566013 -4.316303 15.312985 50
76 -67.95457873207914 528.5018930157213 -4.316711 15.313106 50
77 -48.19550416553084 456.8456989595727 -4.317359 15.313284 50
78 -30.212558075554277 399.34381135697555 -4.317879 15.313446 50
79 -21.554112138084456 375.0160885532565 -4.318099 15.313524 50
80 -15.892821446015315 349.4719779197839 -4.31833 15.313575 50
81 -1.0180741983988684 300.04246373857694 -4.318777 15.313709 50
82 16.076763428043687 245.08391723983308 -4.319274 15.313863 50
83 33.726603981079236 186.03388502147976 -4.319808 15.314022 50
84 49.04531456283429 136.6043598669057 -4.320255 15.31416 50
85 69.13721721288638 69.15019325528634 -4.320865 15.314341 50
86 86.23196150759439 13.306984834134411 -4.32137 15.314495 50
87 105.21376196929666 -48.28642038098853 -4.321927 15.314666 50
88 120.86540436186507 -96.8313170915429 -4.322366 15.314807 50
89 137.40505712483656 -152.12163435920922 -4.322866 15.314956 50
90 154.9437205888063 -213.4938896507044 -4.323421 15.315114 50
91 172.1493501345273 -271.9910535023967 -4.32395 15.315269 50
92 187.02387130002947 -324.2957034641805 -4.324423 15.315403 50
93 39.387394481544554 -847.6734644584324 -4.329156 15.314073 50
94 47.046671000314646 -846.3465011560903 -4.329144 15.314142 50
95 179.58552087839556 -810.8503059934258 -4.328823 15.315336 50
96 307.68432593157263 -773.3638521235331 -4.328484 15.31649 50
97 324.44596379174845 -768.277207282626 -4.328438 15.316641 50
98 685.7794255896507 1092.459982294716 -4.311611 15.319896 50
99 691.4409248808506 1112.6961767544433 -4.311428 15.319947 50
100 699.1005429335507 1132.600612552511 -4.311248 15.320016 50
101 713.5317487343871 1173.847036382077 -4.310875 15.320146 50
102 730.9601735632932 1217.8579450532914 -4.310477 15.320303 50
103 748.6105938260598 1257.777367460553 -4.310116 15.320462 50
104 766.5940691820605 1299.6872325197317 -4.309737 15.320624 50
105 782.0244123865536 1342.4817613099951 -4.30935 15.320763 50
106 796.8997115149463 1382.6223590263207 -4.308987 15.320897 50
107 814.9942612017666 1426.3014999537381 -4.308592 15.32106 50
108 843.7458052721479 1500.0584371186837 -4.307925 15.321319 50
109 883.038717226432 1155.489062240368 -4.311041 15.321673 50
110 898.8021037752126 1197.398923478243 -4.310662 15.321815 50
111 916.6746459169663 1240.414563882512 -4.310273 15.321976 50
112 935.2132408513099 1282.8772899051924 -4.309889 15.322143 50
113 950.9766407961129 1321.5803042059738 -4.309539 15.322285 50
114 969.0712290858633 1362.8266408985262 -4.309166 15.322448 50
115 973.400608858454 1372.4470982468758 -4.309079 15.322487 50
116 1226.4967765820024 1400.4206770072167 -4.308826 15.324767 50
117 1182.9822763703341 1416.4554765267094 -4.308681 15.324375 50
118 1142.2429284418001 1432.0478938721901 -4.30854 15.324008 50
119 1017.6937046757665 1483.6905993713724 -4.308073 15.322886 50
120 -936.8024215187854 1015.161764071473 -4.31231 15.305279 50
121 -1046.9204904988715 988.9528790169935 -4.312547 15.304287 50
122 -1056.578009521738 985.8565031842171 -4.312575 15.3042 50
123 -1074.672000350412 981.6542137153382 -4.312613 15.304037 50
124 -1097.206209313885 974.6873489183886 -4.312676 15.303834 50
125 -1126.9557984560543 965.3981904306705 -4.31276 15.303566 50
126 -1192.671273928834 944.0552404576491 -4.312953 15.302974 50
127 -1215.2054694282012 937.5306663084891 -4.313012 15.302771 50
128 -1224.6409620905486 934.3236938458332 -4.313041 15.302686 50
129 -1337.3118197747579 897.9409811710483 -4.31337 15.301671 50
130 -1436.6619230924496 866.9767928205882 -4.31365 15.300776 50
131 -1485.948433298561 851.9369837690297 -4.313786 15.300332 50
132 -1500.0461576800399 848.1769954542916 -4.31382 15.300205 50
133 -869.7311031398558 -1257.6002460149089 -4.332863 15.305883 50
134 -871.6182259993933 -1251.4077512326512 -4.332807 15.305866 50
135 -874.6154240622787 -1241.3449465996202 -4.332716 15.305839 50
136 -887.0483016540948 -1195.0118004426167 -4.332297 15.305727 50
137 -890.8225623439068 -1181.742166984907 -4.332177 15.305693 50
138 -911.1369512704271 -1113.514148005926 -4.33156 15.30551 50
139 -916.243307853037 -1096.153047807959 -4.331403 15.305464 50
140 -958.9813166106043 -955.9373138133701 -4.330135 15.305079 50
141 -962.0895053214973 -948.8601904951518 -4.330071 15.305051 50
142 -966.085715380348 -942.6677222960014 -4.330015 15.305015 50
143 -972.7459769696226 -940.1244448938255 -4.329992 15.304955 50
144 -980.2942468134603 -939.5716292033795 -4.329987 15.304887 50
145 -988.3975218577115 -940.235207332049 -4.329993 15.304814 50
146 -1177.4363265330196 -996.8549024574161 -4.330505 15.303111 50
147 -1222.0596448511426 -1011.2310155006087 -4.330635 15.302709 50
148 -1270.7900853267167 -1025.7177945233266 -4.330766 15.30227 50
149 -1458.718485037854 -1081.4534591030647 -4.33127 15.300577 50
150 -1464.3795903294745 -1086.2085232605446 -4.331313 15.300526 50
151 -1467.2655954414386 -1091.4058619462085 -4.33136 15.3005 50
152 -1468.2645263097218 -1097.266651535639 -4.331413 15.300491 50
153 -1468.0424225919867 -1102.7956780733978 -4.331463 15.300493 50
154 -1466.710276620574 -1108.6564271460886 -4.331516 15.300505 50
155 -1448.9486175193067 -1171.1341644221602 -4.332081 15.300665 50
156 -1445.0632800881326 -1183.5191261123573 -4.332193 15.3007 50
157 -1427.5236858494475 -1244.4487441190863 -4.332744 15.300858 50
158 -1419.8640155062872 -1269.9927362117965 -4.332975 15.300927 50
159 -1383.1198625125623 -1392.626026294477 -4.334084 15.301258 50
160 -1363.1381909592278 -1459.4163929784856 -4.334688 15.301438 50
161 -1351.5932075414664 -1499.999293641367 -4.335055 15.301542 50
162 -604.1075001052586 -188.0623745625585 -4.323191 15.308276 50
163 -618.7605225712878 -136.20018638993537 -4.322722 15.308144 50
164 -637.7428859028643 -67.41920484595134 -4.3221 15.307973 50
165 -650.9528188749704 -23.961137015650337 -4.321707 15.307854 50
166 -664.9398257725841 22.593178423635038 -4.321286 15.307728 50
167 -673.5984853752576 54.99321960329923 -4.320993 15.30765 50
168 -684.2553048444951 94.69156163355082 -4.320634 15.307554 50
169 -700.4625427737874 151.75100662911166 -4.320118 15.307408 50
170 -714.0055620035732 195.65138184525938 -4.319721 15.307286 50
171 -739.0936038710536 290.3081373976703 -4.318865 15.30706 50
172 -753.3027567773288 340.73275271444965 -4.318409 15.306932 50
173 -763.8485979495958 375.34437668003994 -4.318096 15.306837 50
174 -780.1669662409663 434.28367112199453 -4.317563 15.30669 50
175 -781.3880655697565 438.26456030762535 -4.317527 15.306679 50
176 -791.0459082997278 475.41954131493964 -4.317191 15.306592 50
177 -323.2601584053931 -1499.9890907849501 -4.335055 15.310806 50
178 -308.2749221273894 -1448.9007898681496 -4.334593 15.310941 50
179 -293.2896610808924 -1399.6923625940708 -4.334148 15.311076 50
180 -272.3102457503362 -1337.1036646742225 -4.333582 15.311265 50
181 -269.3132143462833 -1318.6366926434168 -4.333415 15.311292 50
182 -783.8122493674052 -1491.587984299712 -4.334979 15.306657 50
183 -770.8249186456694 -1487.4963818661595 -4.334942 15.306774 50
184 -623.1910712922831 -1440.8301425993186 -4.33452 15.308104 50
185 -605.2086054490441 -1433.1999492559403 -4.334451 15.308266 50
186 -595.6623618086804 -1428.4449148744484 -4.334408 15.308352 50
187 -579.788968387255 -1418.492548954781 -4.334318 15.308495 50
188 -573.9058198419737 -1415.064509673328 -4.334287 15.308548 50
189 -567.8006643108953 -1411.6364693106796 -4.334256 15.308603 50
190 -558.476418953305 -1407.4343437249213 -4.334218 15.308687 50
191 -546.1550845343049 -1403.2321997262509 -4.33418 15.308798 50
192 -424.60669668874726 -1366.2975754731563 -4.333846 15.309893 50
193 -346.90447471810586 -1342.7435495904042 -4.333633 15.310593 50
194 -101.1431626414972 -1266.3316938935868 -4.332942 15.312807 50
195 -87.04572627542395 -1265.2258720589014 -4.332932 15.312934 50
196 -72.39326878130905 -1268.2115347399624 -4.332959 15.313066 50
197 2.867064418318506 -1291.8757547470816 -4.333173 15.313744 50
198 37.72213025786444 -1303.707888673524 -4.33328 15.314058 50
199 85.23156513141728 -1321.9537244094738 -4.333445 15.314486 50
200 -578.9008899487503 -1426.1226053216853 -4.334387 15.308503 50
201 -577.9017978147922 -1435.3007895688265 -4.33447 15.308512 50
202 -577.3467164596456 -1444.8107187289143 -4.334556 15.308517 50
203 -577.6796349902974 -1458.0803949333724 -4.334676 15.308514 50
204 -579.1225737384264 -1473.0087880316587 -4.334811 15.308501 50
205 -582.7855543359856 -1490.922873155773 -4.334973 15.308468 50
206 -586.0045824839079 -1499.990506041077 -4.335055 15.308439 50
207 -758.1704466695317 -1499.991876967224 -4.335055 15.306888 50
208 -61.403758869077976 -1499.988494085215 -4.335055 15.313165 50
209 -50.74747607850338 -1469.578817385951 -4.33478 15.313261 50
210 -33.54200662339078 -1411.9663079565546 -4.334259 15.313416 50
211 -16.225510001482718 -1355.7913506696252 -4.333751 15.313572 50
212 -586.1242510678034 -254.41059962526714 -4.323791 15.308438 50
213 -569.8062051819458 -305.277558336329 -4.324251 15.308585 50
214 -554.598204285884 -359.3513651933368 -4.32474 15.308722 50
215 -537.3921194781246 -416.74258045686554 -4.325259 15.308877 50
216 -521.0741137655583 -470.9269682652698 -4.325749 15.309024 50
217 -506.9762460001282 -520.3564076549771 -4.326196 15.309151 50
218 715.1950404541216 959.9842366150216 -4.312809 15.320161 50
219 725.9623131315759 919.7328227739633 -4.313173 15.320258 50
220 736.8406213017462 884.0152089802226 -4.313496 15.320356 50
221 741.9467701609898 868.0915641052824 -4.31364 15.320402 50
222 743.6118328297745 864.5529716335626 -4.313672 15.320417 50
223 757.487145227094 812.2482444877168 -4.314145 15.320542 50
224 770.8074532031123 764.6984834969549 -4.314575 15.320662 50
225 790.3439032157229 697.6864830459915 -4.315181 15.320838 50
226 806.5501766521851 634.1025062823973 -4.315756 15.320984 50
227 818.6493972755688 589.980744744263 -4.316155 15.321093 50
228 833.7457015089243 539.6664397334787 -4.31661 15.321229 50
229 850.0630042838823 484.70773526193943 -4.317107 15.321376 50
230 867.490269853558 422.6718590508621 -4.317668 15.321533 50
231 883.3634373220132 361.1888974191659 -4.318224 15.321676 50
232 897.9046401423927 311.4274867335204 -4.318674 15.321807 50
233 912.8898129250097 258.4592314948605 -4.319153 15.321942 50
234 603.5212896010146 772.329904027079 -4.314506 15.319155 50
235 685.6659993109467 794.0030663047621 -4.31431 15.319895 50
236 880.5933098398295 842.2143811179888 -4.313874 15.321651 50
237 1500.0099225382774 950.4640103105443 -4.312895 15.327231 50
238 1329.9472437947538 890.8639419463575 -4.313434 15.325699 50
239 1323.0648111364894 888.0995362050585 -4.313459 15.325637 50
240 1317.514455931352 885.4456896745694 -4.313483 15.325587 50
241 1313.851192203161 881.79658841652 -4.313516 15.325554 50
242 1309.8548534716717 874.4983337989864 -4.313582 15.325518 50
243 134.8499423666193 -1403.0093791953555 -4.334178 15.314933 50
244 226.42756341753994 -1429.880664698299 -4.334421 15.315758 50
245 338.4296722083043 -1467.036126448939 -4.334757 15.316767 50
246 443.3275037297384 -1499.9896360378013 -4.335055 15.317712 50
247 708.7360026731808 -1499.9914473880008 -4.335055 15.320103 50
248 709.1800385187254 -1497.2269356900747 -4.33503 15.320107 50
249 716.6174504228569 -1473.5627465103169 -4.334816 15.320174 50
250 733.8234539685241 -1414.8445873106743 -4.334285 15.320329 50
251 737.486659039329 -1403.6759771128648 -4.334184 15.320362 50
252 1448.1280246807912 -1491.9285096644685 -4.334982 15.326764 50
253 1475.991037869086 -1422.152623498263 -4.334351 15.327015 50
254 1499.9690534764711 -1348.2851956784752 -4.333683 15.327231 50
255 -826.660415709992 -1394.7197735839447 -4.334103 15.306271 50
256 -827.2153342590905 -1404.672034361159 -4.334193 15.306266 50
257 -828.3253037469574 -1411.085720921548 -4.334251 15.306256 50
258 -829.5462763086869 -1417.4994085958788 -4.334309 15.306245 50
259 -831.8772493452519 -1427.119945077783 -4.334396 15.306224 50
260 -838.5372283911036 -1448.6832310530338 -4.334591 15.306164 50
261 -845.1971984594334 -1470.7994207306938 -4.334791 15.306104 50
262 -853.9661529447843 -1499.992791836531 -4.335055 15.306025 50
263 1499.9760938989793 -953.0700985702579 -4.330109 15.327231 50
264 1454.2424732132636 -954.9491684858971 -4.330126 15.326819 50
265 1382.4229424134537 -957.270154317066 -4.330147 15.326172 50
266 1321.8147935274706 -960.2548597219807 -4.330174 15.325626 50
267 1301.1680644891908 -961.139183744311 -4.330182 15.32544 50
268 1269.4209264842475 -963.6820542109219 -4.330205 15.325154 50
269 851.277796339992 -137.30801706004775 -4.322732 15.321387 50
270 835.7376853420267 -78.81073308465544 -4.322203 15.321247 50
271 820.1975409030782 -21.529839172651712 -4.321685 15.321107 50
272 812.6494465013226 4.567250929516952 -4.321449 15.321039 50
273 803.9913253876437 33.760607010160705 -4.321185 15.320961 50
274 786.7860827385254 93.47428179911657 -4.320645 15.320806 50
275 772.2449229630563 150.9763163579618 -4.320125 15.320675 50
276 754.9286373348724 211.68520915593342 -4.319576 15.320519 50
277 739.7213444584999 262.55240800309247 -4.319116 15.320382 50
278 725.2911136593684 318.28514198144603 -4.318612 15.320252 50
279 710.4168804023426 378.66226043049824 -4.318066 15.320118 50
280 693.3225465171315 443.2414552358299 -4.317482 15.319964 50
281 678.7812171875262 495.10385982862573 -4.317013 15.319833 50
282 664.350872311426 546.5239381061785 -4.316548 15.319703 50
283 651.1415303985855 592.1938144857124 -4.316135 15.319584 50
284 633.4920820305265 657.3259008088381 -4.315546 15.319425 50
285 616.841669011092 723.5637806767896 -4.314947 15.319275 50
286 588.7578243119286 822.5335819976963 -4.314052 15.319022 50
287 587.980794033867 824.4134569013382 -4.314035 15.319015 50
288 584.5397074746058 839.6735977815559 -4.313897 15.318984 50
289 565.4470879967256 906.9067062822809 -4.313289 15.318812 50
290 563.2270164222542 915.0896822367806 -4.313215 15.318792 50
291 1024.2286639604536 290.0839978430006 -4.318867 15.322945 50
292 1011.4636997407513 345.8167601476862 -4.318363 15.32283 50
293 999.919662820267 391.59725399886315 -4.317949 15.322726 50
294 982.4925241480181 455.62360826360015 -4.31737 15.322569 50
295 966.2863733733532 515.3373018380917 -4.31683 15.322423 50
296 951.3012379982404 572.7287857863553 -4.316311 15.322288 50
297 937.4260557240013 622.3796144676149 -4.315862 15.322163 50
298 926.6589534063482 665.506152993058 -4.315472 15.322066 50
299 910.1197579948675 730.1959615080116 -4.314887 15.321917 50
300 894.3575966376337 796.4338853046146 -4.314288 15.321775 50
301 -315.61172322639214 1382.9572724519187 -4.308984 15.310875 50
302 -168.86064071105795 1421.660882988839 -4.308634 15.312197 50
303 -59.62979469432716 1452.623582042575 -4.308354 15.313181 50
304 50.93321197359307 1476.9513063603295 -4.308134 15.314177 50
305 118.42553191538572 1500.0625711901962 -4.307925 15.314785 50
306 1102.2624589820557 55.20987125412664 -4.320991 15.323648 50
307 1090.2738591674702 52.113770745631456 -4.321019 15.32354 50
308 978.6023061349396 22.590124580291356 -4.321286 15.322534 50
309 -198.49600520759657 -68.301673586066 -4.322108 15.31193 50
310 -163.08517941346364 -183.96888856717743 -4.323154 15.312249 50
311 -128.78450171676408 -297.0927696842812 -4.324177 15.312558 50
312 -110.80166169553148 -354.2629087273641 -4.324694 15.31272 50
313 -96.03798603980516 -404.908801073186 -4.325152 15.312853 50
314 -78.27719814449483 -464.2905605613031 -4.325689 15.313013 50
315 -64.40159658322283 -515.1576217249001 -4.326149 15.313138 50
316 -46.75186074320021 -570.5584879815241 -4.32665 15.313297 50
317 -31.32223387240054 -625.9593594118708 -4.327151 15.313436 50
318 -12.451495559844716 -688.3268114478637 -4.327715 15.313606 50
319 5.642185628184272 -755.5598148968108 -4.328323 15.313769 50
320 20.29471755642357 -803.9941201166693 -4.328761 15.313901 50
321 34.05920187641052 -849.5533323750068 -4.329173 15.314025 50
322 -1321.7803444753172 1500.0523048882585 -4.307925 15.301811 50
323 -1315.1193271048119 1461.902123079236 -4.30827 15.301871 50
324 -1302.463557673176 1398.98199192028 -4.308839 15.301985 50
325 -1290.8069311014058 1340.1533226036563 -4.309371 15.30209 50
326 -1278.8172634772968 1278.8918838018492 -4.309925 15.302198 50
327 -1265.7174798279518 1213.2072370733376 -4.310519 15.302316 50
328 -1260.3887627334723 1186.6679855009365 -4.310759 15.302364 50
329 -1258.5015128487023 1177.4898282054119 -4.310842 15.302381 50
330 129.52578614528835 1203.3749591190724 -4.310608 15.314885 50
331 126.30657817746011 1194.0861980366196 -4.310692 15.314856 50
332 132.63390647402983 1160.580282351552 -4.310995 15.314913 50
333 147.06467549055745 1106.616950492916 -4.311483 15.315043 50
334 162.60548997726568 1052.10071050622 -4.311976 15.315183 50
335 177.14723170745512 1000.0172411428347 -4.312447 15.315314 50
336 190.3568849438484 950.4771243289348 -4.312895 15.315433 50
337 206.5636702733834 891.7588113785214 -4.313426 15.315579 50
338 222.43742492800183 837.0213953766003 -4.313921 15.315722 50
339 233.5379572827431 804.8424229752687 -4.314212 15.315822 50
340 245.63748974338736 756.6292647835489 -4.314648 15.315931 50
341 -626.4312963633449 1406.3986127051828 -4.308772 15.308075 50
342 -587.8009460374324 1416.6828808603516 -4.308679 15.308423 50
343 -411.41110885652216 1466.5557484167143 -4.308228 15.310012 50
344 -344.47393951455035 1484.9124175898964 -4.308062 15.310615 50
345 -292.3006725282106 1500.0621481460844 -4.307925 15.311085 50
346 -1067.684698314472 1465.2230318235393 -4.30824 15.3041 50
347 -1098.9885644914198 1456.1550258197926 -4.308322 15.303818 50
348 -1179.5793488654817 1433.5955079139435 -4.308526 15.303092 50
349 -1331.7692752316857 1391.5726383511396 -4.308906 15.301721 50
350 -1467.4193501622472 1368.3484752741185 -4.309116 15.300499 50
351 -1500.0552886012229 1363.150616097982 -4.309163 15.300205 50
352 1188.419515731309 1266.7293450455375 -4.310035 15.324424 50
353 1179.7608979178046 1260.315794888959 -4.310093 15.324346 50
354 1153.118736138732 1220.8389081725259 -4.31045 15.324106 50
355 1127.6977019162177 1183.573607276172 -4.310787 15.323877 50
356 1121.9252336127297 1174.3954987382826 -4.31087 15.323825 50
357 1089.5108522109822 1140.3371144646756 -4.311178 15.323533 50
358 1054.3213478976224 1107.4951381932133 -4.311475 15.323216 50
359 976.9491813978474 1056.4078548182172 -4.311937 15.322519 50
360 924.4428655989321 1034.2923358851006 -4.312137 15.322046 50
361 866.1642524250695 1013.1720685663091 -4.312328 15.321521 50
362 841.5207352413327 1004.436454192959 -4.312407 15.321299 50
363 834.749318926721 1002.0037492685567 -4.312429 15.321238 50
364 739.838535575176 969.162210188425 -4.312726 15.320383 50
365 -1500.0395499134565 475.8522411589898 -4.317187 15.300205 50
366 -1436.4335719865817 493.9885606769563 -4.317023 15.300778 50
367 -1428.6632081134464 496.31088447134033 -4.317002 15.300848 50
368 -1332.0886115022781 522.7412193593663 -4.316763 15.301718 50
369 -1287.9084895525991 534.9057673518354 -4.316653 15.302116 50
370 -1121.8443956221865 580.3567503503018 -4.316242 15.303612 50
371 -1117.5151826336917 581.5731939936212 -4.316231 15.303651 50
372 603.9695166123952 1360.9501738048803 -4.309183 15.319159 50
373 607.8547588857648 1361.0607264566702 -4.309182 15.319194 50
374 611.4069772746993 1360.7289591736203 -4.309185 15.319226 50
375 1017.135275579321 1201.2678996001478 -4.310627 15.322881 50
376 -290.8552228839661 814.2415923945938 -4.314127 15.311098 50
377 -273.7600856691789 757.0715004957797 -4.314644 15.311252 50
378 -262.3262912109811 703.7717065435775 -4.315126 15.311355 50
379 -243.1220660785129 640.9620046305623 -4.315694 15.311528 50
380 -230.13423867028726 592.9700763071585 -4.316128 15.311645 50
381 -229.24618313639223 589.8738229144084 -4.316156 15.311653 50
382 -215.37030117132815 532.5931265524785 -4.316674 15.311778 50
383 -201.7164864357572 490.79370602299093 -4.317052 15.311901 50
384 -182.9563704276047 424.77714948083104 -4.317649 15.31207 50
385 -165.97237849691362 361.5250984870911 -4.318221 15.312223 50
386 -151.43055886307317 312.6485131662122 -4.318663 15.312354 50
387 -136.1117178339324 263.77192600921603 -4.319105 15.312492 50
388 -118.68377974193707 206.159473049653 -4.319626 15.312649 50
389 -101.47786978976318 143.349728308405 -4.320194 15.312804 50
390 -90.48829342631333 95.24718959022174 -4.320629 15.312903 50
391 -67.62115800655852 24.807382133239706 -4.321266 15.313109 50
392 -52.635431061974245 -27.054899538238033 -4.321735 15.313244 50
393 -32.321477872409986 -89.97524058856892 -4.322304 15.313427 50
394 -18.556848956171464 -133.76514754458142 -4.3227 15.313551 50
395 -0.7960585538999823 -190.93530790560894 -4.323217 15.313711 50
396 16.52068765958311 -253.08159910258507 -4.323779 15.313867 50
397 33.393391360788854 -310.69409043146624 -4.3243 15.314019 50
398 48.60100539381236 -363.44103895806984 -4.324777 15.314156 50
399 66.02868564067221 -423.92863397470035 -4.325324 15.314313 50
400 79.34918549591555 -473.5793313508669 -4.325773 15.314433 50
401 96.33280756748489 -530.3071935160023 -4.326286 15.314586 50
402 111.9843576334651 -584.8234461327534 -4.326779 15.314727 50
403 130.4109789997686 -649.181379699115 -4.327361 15.314893 50
404 148.28255582038418 -710.9959634613086 -4.32792 15.315054 50
405 165.15508623912993 -764.2958436818623 -4.328402 15.315206 50
406 1231.713435467152 1354.5296761808788 -4.309241 15.324814 50
407 1355.4841050279992 1228.9082808387775 -4.310377 15.325929 50
408 1484.9157037028035 1101.185569913709 -4.311532 15.327095 50
409 1498.9022946659936 1087.9156566658974 -4.311652 15.327221 50
410 1500.0123365235725 1086.5886703408103 -4.311664 15.327231 50
411 -1242.0704657703557 1037.0527732748956 -4.312112 15.302529 50
412 -1245.5118748389477 1051.2070331813202 -4.311984 15.302498 50
413 -1247.3992330459716 1068.0152491007234 -4.311832 15.302481 50
414 -1248.6206376509226 1090.5736633801303 -4.311628 15.30247 50
415 -1250.7300872988812 1112.5791616038457 -4.311429 15.302451 50
416 -1252.506413455587 1127.5075094439878 -4.311294 15.302435 50
417 -1253.7278038528982 1148.9601178075113 -4.3111 15.302424 50
418 -1254.6160863695457 1164.4413813858098 -4.31096 15.302416 50
419 -815.9119930791808 558.244149064474 -4.316442 15.306368 50
420 -829.0111351917084 604.3561169896855 -4.316025 15.30625 50
421 -843.664458970172 658.8721896005756 -4.315532 15.306118 50
422 -857.7627791922777 714.1623284823503 -4.315032 15.305991 50
423 -873.3042008101381 769.7841909882204 -4.314529 15.305851 50
424 -884.9603321909174 816.4490654532256 -4.314107 15.305746 50
425 -902.6109139813252 872.5132211844037 -4.3136 15.305587 50
426 -916.3762543600598 924.5965146960343 -4.313129 15.305463 50
427 -927.4774205672824 973.2518374075554 -4.312689 15.305363 50
428 -958.7825486586776 1090.2457116919556 -4.311631 15.305081 50
429 -966.8863119567097 1115.236823548178 -4.311405 15.305008 50
430 -989.5325161310498 1188.9937869678222 -4.310738 15.304804 50
431 -998.9685245792706 1226.3699006686634 -4.3104 15.304719 50
432 -1015.9532845038858 1287.2995784774782 -4.309849 15.304566 50
433 -1041.5969607054008 1377.090666992903 -4.309037 15.304335 50
434 -1076.4546969418982 1500.0557901103894 -4.307925 15.304021 50
435 -1195.4449523077747 839.3354145754814 -4.3139 15.302949 50
436 -1187.896559304029 841.4365517409364 -4.313881 15.303017 50
437 -1019.2787561455144 894.5174236521498 -4.313401 15.304536 50
438 -824.4632899445788 952.6849234436645 -4.312875 15.306291 50
439 -794.8246667865931 960.7575882057373 -4.312802 15.306558 50
440 -676.9361780250688 995.8126514973856 -4.312485 15.30762 50
441 -537.0683460386663 1036.396720127397 -4.312118 15.30888 50
442 -522.637518115263 1038.608421754041 -4.312098 15.30901 50
443 -508.9837241458937 1039.0508274008955 -4.312094 15.309133 50
444 -502.9893737157738 1038.940282783249 -4.312095 15.309187 50
445 -494.6638969837623 1040.4884597112896 -4.312081 15.309262 50
446 -456.8107335596702 1049.003375542942 -4.312004 15.309603 50
447 -368.0056682016497 1078.197074944185 -4.31174 15.310403 50
448 -243.5674375400381 1108.8283381810634 -4.311463 15.311524 50
449 -89.93439416092343 1154.277247391083 -4.311052 15.312908 50
450 -67.06703318584063 1160.0274571746636 -4.311 15.313114 50
451 7.307414794801446 1178.826176666718 -4.31083 15.313784 50
452 32.172909679819234 1186.2350675429213 -4.310763 15.314008 50
453 78.0186781510582 1200.831669862025 -4.310631 15.314421 50
454 105.99237660452151 1210.894469141658 -4.31054 15.314673 50
455 114.09587368184089 1216.6446470054025 -4.310488 15.314746 50
456 121.75535803417023 1231.4624295225444 -4.310354 15.314815 50
457 -384.9874572569926 592.8589314794216 -4.316129 15.31025 50
458 -175.18646360596773 661.198415992575 -4.315511 15.31214 50
459 -43.42238322036313 699.5700416826676 -4.315164 15.313327 50
460 -3.1271941551972624 714.0561063345829 -4.315033 15.31369 50
461 35.61392327449304 727.4363467580433 -4.314912 15.314039 50
462 139.84868035632192 762.9325982693673 -4.314591 15.314978 50
463 188.24739604304253 785.1591966567561 -4.31439 15.315414 50
464 209.89361504470207 793.5632680909657 -4.314314 15.315609 50
465 1499.9917849122555 -71.07928325437639 -4.322133 15.327231 50
466 1427.7279028807689 -48.409010594004656 -4.321928 15.32658 50
467 1386.8782566604746 -35.580982008848274 -4.321812 15.326212 50
468 1328.8228714600352 -18.882380258114623 -4.321661 15.325689 50
469 1311.7281518996494 -14.790631357384521 -4.321624 15.325535 50
470 654.2566085692466 1486.016390233673 -4.308052 15.319612 50
471 1302.958765089534 -13.795270298997773 -4.321615 15.325456 50
472 1296.5204833346231 -12.910526508068534 -4.321607 15.325398 50
473 1212.156256554716 -37.679322991859806 -4.321831 15.324638 50
474 1121.7978045720959 -62.66928522847164 -4.322057 15.323824 50
475 1012.7905094875989 -92.41408358301669 -4.322326 15.322842 50
476 739.9395730874893 -168.93301478719286 -4.323018 15.320384 50
477 634.2626944463328 -198.67833200716234 -4.323287 15.319432 50
478 512.3791641138331 -232.29400233832095 -4.323591 15.318334 50
479 440.2259306952108 -253.19332611029503 -4.32378 15.317684 50
480 -268.53894916288243 -453.2328922063872 -4.325589 15.311299 50
481 -384.9825381078221 -485.7440372684173 -4.325883 15.31025 50
482 -1484.915212535537 -1089.5263002784773 -4.331343 15.300341 50
483 -1500.0117320360323 -1088.4207611445458 -4.331333 15.300205 50
484 1293.1904304968814 -6.386221146436804 -4.321548 15.325368 50
485 1287.7512328039836 -2.9581399811504596 -4.321517 15.325319 50
486 1269.4354783820231 2.902908248775244 -4.321464 15.325154 50
487 1220.4824548257193 18.937814456716417 -4.321319 15.324713 50
488 1184.0729379038426 30.881035723509022 -4.321211 15.324385 50
489 1146.2203284482432 41.71845506423503 -4.321113 15.324044 50
490 1116.5820808489307 51.6711044994249 -4.321023 15.323777 50
491 1107.3686872697708 54.43574036140657 -4.320998 15.323694 50
492 1119.8161306120285 1176.164815512039 -4.310854 15.323806 50
493 1134.3578009012022 1161.1256667990497 -4.31099 15.323937 50
494 1143.7931751131812 1147.0818098093678 -4.311117 15.324022 50
495 1150.1203148105187 1129.6099970989396 -4.311275 15.324079 50
496 1157.5573980728732 1103.402305180707 -4.311512 15.324146 50
497 1169.1014904552126 1060.7180535426999 -4.311898 15.32425 50
498 1181.4225297750413 1011.841278030083 -4.31234 15.324361 50
499 1186.8615877589393 993.4848299410868 -4.312506 15.32441 50
500 1188.19360571874 989.2827501773938 -4.312544 15.324422 50
501 1205.6207041743942 925.5881038212965 -4.31312 15.324579 50
502 1205.9536995014648 923.9293907367515 -4.313135 15.324582 50
503 1216.4987578908688 886.2212699088099 -4.313476 15.324677 50
504 1235.4797952232843 815.3388569844954 -4.314117 15.324848 50
505 1249.0217554506944 761.5965059692393 -4.314603 15.32497 50
506 1251.6857547683285 751.644216107512 -4.314693 15.324994 50
507 1258.6786022006827 715.5948493522682 -4.315019 15.325057 50
508 1259.7885753644948 709.7340630478271 -4.315072 15.325067 50
509 1269.2236058487356 677.5549782260655 -4.315363 15.325152 50
510 1273.2195853460332 661.8524781769535 -4.315505 15.325188 50
511 1281.4335936531595 633.2119880401847 -4.315764 15.325262 50
512 1289.3145567194983 603.1339546481247 -4.316036 15.325333 50
513 1293.3105407708422 588.2055173046509 -4.316171 15.325369 50
514 1304.1884329899508 543.8625432246795 -4.316572 15.325467 50
515 1314.5112986531633 500.40422043127404 -4.316965 15.32556 50
516 1319.506249091428 480.61022092172806 -4.317144 15.325605 50
517 1325.2781903527912 457.8305334783068 -4.31735 15.325657 50
518 1331.9381756832456 435.16141207095257 -4.317555 15.325717 50
519 1346.146111820782 385.51051089833913 -4.318004 15.325845 50
520 1413.6059110816966 -1500.0003094648919 -4.335055 15.326453 50
521 1402.5062243542288 -1462.4027146051535 -4.334715 15.326353 50
522 1361.7702961269651 -1323.9551178658414 -4.333463 15.325986 50
523 1357.996374346824 -1312.0123508520708 -4.333355 15.325952 50
524 1342.6786872120617 -1263.1354751289966 -4.332913 15.325814 50
525 1323.143079912037 -1199.5513152574663 -4.332338 15.325638 50
526 1303.274456076355 -1134.4190270858758 -4.331749 15.325459 50
527 1300.3884918316326 -1126.014856310043 -4.331673 15.325433 50
528 133.40704943733607 -1308.68411324937 -4.333325 15.31492 50
529 129.52192418321545 -1312.9967511000293 -4.333364 15.314885 50
530 124.74877345205542 -1316.535323525141 -4.333396 15.314842 50
531 120.5306422094641 -1318.5257684306098 -4.333414 15.314804 50
532 115.86849843355463 -1319.9633098715717 -4.333427 15.314762 50
533 109.76331169763264 -1320.8479466158042 -4.333435 15.314707 50
534 103.32511551732887 -1321.2902609411863 -4.333439 15.314649 50
535 -820.3333950423573 -1377.690297206428 -4.333949 15.306328 50
536 -822.3315862081989 -1364.1994817132318 -4.333827 15.30631 50
537 -822.5536295831346 -1360.4397429990547 -4.333793 15.306308 50
538 -823.1087067440226 -1354.247234030131 -4.333737 15.306303 50
539 -824.1078763699464 -1339.9823446121775 -4.333608 15.306294 50
540 -825.6621163109519 -1320.2990106313212 -4.33343 15.30628 50
541 -826.4392213504783 -1312.0054722619027 -4.333355 15.306273 50
542 -827.2163048079693 -1305.9235461682888 -4.3333 15.306266 50
543 -828.548518574491 -1288.341241837646 -4.333141 15.306254 50
544 -828.5486600696072 -1273.9657622529946 -4.333011 15.306254 50
545 -826.9947629965648 -1258.5950419648123 -4.332872 15.306268 50
546 -825.4408133069679 -1248.5321911005296 -4.332781 15.306282 50
547 -821.6668249258034 -1235.2624809204904 -4.332661 15.306316 50
548 -816.3387895336731 -1221.6610140683001 -4.332538 15.306364 50
549 -808.9016950807738 -1207.0643018574076 -4.332406 15.306431 50
550 -749.4047529442535 -1100.7957871195756 -4.331445 15.306967 50
551 -708.7780183370378 -1028.8074609017037 -4.330794 15.307333 50
552 -697.8998095444792 -1009.5663447895149 -4.33062 15.307431 50
553 67.47121443217213 -1086.4170081486002 -4.331315 15.314326 50
554 69.802284149737 -1095.5952004912992 -4.331398 15.314347 50
555 73.24338820778698 -1106.7638448187029 -4.331499 15.314378 50
556 76.35147922706284 -1119.2594563120379 -4.331612 15.314406 50
557 78.90455494227947 -1127.774165518911 -4.331689 15.314429 50
558 83.2336812266768 -1143.1448743048081 -4.331828 15.314468 50
559 88.11782398137987 -1158.40500333089 -4.331966 15.314512 50
560 94.2230018520574 -1175.7661656276257 -4.332123 15.314567 50
561 100.66118240787762 -1197.6611338448538 -4.332321 15.314625 50
562 106.76637054990965 -1202.6372688119034 -4.332366 15.31468 50
563 -737.5318708178628 -585.6006583291394 -4.326786 15.307074 50
564 -816.6777785743643 -604.9529912998541 -4.326961 15.306361 50
565 -926.5717105209468 -635.9166931721145 -4.327241 15.305371 50
566 -937.1170834070687 -638.9024857126981 -4.327268 15.305276 50
567 -1025.0321603511748 -664.0053031761877 -4.327495 15.304484 50
568 -1032.0254069899381 -665.6640973582435 -4.32751 15.304421 50
569 -1150.244470461859 -698.3974826500557 -4.327806 15.303356 50
570 -1254.3659708291818 -727.3710827019254 -4.328068 15.302418 50
571 -1412.1021141447147 -772.6010395496644 -4.328477 15.300997 50
572 -1461.0547331208784 -783.3281909717244 -4.328574 15.300556 50
573 -1500.017076114785 -788.3050014382133 -4.328619 15.300205 50
574 62.80907759618525 -1062.5315933501324 -4.331099 15.314284 50
575 56.7038909165447 -1036.4345658176471 -4.330863 15.314229 50
576 51.93074365997384 -1013.87611907108 -4.330659 15.314186 50
577 48.71164318608484 -998.1736711284857 -4.330517 15.314157 50
578 47.157596446020456 -986.6732872762253 -4.330413 15.314143 50
579 45.93656173315102 -973.4036139809614 -4.330293 15.314132 50
580 45.825565723012815 -959.0281352892692 -4.330163 15.314131 50
581 46.158587452772935 -940.4505939207374 -4.329995 15.314134 50
582 47.157630680279624 -925.5222129240494 -4.32986 15.314143 50
583 48.04566732114591 -915.9017008967568 -4.329773 15.314151 50
584 -849.7612618603358 -188.39623201426065 -4.323194 15.306063 50
585 -851.7592511688857 -198.12734369570003 -4.323282 15.306045 50
586 -858.3082988787351 -221.57049430092678 -4.323494 15.305986 50
587 -862.0823011756522 -237.38355665344307 -4.323637 15.305952 50
588 -868.6313497803939 -260.16322474883106 -4.323843 15.305893 50
589 -874.1813636422763 -281.8370772396383 -4.324039 15.305843 50
590 -877.8443509224188 -298.09246172187125 -4.324186 15.30581 50
591 -819.1122124019109 -1392.7292489273395 -4.334085 15.306339 50
592 -808.8999395815148 -1389.7434738407158 -4.334058 15.306431 50
593 -551.3728283505453 -1313.1090332804804 -4.333365 15.308751 50
594 -189.28003043841295 -1207.3923797699335 -4.332409 15.312013 50
595 45.60345994226435 -1140.1591691422698 -4.331801 15.314129 50
596 55.03876820551833 -1138.168723806954 -4.331783 15.314214 50
597 64.47407522059878 -1138.3898917049419 -4.331785 15.314299 50
598 73.90938073086326 -1140.2697697913525 -4.331802 15.314384 50
599 -669.3722319301196 -959.9154219487119 -4.330171 15.307688 50
600 -663.0451031005747 -948.4149891323068 -4.330067 15.307745 50
601 -659.9370434380895 -942.2224509294733 -4.330011 15.307773 50
602 -654.1649485956344 -928.5104110843213 -4.329887 15.307825 50
603 -651.0569166001795 -918.5581327069624 -4.329797 15.307853 50
604 -647.9489042806586 -905.9519199826676 -4.329683 15.307881 50
605 -646.5059314000216 -895.7784934138414 -4.329591 15.307894 50
606 -646.9500677124398 -880.0760511919524 -4.329449 15.30789 50
607 -647.7271846541672 -868.4650938720915 -4.329344 15.307883 50
608 -649.1703308248412 -856.1906580953628 -4.329233 15.30787 50
609 -651.3904814831736 -847.0124852242029 -4.32915 15.30785 50
610 -654.9426979255945 -835.6227107202513 -4.329047 15.307818 50
611 -658.3838931537406 -826.5551281593831 -4.328965 15.307787 50
612 -664.7113109484051 -802.6697678871294 -4.328749 15.30773 50
613 -670.3726822869131 -781.9912403327843 -4.328562 15.307679 50
614 -679.5862806568659 -749.8123593990936 -4.328271 15.307596 50
615 -690.2429764469176 -713.2102675349544 -4.32794 15.3075 50
616 -703.0087985690704 -672.1849709398878 -4.327569 15.307385 50
617 -723.101190736291 -599.0913661535247 -4.326908 15.307204 50
618 -729.0955609682467 -583.278392525676 -4.326765 15.30715 50
619 -745.8576630647024 -532.853787686563 -4.326309 15.306999 50
620 -751.7410634559006 -514.1657194804195 -4.32614 15.306946 50
621 -759.8447270439647 -476.4578096995082 -4.325799 15.306873 50
622 -765.284204724729 -448.03864655608805 -4.325542 15.306824 50
623 -771.6117609822348 -415.41742958596086 -4.325247 15.306767 50
624 -780.0484045540882 -383.3491357511818 -4.324957 15.306691 50
625 -785.8208368097114 -362.67061890841035 -4.32477 15.306639 50
626 -790.1501439471401 -349.1798273613577 -4.324648 15.3066 50
627 -799.4748502337968 -315.89515779581524 -4.324347 15.306516 50
628 -814.5720057388243 -262.37429746910937 -4.323863 15.30638 50
629 -825.2288462475217 -223.228873195155 -4.323509 15.306284 50
630 -830.3352539802592 -204.31964302805974 -4.323338 15.306238 50
631 -837.3287774732922 -182.31417556009515 -4.323139 15.306175 50
632 -842.8792232196499 -162.07798371954962 -4.322956 15.306125 50
633 -845.876481853488 -149.47182704324968 -4.322842 15.306098 50
634 -849.9838051761824 -135.42813408692487 -4.322715 15.306061 50
635 -856.8662682572149 -119.94692191440244 -4.322575 15.305999 50
636 -860.6405505958672 -108.77832136441319 -4.322474 15.305965 50
637 -864.4148554528339 -95.50868993204 -4.322354 15.305931 50
638 -873.6285325807552 -70.07525074088402 -4.322124 15.305848 50
639 -875.4046690962654 -64.65682060381191 -4.322075 15.305832 50
640 -880.4000556350106 -49.28617163984059 -4.321936 15.305787 50
641 -883.5082953398968 -39.88685466129057 -4.321851 15.305759 50
642 -886.2835216818191 -30.3769537393375 -4.321765 15.305734 50
643 -895.164233511181 -1.5155157923078733 -4.321504 15.305654 50
644 -901.7137665126753 20.158208255576124 -4.321308 15.305595 50
645 -910.150480118578 50.12545481415259 -4.321037 15.305519 50
646 -921.6954206155984 86.94866229467455 -4.320704 15.305415 50
647 -932.0192838362213 121.11794750444213 -4.320395 15.305322 50
648 -936.1266247583387 134.27699074753903 -4.320276 15.305285 50
649 -944.1193245146225 162.8066905196578 -4.320018 15.305213 50
650 -951.1129602111301 189.45653081641905 -4.319777 15.30515 50
651 -958.3285784652878 213.2312728920555 -4.319562 15.305085 50
652 -962.5469018349036 223.6257989286943 -4.319468 15.305047 50
653 -968.541318016932 234.46262666390712 -4.31937 15.304993 50
654 -976.3118303457346 245.96291686424416 -4.319266 15.304923 50
655 -986.4134618149225 257.68434025358005 -4.31916 15.304832 50
656 -995.8490645932108 269.51635083465624 -4.319053 15.304747 50
657 -1010.2799656034051 285.4397818883999 -4.318909 15.304617 50
658 -1026.37601915802 306.67105766274085 -4.318717 15.304472 50
659 -1034.701576331065 318.39249667742246 -4.318611 15.304397 50
660 -1039.3639283269772 328.1235297317418 -4.318523 15.304355 50
661 -1042.8052271122604 338.407480458001 -4.31843 15.304324 50
662 -1046.3575391511276 349.2443324983374 -4.318332 15.304292 50
663 -1050.686904944654 361.18698040100566 -4.318224 15.304253 50
664 -1051.2419631511552 363.61974605071396 -4.318202 15.304248 50
665 -1059.123789783836 397.89962435671373 -4.317892 15.304177 50
666 -1069.669781483435 433.94875701877794 -4.317566 15.304082 50
667 -1076.5524324621679 457.39175007206444 -4.317354 15.30402 50
668 -1084.3231743454992 484.0415674849833 -4.317113 15.30395 50
669 -1098.088477650069 529.4900025542785 -4.316702 15.303826 50
670 -1113.0749636437886 582.7896388784458 -4.31622 15.303691 50
671 -1130.0596287273022 640.0701453756687 -4.315702 15.303538 50
672 -1145.0461722901377 694.6967412720974 -4.315208 15.303403 50
673 -1158.1454694097522 737.4912397054627 -4.314821 15.303285 50
674 -1175.0191943009158 795.1034780954491 -4.3143 15.303133 50
675 -1202.6611409955326 894.5150099215504 -4.313401 15.302884 50
676 -867.8439338178231 -1268.3265459327463 -4.33296 15.3059 50
677 -865.9567797614441 -1277.6152979592387 -4.333044 15.305917 50
678 -863.5146067671554 -1287.1252055901584 -4.33313 15.305939 50
679 -855.8551607760138 -1307.803702126663 -4.333317 15.306008 50
680 -1067.8932055238636 395.5773218914247 -4.317913 15.304098 50
681 -1060.0113908131193 362.51383066497357 -4.318212 15.304169 50
682 -1059.345325390237 359.97048589459615 -4.318235 15.304175 50
683 -1053.1288017266934 343.0517362861278 -4.318388 15.304231 50
684 -1048.7994543623681 332.5466358885026 -4.318483 15.30427 50
685 -1043.9150872331302 322.5944449678912 -4.318573 15.304314 50
686 -1038.0316674750127 312.31052431589 -4.318666 15.304367 50
687 -1032.259287090789 304.6805356114953 -4.318735 15.304419 50
688 -1015.8301960348306 281.790556360604 -4.318942 15.304567 50
689 -999.9561712386212 261.4439204052808 -4.319126 15.30471 50
690 -989.0774799401338 248.06379914630116 -4.319247 15.304808 50
691 -980.529934146295 237.1164220292773 -4.319346 15.304885 50
692 -976.422661891624 230.9239574749921 -4.319402 15.304922 50
693 -970.8722716377226 220.5294474830156 -4.319496 15.304972 50
694 -967.8750079291149 210.2454884367212 -4.319589 15.304999 50
695 -945.7841095851919 136.48849462641863 -4.320256 15.305198 50
696 -943.5639160231647 128.63729849682719 -4.320327 15.305218 50
697 108.76444321370018 -1195.560112303152 -4.332302 15.314698 50
698 106.54438364323713 -1186.7136606614522 -4.332222 15.314678 50
699 103.65830645656473 -1174.439209370955 -4.332111 15.314652 50
700 96.88710953725035 -1156.5251425826934 -4.331949 15.314591 50
701 94.00102447530597 -1149.1162385001717 -4.331882 15.314565 50
702 89.11688447185378 -1131.7550775968734 -4.331725 15.314521 50
703 84.78775622593366 -1118.8171419312819 -4.331608 15.314482 50
704 80.90264127518799 -1105.8792069473582 -4.331491 15.314447 50
705 76.90652064951885 -1093.825916939341 -4.331382 15.314411 50
706 73.79842557464823 -1084.979465543901 -4.331302 15.314383 50
707 -853.0799706957822 -1318.198251647028 -4.333411 15.306033 50
708 -850.0827902104846 -1327.0446704589513 -4.333491 15.30606 50
709 -847.418649356923 -1333.0159967877316 -4.333545 15.306084 50
710 -843.4224476483212 -1341.0883415438077 -4.333618 15.30612 50
711 -841.2022890091833 -1350.266510322093 -4.333701 15.30614 50
712 -837.206720054849 -1294.8655834090969 -4.3332 15.306176 50
713 -844.7550293700285 -1287.1250157493716 -4.33313 15.306108 50
714 -849.1952128857803 -1282.4806745900098 -4.333088 15.306068 50
715 -854.3014365420121 -1275.9564700017563 -4.333029 15.306022 50
716 -858.0756050562258 -1270.8698001338146 -4.332983 15.305988 50
717 -861.7387626570252 -1266.5571935895664 -4.332944 15.305955 50
718 -874.7369950553762 -223.2293717598403 -4.323509 15.305838 50
719 -923.1349407513485 -237.38420230796166 -4.323637 15.305402 50
720 -1030.4762099343327 -267.7951060511652 -4.323912 15.304435 50
721 -1142.1465569834293 -300.307236170391 -4.324206 15.303429 50
722 -1258.4789973193083 -333.9253895557221 -4.32451 15.302381 50
723 -1288.450104785348 -343.9886753899539 -4.324601 15.302111 50
724 -878.7323748536705 -299.41943802361004 -4.324198 15.305802 50
725 -884.3935018303641 -310.25639483200354 -4.324296 15.305751 50
726 -892.718721161608 -322.86266960634697 -4.32441 15.305676 50
727 -896.0488206478839 -326.7330255115803 -4.324445 15.305646 50
728 -900.3779583756836 -330.9351339704547 -4.324483 15.305607 50
729 -909.5912868654088 -336.4642622215122 -4.324533 15.305524 50
730 -922.24575744245 -342.1040096043516 -4.324584 15.30541 50
731 -961.763273116496 -354.71063786865443 -4.324698 15.305054 50
732 -1003.2788760244707 -365.99034131629793 -4.3248 15.30468 50
733 -1014.4902890868137 -370.5242795239767 -4.324841 15.304579 50
734 -1027.1447246080088 -378.0439127149821 -4.324909 15.304465 50
735 -1038.1340983379678 -384.78946318590596 -4.32497 15.304366 50
736 -828.1036019082825 -1380.123146601667 -4.333971 15.306258 50
737 418.692813963205 111.72270573688226 -4.32048 15.31749 50
738 539.6887634882879 145.670256025418 -4.320173 15.31858 50
739 831.7445927203421 234.57466611798557 -4.319369 15.321211 50
740 1081.8407341006073 307.22326784322826 -4.318712 15.323464 50
741 1179.1929734882783 336.08349322086644 -4.318451 15.324341 50
742 1272.7710640483706 363.2849545408908 -4.318205 15.325184 50
743 1417.856117035044 407.9571924732874 -4.317801 15.326491 50
744 1426.9586192430806 410.27923104000297 -4.31778 15.326573 50
745 1500.0007113137804 431.39885332865964 -4.317589 15.327231 50
746 -1020.4843862322716 -383.1305390889252 -4.324955 15.304525 50
747 -1000.8366442590908 -376.9377907588013 -4.324899 15.304702 50
748 -928.5728697417817 -356.0372332774599 -4.32471 15.305353 50
749 -891.4974323423726 -345.31051633034286 -4.324613 15.305687 50
750 -864.4123787073413 -337.2378515639755 -4.32454 15.305931 50
751 -838.9923669504435 -331.4874044120896 -4.324488 15.30616 50
752 55.371788136714144 -1124.3461479329032 -4.331658 15.314217 50
753 50.15461689883768 -1125.2307895402485 -4.331666 15.31417 50
754 44.60443476269819 -1126.3365925106161 -4.331676 15.31412 50
755 -193.1651841756697 -1194.1227153304224 -4.332289 15.311978 50
756 -555.3690376861487 -1299.8393859474554 -4.333245 15.308715 50
757 -772.713113525001 -1363.2037873442316 -4.333818 15.306757 50
758 -814.1172285843966 -1375.8103665747426 -4.333932 15.306384 50
759 1500.0177365733546 1391.2380743957006 -4.308909 15.327231 50
760 1436.1898022726532 1453.3854483323757 -4.308347 15.326656 50
761 1390.5666841357036 1500.051199682352 -4.307925 15.326245 50
762 651.3703789843838 1480.0450634696915 -4.308106 15.319586 50
763 659.4740499277415 1500.0600779994477 -4.307925 15.319659 50
764 -801.9175527548224 -252.86424577806548 -4.323777 15.306494 50
765 -793.1482303099756 -247.0033917972098 -4.323724 15.306573 50
766 -784.7119138281006 -241.91660593945406 -4.323678 15.306649 50
767 -762.5110410761481 -232.40647198811604 -4.323592 15.306849 50
768 -724.6584914778348 -222.01156337626844 -4.323498 15.30719 50
769 997.1394670612322 -36.460122556166866 -4.32182 15.322701 50
770 964.7273130898194 79.42870208312748 -4.320772 15.322409 50
771 950.4083050115449 138.47889307061538 -4.320238 15.32228 50
772 932.8700721868265 193.10589340851658 -4.319744 15.322122 50
773 247.3025745526383 754.307068161306 -4.314669 15.315946 50
774 583.6425113727001 -483.5335653197885 -4.325863 15.318976 50
775 574.4293500487422 -452.6815167507007 -4.325584 15.318893 50
776 566.8812369445717 -423.8199312181567 -4.325323 15.318825 50
777 560.4431271080416 -400.5979640512244 -4.325113 15.318767 50
778 546.2348875698806 -346.9662845965396 -4.324628 15.318639 50
779 530.0285476272088 -292.8922732705093 -4.324139 15.318493 50
780 498.8369359915083 -171.69576012424562 -4.323043 15.318212 50
781 483.1855699510488 -115.2995710199685 -4.322533 15.318071 50
782 467.20116049828863 -60.23035070941638 -4.322035 15.317927 50
783 451.66076299511593 -2.8389443224705584 -4.321516 15.317787 50
784 436.453335857596 49.90807236750928 -4.321039 15.31765 50
785 594.9577880685616 -1499.9905686773577 -4.335055 15.319078 50
786 599.5089852031981 -1490.3700871994888 -4.334968 15.319119 50
787 621.3769942437284 -1437.7338719825796 -4.334492 15.319316 50
788 646.7971876392294 -1378.3522726563601 -4.333955 15.319545 50
789 1450.2369452919036 -1500.0009309196705 -4.335055 15.326783 50
790 1388.3004071058504 -1305.3780070943922 -4.333295 15.326225 50
791 1340.1278239458966 -1123.9144463575376 -4.331654 15.325791 50
792 -1500.0334105046031 130.17737142526016 -4.320313 15.300205 50
793 -1489.0432206840992 92.35900844023263 -4.320655 15.300304 50
794 -1480.2732916519662 62.944728785142956 -4.320921 15.300383 50
795 -1472.1694401187515 35.852628571762196 -4.321166 15.300456 50
796 -1455.6287048927757 -20.211438850965397 -4.321673 15.300605 50
797 -1438.9769921636753 -75.94376662177608 -4.322177 15.300755 50
798 -1421.9922585449501 -133.33480156241558 -4.322696 15.300908 50
799 -1404.8965246298492 -191.83164470342115 -4.323225 15.301062 50
800 -1388.6889180672251 -246.34760557621556 -4.323718 15.301208 50
801 -1372.2592887305295 -302.96459782252174 -4.32423 15.301356 50
802 -1357.2726971228358 -362.34613194945564 -4.324767 15.301491 50
803 -1338.733950879847 -423.60748318691856 -4.325321 15.301658 50
804 -1307.6509474529105 -535.0722336416981 -4.326329 15.301938 50
805 -1291.4433572238531 -596.8865367891093 -4.326888 15.302084 50
806 -1273.0156489784627 -662.4605507037876 -4.327481 15.30225 50
807 -1237.7145211739414 -783.6563621815906 -4.328577 15.302568 50
808 -1235.8272928966296 -794.4932333888802 -4.328675 15.302585 50
809 -1224.8373166305798 -833.9703478299232 -4.329032 15.302684 50
810 -1223.838205024157 -839.1676216202708 -4.329079 15.302693 50
811 -1209.8510317545572 -885.7218535742965 -4.3295 15.302819 50
812 -1198.5279623531765 -932.6078679154812 -4.329924 15.302921 50
813 -1192.4225077346 -949.6371944968248 -4.330078 15.302976 50
814 1295.837552406158 -1112.413371475687 -4.33155 15.325392 50
815 1258.5420675392913 -995.9714280110284 -4.330497 15.325056 50
816 1256.6550920420807 -990.0000471984314 -4.330443 15.325039 50
817 1291.0641430247583 -1128.8898089919214 -4.331699 15.325349 50
818 1298.057050848876 -1149.6790707270545 -4.331887 15.325412 50
819 1313.7077470228103 -1201.6521994694635 -4.332357 15.325553 50
820 1321.5885878387858 -1227.7493466206204 -4.332593 15.325624 50
821 1346.451971296932 -1315.2190036749944 -4.333384 15.325848 50
822 1398.5097605421495 -1483.412965435713 -4.334905 15.326317 50
823 1403.8376352840673 -1500.0001464285674 -4.335055 15.326365 50
824 792.9880644424584 -1427.6724738232067 -4.334401 15.320862 50
825 819.5184688137123 -1362.7619063692648 -4.333814 15.321101 50
826 862.6997020246226 -1270.7592666589123 -4.332982 15.32149 50
827 867.2510070347511 -1254.8357052046179 -4.332838 15.321531 50
828 868.9162072996162 -1240.4602428449084 -4.332708 15.321546 50
829 868.6943007556231 -1230.7291467789628 -4.33262 15.321544 50
830 867.8063184234535 -1226.3059132046578 -4.33258 15.321536 50
831 863.1444119078899 -1202.862775938681 -4.332368 15.321494 50
832 740.1506099483702 -1418.1620610159484 -4.334315 15.320386 50
833 114.98069421033618 -1156.856907119776 -4.331952 15.314754 50
834 135.29433790089317 -1165.039902334435 -4.332026 15.314937 50
835 145.50665909570475 -1169.684304924104 -4.332068 15.315029 50
836 174.81157832227765 -1181.1847439466774 -4.332172 15.315293 50
837 231.20132311747076 -1203.8539046568906 -4.332377 15.315801 50
838 409.13962467573833 -1276.3954606193547 -4.333033 15.317404 50
839 414.9117911207639 -1278.8282622634013 -4.333055 15.317456 50
840 745.9228737094195 -1407.43579215824 -4.334218 15.320438 50
841 732.047521271714 -1401.132575619082 -4.334161 15.320313 50
842 650.682391935961 -1366.8519186337503 -4.333851 15.31958 50
843 626.5947432424198 -1357.452384180658 -4.333766 15.319363 50
844 419.01896475350406 -1269.4289305305556 -4.33297 15.317493 50
845 413.2467977820858 -1266.9961286102343 -4.332948 15.317441 50
846 233.42142493409972 -1192.5746885180404 -4.332275 15.315821 50
847 178.8077298645503 -1170.1266913410973 -4.332072 15.315329 50
848 140.28951791047103 -1153.6501077221678 -4.331923 15.314982 50
849 118.7548338694028 -1144.3613035075998 -4.331839 15.314788 50
850 967.151302846203 -1499.994012901022 -4.335055 15.322431 50
851 895.1105807588985 -1470.5787740789985 -4.334789 15.321782 50
852 806.1973928203461 -1433.5333715877184 -4.334454 15.320981 50
853 762.6842985367709 -1414.8448431685233 -4.334285 15.320589 50
854 72.6883533217262 -1126.0048701986004 -4.331673 15.314373 50
855 64.1410750773369 -1124.3461541414263 -4.331658 15.314296 50
856 61.92104325254662 -1068.8346873045898 -4.331156 15.314276 50
857 69.5802960881597 -1072.2626920978892 -4.331187 15.314345 50
858 67.5822339988649 -1066.623079502618 -4.331136 15.314327 50
859 68.80324479474093 -1103.3358422305407 -4.331468 15.314338 50
860 66.69417149185112 -1108.0908066877066 -4.331511 15.314319 50
861 63.03104711574459 -1113.1775118523371 -4.331557 15.314286 50
862 58.479894060960724 -1118.2642165614666 -4.331603 15.314245 50
863 54.59476457543034 -1121.4710516045332 -4.331632 15.31421 50
864 111.09554611579375 -1173.8863157838186 -4.332106 15.314719 50
865 116.31272108958441 -1168.5784535483185 -4.332058 15.314766 50
866 121.75189956522361 -1166.2562684178354 -4.332037 15.314815 50
867 126.08104022350297 -1165.4822105069654 -4.33203 15.314854 50
868 -1263.8296160160658 1163.0036968055445 -4.310973 15.302333 50
869 -1263.607386398282 1148.5176482876277 -4.311104 15.302335 50
870 -1262.719005022582 1126.512132337086 -4.311303 15.302343 50
871 -1261.830713156914 1110.4779659391852 -4.311448 15.302351 50
872 -1259.4992492390288 1088.5830518441442 -4.311646 15.302372 50
873 -1257.6118158476083 1066.9092920448002 -4.311842 15.302389 50
874 -1255.3914230370735 1049.2164368907122 -4.312002 15.302409 50
875 -1252.060999225562 1033.7352091094642 -4.312142 15.302439 50
876 -837.2162965322262 -331.0450644193539 -4.324484 15.306176 50
877 -826.4489036242649 -324.85244530997267 -4.324428 15.306273 50
878 -818.5676118197326 -320.6503061246753 -4.32439 15.306344 50
879 -809.4652516605448 -318.10686479344366 -4.324367 15.306426 50
880 -440.2693387453786 774.7636857542666 -4.314484 15.309752 50
881 -17.558017732538225 891.9802234234995 -4.313424 15.31356 50
882 94.11433975594375 923.6062116943715 -4.313138 15.314566 50
883 -348.8032773531098 1500.0619335644162 -4.307925 15.310576 50
884 -291.18985578137773 1283.2137103096738 -4.309886 15.311095 50
885 -1.462105545714162 838.6803968280907 -4.313906 15.313705 50
886 15.521835343218495 784.4959217962502 -4.314396 15.313858 50
887 -946.0213768761594 1500.057352781857 -4.307925 15.305196 50
888 688.3314333457475 952.0226600570563 -4.312881 15.319919 50
889 559.4528997547034 929.9075017365539 -4.313081 15.318758 50
890 550.3506005657695 963.7452112608067 -4.312775 15.318676 50
891 542.1363156907152 992.9385305738331 -4.312511 15.318602 50
892 526.5957422891905 1045.132649705972 -4.312039 15.318462 50
893 510.7221573796885 1101.8605698271856 -4.311526 15.318319 50
894 494.29348179044405 1152.3959786501703 -4.311069 15.318171 50
895 478.0868230433884 1207.0228625759241 -4.310575 15.318025 50
896 462.6571949495176 1262.423802152337 -4.310074 15.317886 50
897 445.5624527017494 1319.4834550427158 -4.309558 15.317732 50
898 432.46387603935347 1364.7109652126487 -4.309149 15.317614 50
899 418.25523757036706 1414.3616999336095 -4.3087 15.317486 50
900 394.3891382962274 1500.0617328737276 -4.307925 15.317271 50
901 85.45546211598516 543.5408341093547 -4.316575 15.314488 50
902 88.78562530776549 532.4827740614875 -4.316675 15.314518 50
903 48.2685837695572 672.5883819316696 -4.315408 15.314153 50
904 47.93556226805319 666.3958706253596 -4.315464 15.31415 50
905 61.36725145535347 617.6298335569122 -4.315905 15.314271 50
906 77.46307024425734 573.7293362133082 -4.316302 15.314416 50
907 93.77882043249161 -1325.8240549342866 -4.33348 15.314563 50
908 100.99403527482238 -1329.141481657038 -4.33351 15.314628 50
909 135.8490667067074 -1344.1804939907956 -4.333646 15.314942 50
910 -798.7988739812457 -1365.1944812441402 -4.333836 15.306522 50
911 -806.7911221087925 -1364.1993317349768 -4.333827 15.30645 50
912 -814.4503775961742 -1361.434889943902 -4.333802 15.306381 50
913 -820.1115856371259 -1357.454042658202 -4.333766 15.30633 50
914 -744.9723940081576 -219.6895479118567 -4.323477 15.307007 50
915 -766.7293081261813 -223.1177409269429 -4.323508 15.306811 50
916 -840.1035248930258 -219.91160234351332 -4.323479 15.30615 50
917 -798.5757109500169 -1487.0543173991039 -4.334938 15.306524 50
918 -839.203004988835 -1473.010973249129 -4.334811 15.306158 50
919 336.22058443398 1287.8579258197426 -4.309844 15.316747 50
920 590.4266602284952 1358.849239319926 -4.309202 15.319037 50
921 597.0870849490286 1360.397320059942 -4.309188 15.319097 50
922 112.31652118061587 -1221.9888828723108 -4.332541 15.31473 50
923 116.97864466105923 -1239.018303304246 -4.332695 15.314772 50
924 127.19090944019115 -1275.7310811436216 -4.333027 15.314864 50
925 131.52001203787418 -1295.746178604561 -4.333208 15.314903 50
926 132.40802972007572 -1301.8281136859016 -4.333263 15.314911 50
927 134.18405976382232 -1317.0882410629802 -4.333401 15.314927 50
928 135.9600593313312 -1350.8153309919771 -4.333706 15.314943 50
929 136.2930139984284 -1384.9847413074554 -4.334015 15.314946 50
930 130.29871417139216 -1463.9392912691474 -4.334729 15.314892 50
931 128.07859561232175 -1499.9885689266257 -4.335055 15.314872 50
932 1242.148657496119 1393.6750351038434 -4.308887 15.324908 50
933 1247.032938451909 1392.016254963126 -4.308902 15.324952 50
934 1196.1900587092923 1271.5947792635616 -4.309991 15.324494 50
935 1298.8748361963121 1500.0526604750185 -4.307925 15.325419 50
936 1294.8784663202334 1492.5332452773139 -4.307993 15.325383 50
937 1260.576158735805 1417.1178365983665 -4.308675 15.325074 50
938 1200.8525710112401 1287.6288920491756 -4.309846 15.324536 50
939 1197.7442037200224 1275.1333346625017 -4.309959 15.324508 50
940 1197.0781285969852 1272.7005721231387 -4.309981 15.324502 50
941 1306.968574506996 866.9789006833693 -4.31365 15.325492 50
942 1291.2050538463873 825.5114342656614 -4.314025 15.32535 50
943 1271.5562288813262 777.0774478451829 -4.314463 15.325173 50
944 1268.114930989006 769.889763250099 -4.314528 15.325142 50
945 1263.119559667473 763.4761656909639 -4.314586 15.325097 50
946 1109.3816180498488 1184.7902360230692 -4.310776 15.323712 50
947 304.4715453646864 984.0932782241819 -4.312591 15.316461 50
948 414.25702590918326 1013.8389795630268 -4.312322 15.31745 50
949 678.2309599988373 1089.916690629351 -4.311634 15.319828 50
950 738.7297020425276 1110.041842930564 -4.311452 15.320373 50
951 812.8823181368164 1133.7053989425685 -4.311238 15.321041 50
952 874.2691695132219 1153.1669620123112 -4.311062 15.321594 50
953 896.4705674112474 1160.0227231333174 -4.311 15.321794 50
954 1043.9989256988495 1203.8109241864274 -4.310604 15.323123 50
955 1054.766574851024 1203.8107903168057 -4.310604 15.32322 50
956 1068.0873472146468 1201.3778507693094 -4.310626 15.32334 50
957 1086.9584261089592 1196.8438074284877 -4.310667 15.32351 50
958 -847.4169679330051 -1499.9927258279283 -4.335055 15.306084 50
959 -833.3200394983056 -1452.5535009434163 -4.334626 15.306211 50
960 -826.3270540854165 -1430.5478896395757 -4.334427 15.306274 50
961 -823.5520891935217 -1418.7157366639367 -4.33432 15.306299 50
962 -821.3321279385447 -1408.0999759727447 -4.334224 15.306319 50
963 -820.6661450601837 -1404.3402285833686 -4.33419 15.306325 50
964 -823.008301105878 -269.23037573765305 -4.323925 15.306304 50
965 1257.4322425021433 -981.7065133725555 -4.330368 15.325046 50
966 1259.6524197379347 -974.9611295632953 -4.330307 15.325066 50
967 1263.4266477110605 -968.4369302798132 -4.330248 15.3251 50
968 1233.4555619196676 -971.8644857220494 -4.330279 15.32483 50
969 1238.5616698566544 -976.5089459082308 -4.330321 15.324876 50
970 1244.6667821856643 -983.1438720285875 -4.330381 15.324931 50
971 254.62889213256864 725.9984229066811 -4.314925 15.316012 50
972 253.62984980883923 730.089906663439 -4.314888 15.316003 50
973 -883.952028338419 -67.31084366345007 -4.322099 15.305755 50
974 -753.854582730149 -17.880061382429968 -4.321652 15.306927 50
975 -547.8297162240405 71.13889414306782 -4.320847 15.308783 50
976 -429.38736634880115 111.39091027534096 -4.320483 15.30985 50
977 -262.87964911470095 166.35013986387307 -4.319986 15.31135 50
978 -101.14493521865361 211.24620234437256 -4.31958 15.312807 50
979 161.16095388598282 290.75354177358264 -4.318861 15.31517 50
980 276.3847649538104 323.5956731377394 -4.318564 15.316208 50
981 357.3078993721 346.596128273759 -4.318356 15.316937 50
982 472.7538763950866 379.8803124585133 -4.318055 15.317977 50
983 1120.362941471667 555.5867234042233 -4.316466 15.323811 50
984 687.76180694691 -839.2721316238176 -4.32908 15.319914 50
985 681.9897981663686 -814.6126106473683 -4.328857 15.319862 50
986 672.3326946421911 -783.5393843292649 -4.328576 15.319775 50
987 654.461473917707 -727.3642991681156 -4.328068 15.319614 50
988 633.9262342777057 -657.0348819477331 -4.327432 15.319429 50
989 815.9687677931091 -1114.6189804012834 -4.33157 15.321069 50
990 732.1623007671609 -966.8825213692834 -4.330234 15.320314 50
991 723.1711474014951 -948.5260634809215 -4.330068 15.320233 50
992 715.8450249283779 -932.9341358287868 -4.329927 15.320167 50
993 700.3048626868276 -887.0430549990978 -4.329512 15.320027 50
994 690.4258061615061 -851.104277784043 -4.329187 15.319938 50
995 1024.4653333205715 1500.0564371334435 -4.307925 15.322947 50
996 974.5121468973623 1500.0570286499023 -4.307925 15.322497 50
997 596.0747742361127 -517.260733223641 -4.326168 15.319088 50
998 594.2987773794084 -506.7555642888719 -4.326073 15.319072 50
999 -939.6843306900203 632.0000983917175 -4.315775 15.305253 50
1000 -719.6710737757884 693.1533121857215 -4.315222 15.307235 50
1001 -602.0049304463272 726.9918851874961 -4.314916 15.308295 50
1002 -838.0938653282657 -1383.4406636446854 -4.334001 15.306168 50
1003 -851.0812144209106 -1386.9793732698483 -4.334033 15.306051 50
1004 -1103.7237067117296 -1461.955956185393 -4.334711 15.303775 50
1005 -1215.3924333623668 -1495.0210947094363 -4.33501 15.302769 50
1006 -1232.3758410965488 -1499.9974687457504 -4.335055 15.302616 50
1007 -1184.200480601104 -1499.9967790831538 -4.335055 15.30305 50
1008 -1099.8384232270669 -1475.1149988245363 -4.33483 15.30381 50
1009 -846.4189452212738 -1400.02783892749 -4.334151 15.306093 50
1010 -834.3196230286757 -1396.599719398754 -4.33412 15.306202 50
1011 -1500.0239236151015 -403.48452788465795 -4.325139 15.300205 50
1012 -885.7335175649008 448.3263615764936 -4.317436 15.305739 50
1013 -669.3839002318152 510.69579483696776 -4.316872 15.307688 50
1014 -550.9409471231343 544.0919821114246 -4.31657 15.308755 50
1015 -375.44076880393015 551.9441653780191 -4.316499 15.310336 50
1016 -374.219687937558 548.1844315645285 -4.316533 15.310347 50
1017 -358.2346135848331 492.8942176260666 -4.317033 15.310491 50
1018 -345.0247461204272 448.3303037643972 -4.317436 15.31061 50
1019 -327.0415929767219 389.05919015848406 -4.317972 15.310772 50
1020 -307.1713357668415 320.16756897871755 -4.318595 15.310951 50
1021 -295.51558064521595 270.4063528443625 -4.319045 15.311056 50
1022 -280.64067999295156 219.87108123559963 -4.319502 15.31119 50
1023 -245.1186140838453 103.65100610334875 -4.320553 15.31151 50
1024 -231.57584025822092 54.995589775646124 -4.320993 15.311632 50
1025 -214.92487697816364 -17.876968519997536 -4.321652 15.311782 50
1026 -655.4048377127214 1500.0601096945454 -4.307925 15.307814 50
1027 -649.4103017852985 1480.0450785730482 -4.308106 15.307868 50
1028 -642.0836667225027 1457.7078657332029 -4.308308 15.307934 50
1029 -617.1065151160519 1379.417029302406 -4.309016 15.308159 50
1030 -604.895463506039 1338.8340586427298 -4.309383 15.308269 50
1031 -593.5725137903315 1303.3377845596926 -4.309704 15.308371 50
1032 -584.0257071707066 1271.4906543332813 -4.309992 15.308457 50
1033 -539.6219576628031 1108.9375452068166 -4.311462 15.308857 50
1034 -534.5155423080383 1091.0235285880394 -4.311624 15.308903 50
1035 -513.7568367737352 1011.7374020790663 -4.312341 15.30909 50
1036 -506.3192701618915 989.1790142164755 -4.312545 15.309157 50
1037 -492.22112763936656 932.7830150118183 -4.313055 15.309284 50
1038 -476.2359223046569 880.8102455500948 -4.313525 15.309428 50
1039 -458.14161276563976 827.7316782549773 -4.314005 15.309591 50
1040 -424.173165193969 718.0359407669703 -4.314997 15.309897 50
1041 -410.6301679744815 664.8467575084859 -4.315478 15.310019 50
1042 -1212.096635673801 891.7503610497639 -4.313426 15.302799 50
1043 -1192.1146006385077 827.6139225521405 -4.314006 15.302979 50
1044 -1181.9015295671695 791.7859652371542 -4.31433 15.303071 50
1045 -1167.0259542759873 737.3805368266325 -4.314822 15.303205 50
1046 -1154.2596390416368 692.2638434203132 -4.31523 15.30332 50
1047 -1139.0510810385879 637.8584132489156 -4.315722 15.303457 50
1048 -1106.4138813137179 527.057121371987 -4.316724 15.303751 50
1049 -1093.7586356622985 481.9404149583239 -4.317132 15.303865 50
1050 -1079.3272348001008 430.74179757491845 -4.317595 15.303995 50
1051 -943.3418980488368 127.97381751495354 -4.320333 15.30522 50
1052 -930.4648066370582 84.51579335308129 -4.320726 15.305336 50
1053 -909.1510535865341 14.85026062352609 -4.321356 15.305528 50
1054 -895.8299284926306 -33.141569058064015 -4.32179 15.305648 50
1055 -892.4996758887559 -42.65146380177835 -4.321876 15.305678 50
1056 -888.8364019167794 -52.824838682914624 -4.321968 15.305711 50
1057 -882.2869055947319 -71.84463012399986 -4.32214 15.30577 50
1058 -874.9603073327636 -97.60982967114082 -4.322373 15.305836 50
1059 -861.7502953719415 -138.63509034333768 -4.322744 15.305955 50
1060 -856.8659313802954 -153.1210971841983 -4.322875 15.305999 50
1061 -847.3190504662697 -198.79078251978245 -4.323288 15.306085 50
1062 -842.5457049756327 -212.50272740421525 -4.323412 15.306128 50
1063 -833.6539528128998 -1361.324496819618 -4.333801 15.306208 50
1064 -708.0039665025363 -674.8389470400111 -4.327593 15.30734 50
1065 -695.5711530342293 -716.0854068449589 -4.327966 15.307452 50
1066 -686.5795225170465 -752.0240279892731 -4.328291 15.307533 50
1067 -677.5879298785053 -784.2029099573301 -4.328582 15.307614 50
1068 -672.0375662615658 -804.2179543154455 -4.328763 15.307664 50
1069 -665.2661347838582 -827.550407537842 -4.328974 15.307725 50
1070 -662.1579387217738 -838.1661208569532 -4.32907 15.307753 50
1071 -658.8277328574886 -849.1135743878177 -4.329169 15.307783 50
1072 -656.3855683108943 -858.9552289545295 -4.329258 15.307805 50
1073 -655.3864473194502 -869.9027008310662 -4.329357 15.307814 50
1074 -655.1643533929921 -880.9607593761897 -4.329457 15.307816 50
1075 -655.6082547517418 -895.6679830223054 -4.32959 15.307812 50
1076 -656.3852064642238 -905.3990821508828 -4.329678 15.307805 50
1077 -658.6051958228659 -916.7889016096166 -4.329781 15.307785 50
1078 -661.824232621317 -926.5200199237228 -4.329869 15.307756 50
1079 -667.2633217377123 -939.3474128195501 -4.329985 15.307707 50
1080 -676.2545024822216 -955.93457504201 -4.330135 15.307626 50
1081 -684.9126816719313 -970.8630265035121 -4.33027 15.307548 50
1082 -704.5600651870184 -1006.1384013420532 -4.330589 15.307371 50
1083 -826.329099372029 -1222.2140143388508 -4.332543 15.306274 50
1084 -829.7701349171267 -1229.6229490298392 -4.33261 15.306243 50
1085 -832.8781484671747 -1238.1376866978503 -4.332687 15.306215 50
1086 -843.7562158648631 -1265.4512057892043 -4.332934 15.306117 50
1087 -854.1901851213471 -1300.3947842075388 -4.33325 15.306023 50
1088 -720.2113637422982 -1033.6731043688274 -4.330838 15.30723 50
1089 -755.509986124998 -1097.2572620920728 -4.331413 15.306912 50
1090 -815.1179308663533 -1203.0834596850493 -4.33237 15.306375 50
1091 -822.4440480923728 -1214.9156560822767 -4.332477 15.306309 50
1092 344.2081880338388 87.9482180796057 -4.320695 15.316819 50
1093 405.3724398221358 165.24377002761364 -4.319996 15.31737 50
1094 388.8329395160139 229.0488398609214 -4.319419 15.317221 50
1095 374.0694678489532 285.11325750231725 -4.318912 15.317088 50
1096 365.6331906035939 317.40282167130397 -4.31862 15.317012 50
1097 341.1013101452319 401.99706120545164 -4.317855 15.316791 50
1098 328.6688607741535 448.8832718809402 -4.317431 15.316679 50
1099 313.46127891617755 502.62548569479753 -4.316945 15.316542 50
1100 299.5857615341947 560.2380111217038 -4.316424 15.316417 50
1101 282.38007739733143 626.80757030257 -4.315822 15.316262 50
1102 267.6164419282638 675.4630660995023 -4.315382 15.316129 50
1103 -697.5733702931399 -215.3764999995583 -4.323438 15.307434 50
1104 -479.782252735956 -152.67578905677215 -4.322871 15.309396 50
1105 -366.6683906106969 -119.83278835877509 -4.322574 15.310415 50
1106 -116.5743303627376 -45.19017901398239 -4.321899 15.312668 50
1107 99.88616459422323 496.98639972730393 -4.316996 15.314618 50
1108 114.53885028051407 441.36435540467403 -4.317499 15.31475 50
1109 129.5245391175114 389.39146607639424 -4.317969 15.314885 50
1110 143.40016558292274 344.274570746559 -4.318377 15.31501 50
1111 178.03365738638064 228.2754837069543 -4.319426 15.315322 50
1112 193.13026806442215 173.42748515360216 -4.319922 15.315458 50
1113 212.8890430242567 103.76167412544724 -4.320552 15.315636 50
1114 36.94530175194938 -858.6209429674626 -4.329255 15.314051 50
1115 39.38738595183683 -865.919263828694 -4.329321 15.314073 50
1116 48.48969586927502 -893.4538386623954 -4.32957 15.314155 50
1117 49.155714197301926 -902.5214485125541 -4.329652 15.314161 50
1118 860.3694163793012 -1193.7951375618773 -4.332286 15.321469 50
1119 856.4843959841833 -1183.6216819224885 -4.332194 15.321434 50
1120 852.8213616192961 -1175.4386797013688 -4.33212 15.321401 50
1121 821.9628685059062 -1124.4607127154707 -4.331659 15.321123 50
1122 627.2661571852302 -633.1494232155137 -4.327216 15.319369 50
1123 126.41764251301747 1232.6788086763797 -4.310343 15.314857 50
1124 228.76591782017337 1258.112118861122 -4.310113 15.315779 50
1125 44.161793855282326 1500.0626427154261 -4.307925 15.314116 50
1126 78.57388130092035 1383.6213091981647 -4.308978 15.314426 50
1127 92.67171136365604 1337.9515309161268 -4.309391 15.314553 50
1128 94.78083111585023 1328.3310213195123 -4.309478 15.314572 50
1129 -797.9204465954224 -351.61267343474464 -4.32467 15.30653 50
1130 -795.2562359630484 -362.11780433106105 -4.324765 15.306554 50
1131 -789.5947780123147 -385.7819975099954 -4.324979 15.306605 50
1132 -780.3811032131907 -417.40796085494816 -4.325265 15.306688 50
1133 -772.7214996103446 -448.9233590544871 -4.32555 15.306757 50
1134 -766.9489979824532 -478.2271634414454 -4.325815 15.306809 50
1135 -759.0673432396759 -515.603332769858 -4.326153 15.30688 50
1136 -753.6279540179282 -534.8443074066914 -4.326327 15.306929 50
1137 -600.3307820865479 -546.6752014712514 -4.326434 15.30831 50
1138 -659.2739918050098 -562.3780857608929 -4.326576 15.307779 50
