1 2
2 3
3 4
5 6
6 7
7 8
8 9
9 10
11 12
12 13
13 14
14 15
15 16
16 17
17 18
18 19
19 20
20 21
21 22
22 23
23 24
24 25
25 26
26 27
27 28
28 29
29 30
30 31
31 32
32 33
33 34
34 35
35 36
36 37
37 38
38 39
39 40
40 41
41 42
42 43
43 44
44 45
11 46
46 47
47 48
48 49
49 50
50 51
52 53
54 55
55 56
56 57
57 58
58 59
59 60
60 61
61 62
62 63
63 64
64 65
65 66
66 67
67 68
69 70
70 71
71 72
72 73
73 74
74 75
75 76
76 77
77 78
78 79
79 80
80 81
81 82
82 83
83 84
84 85
85 86
86 87
87 88
88 89
89 90
90 91
91 92
93 94
94 95
95 96
96 97
97 68
98 99
99 100
100 101
101 102
102 103
103 104
104 105
105 106
106 107
107 108
109 110
110 111
111 112
112 113
113 114
114 115
116 117
117 118
118 119
120 121
121 122
122 123
123 124
124 125
125 126
126 127
127 128
128 129
129 130
130 131
131 132
133 134
134 135
135 136
136 137
137 138
138 139
139 140
140 141
141 142
142 143
143 144
144 145
145 146
146 147
147 148
148 149
149 150
150 151
151 152
152 153
153 154
154 155
155 156
156 157
157 158
158 159
159 160
160 161
162 163
163 164
164 165
165 166
166 167
167 168
168 169
169 170
170 171
171 172
172 173
173 174
174 175
175 176
177 178
178 179
179 180
180 181
182 183
183 184
184 185
185 186
186 187
187 188
188 189
189 190
190 191
191 192
192 193
193 181
181 194
194 195
195 196
196 197
197 198
198 199
187 200
200 201
201 202
202 203
203 204
204 205
205 206
207 182
208 209
209 210
210 211
211 197
162 212
212 213
213 214
214 215
215 216
216 217
218 219
219 220
220 221
221 222
222 223
223 224
224 225
225 226
226 227
227 228
228 229
229 230
230 231
231 232
232 233
234 235
235 223
223 236
237 238
238 239
239 240
240 241
241 242
243 244
244 245
245 246
247 248
248 249
249 250
250 251
252 253
253 254
255 256
256 257
257 258
258 259
259 260
260 261
261 262
263 264
264 265
265 266
266 267
267 268
268 11
269 270
270 271
271 272
272 273
273 274
274 275
275 276
276 277
277 278
278 279
279 280
280 281
281 282
282 283
283 284
284 285
285 234
234 286
286 287
287 288
288 289
289 290
291 292
292 293
293 294
294 295
295 296
296 297
297 298
298 299
299 300
300 236
301 302
302 303
303 304
304 305
306 307
307 308
308 271
309 310
310 311
311 312
312 313
313 314
314 315
315 316
316 317
317 318
318 319
319 320
320 321
322 323
323 324
324 325
325 326
326 327
327 328
328 329
330 331
331 332
332 333
333 334
334 335
335 336
336 337
337 338
338 339
339 340
341 342
342 53
53 343
343 344
344 345
346 347
347 348
348 324
324 349
349 350
350 351
352 353
353 354
354 355
355 356
356 357
357 358
358 359
359 360
360 361
361 362
362 363
363 364
364 218
365 366
366 367
367 368
368 369
369 370
370 371
372 373
373 374
374 104
104 111
111 375
376 377
377 378
378 379
379 380
380 381
381 382
382 383
383 384
384 385
385 386
386 387
387 388
388 389
389 390
390 391
391 392
392 393
393 394
394 395
395 396
396 397
397 398
398 399
399 400
400 401
401 402
402 403
403 404
404 405
405 95
406 407
407 408
408 409
409 410
411 412
412 413
413 414
414 415
415 416
416 417
417 418
418 329
176 419
419 420
420 421
421 422
422 423
423 424
424 425
425 426
426 427
427 120
120 428
428 429
429 430
430 431
431 432
432 433
433 346
346 434
435 436
436 437
437 426
426 438
438 439
439 440
440 441
441 442
442 443
443 444
444 445
445 446
446 447
447 448
448 449
449 450
450 451
451 452
452 453
453 454
454 455
455 456
457 379
379 458
458 72
72 459
459 460
460 461
461 462
462 463
463 464
464 339
465 466
466 467
467 468
468 469
114 107
107 470
469 471
471 472
472 473
473 474
474 475
475 269
269 476
476 477
477 478
478 479
479 60
60 92
92 398
398 313
313 480
480 481
481 217
151 482
482 483
472 484
484 485
485 486
486 487
487 488
488 489
489 490
490 491
491 306
492 356
356 493
493 494
494 495
495 496
496 497
497 498
498 499
499 500
500 501
501 502
502 503
503 504
504 505
505 506
506 507
507 508
508 509
509 510
510 511
511 512
512 513
513 514
514 515
515 516
516 517
517 518
518 519
520 521
521 522
522 523
523 524
524 525
525 526
526 527
528 529
529 530
530 531
531 532
532 533
533 534
534 199
535 536
536 537
537 538
538 539
539 540
540 541
541 542
542 543
543 544
544 545
545 546
546 547
547 548
548 549
549 550
550 551
551 552
553 554
554 555
555 556
556 557
557 558
558 559
559 560
560 561
561 562
563 564
564 565
565 566
566 567
567 568
568 569
569 570
570 571
571 572
572 573
574 575
575 576
576 577
577 578
578 579
579 580
580 581
581 582
582 583
584 585
585 586
586 587
587 588
588 589
589 590
255 591
591 592
592 593
593 594
594 595
595 596
596 597
597 598
598 558
552 599
599 600
600 601
601 602
602 603
603 604
604 605
605 606
606 607
607 608
608 609
609 610
610 611
611 612
612 613
613 614
614 615
615 616
616 617
617 618
618 619
619 620
620 621
621 622
622 623
623 624
624 625
625 626
626 627
627 628
628 629
629 630
630 631
631 632
632 633
633 634
634 635
635 636
636 637
637 638
638 639
639 640
640 641
641 642
642 643
643 644
644 645
645 646
646 647
647 648
648 649
649 650
650 651
651 652
652 653
653 654
654 655
655 656
656 657
657 658
658 659
659 660
660 661
661 662
662 663
663 664
664 665
665 666
666 667
667 668
668 669
669 670
670 671
671 672
672 673
673 674
674 436
436 675
675 127
127 411
133 676
676 677
677 678
678 679
680 681
681 682
682 683
683 684
684 685
685 686
686 687
687 688
688 689
689 690
690 691
691 692
692 693
693 694
694 695
695 696
562 697
697 698
698 699
699 700
700 701
701 702
702 703
703 704
704 705
705 706
679 707
707 708
708 709
709 710
710 711
542 712
712 713
713 714
714 715
715 716
716 717
717 133
586 718
718 719
719 720
720 721
721 722
722 723
590 724
724 725
725 726
726 727
727 728
728 729
729 730
730 731
731 732
732 733
733 734
734 735
735 10
736 255
737 738
738 276
276 739
739 233
233 291
291 740
740 741
741 742
742 519
519 743
743 744
744 745
10 746
746 747
747 748
748 749
749 750
750 751
752 753
753 754
754 755
755 756
756 757
757 758
758 535
759 760
760 761
762 470
470 763
628 764
764 765
765 766
766 767
767 768
475 769
769 308
308 770
770 771
771 772
772 233
340 773
774 775
775 776
776 777
777 778
778 779
779 478
478 780
780 781
781 782
782 783
783 784
784 737
785 786
786 787
787 788
789 252
252 790
790 791
792 793
793 794
794 795
795 796
796 797
797 798
798 799
799 800
800 801
801 802
802 803
803 7
7 804
804 805
805 806
806 570
570 807
807 808
808 809
809 810
810 811
811 812
812 813
813 146
527 814
814 815
815 816
816 46
46 12
51 817
817 818
818 819
819 820
820 821
821 822
822 823
2 824
824 825
825 826
826 827
827 828
828 829
829 830
830 831
832 1
701 833
833 834
834 835
835 836
836 837
837 838
838 839
839 788
788 250
250 832
840 251
251 841
841 842
842 843
843 844
844 845
845 846
846 847
847 848
848 849
849 702
850 851
851 852
852 824
824 853
702 557
853 840
557 854
854 855
855 752
558 701
574 856
856 553
706 857
858 574
554 859
859 860
860 861
861 862
862 863
863 753
698 864
864 865
865 866
866 867
867 834
329 868
868 869
869 870
870 871
871 872
872 873
873 874
874 875
751 876
876 877
877 878
878 879
880 376
376 69
69 881
881 882
882 336
883 344
344 301
301 884
884 448
881 885
885 886
886 461
887 346
289 888
888 218
290 889
889 890
890 891
891 892
892 893
893 894
894 895
895 896
896 897
897 898
898 899
899 900
901 902
461 903
903 904
904 905
905 906
906 901
199 907
907 908
908 909
757 910
910 911
911 912
912 913
913 538
914 915
915 629
629 916
182 917
917 918
918 261
919 897
897 920
920 921
921 372
562 922
922 923
923 924
924 925
925 926
926 528
528 927
927 909
909 928
928 929
929 243
243 930
930 931
932 116
933 932
934 352
935 936
936 937
937 933
933 406
406 938
938 939
939 940
940 934
242 941
941 942
942 943
943 944
944 945
945 506
946 492
336 947
947 948
948 892
892 949
949 98
98 950
950 951
951 952
952 109
109 953
953 375
375 954
954 955
955 956
956 957
957 946
958 918
918 959
959 960
960 961
961 962
962 963
963 591
838 845
964 628
879 627
816 965
965 966
966 967
967 268
13 968
968 969
969 970
970 47
971 972
972 773
973 639
639 974
974 166
166 975
975 976
976 977
977 388
388 978
978 82
82 979
979 980
980 981
981 982
982 280
280 229
229 295
295 983
983 512
984 985
985 986
986 987
987 988
989 22
22 990
990 991
991 992
992 993
993 994
994 984
119 995
115 119
119 996
997 998
371 670
670 999
999 421
421 1000
1000 1001
1001 880
736 1002
1002 1003
1003 1004
1004 1005
1005 1006
591 535
1007 1008
1008 1009
1009 1010
1010 255
802 1011
916 586
680 665
665 1012
1012 176
176 1013
1013 1014
1014 457
457 1015
1015 1016
1016 1017
1017 1018
1018 1019
1019 1020
1020 1021
1021 1022
1022 977
977 1023
1023 1024
1024 1025
1025 309
1026 1027
1027 1028
1028 341
341 1029
1029 1030
1030 1031
1031 1032
1032 1033
1033 1034
1034 442
442 1035
1035 1036
1036 1037
1037 1038
1038 1039
1039 880
880 1040
1040 1041
1041 457
875 128
128 1042
1042 435
435 1043
1043 1044
1044 1045
1045 1046
1046 1047
1047 370
370 1048
1048 1049
1049 1050
1050 680
696 1051
1051 1052
1052 1053
1053 1054
1054 1055
1055 1056
1056 973
973 1057
1057 1058
1058 1059
1059 1060
1060 584
584 1061
1061 1062
711 1063
1063 736
1062 916
768 914
563 1064
1064 1065
1065 1066
1066 1067
1067 1068
1068 1069
1069 1070
1070 1071
1071 1072
1072 1073
1073 1074
1074 1075
1075 1076
1076 1077
1077 1078
1078 1079
1079 1080
1080 1081
1081 1082
1083 1084
1084 1085
1085 1086
1086 714
714 1087
1087 679
1082 1088
1088 1089
1089 1090
1090 1091
1091 1083
54 1092
1092 737
737 1093
1093 1094
1094 1095
1095 1096
1096 981
981 1097
1097 1098
1098 1099
1099 1100
1100 1101
1101 1102
1102 971
768 1103
1103 162
162 1104
1104 1105
1105 309
309 1106
1106 392
392 86
86 54
902 1107
1107 1108
1108 1109
1109 1110
1110 979
979 1111
1111 1112
1112 1113
1113 54
68 988
321 1114
1114 1115
1115 45
45 1116
1116 1117
1117 583
857 858
831 1118
1118 1119
1119 1120
1120 1121
1121 989
321 93
998 774
988 1122
1122 997
1123 1124
456 330
1125 304
304 1126
1126 1127
1127 1128
1128 456
1124 919
456 1123
723 802
535 736
916 964
964 879
879 1129
1129 1130
1130 1131
1131 1132
1132 1133
1133 1134
1134 1135
1135 1136
1136 563
1137 1138
1138 618
618 563
217 1137
