0 0 0 29.6207185423729 106.510885916949 50
1 -596.9190917559671 -639.5149817646501 29.614949 106.504723 50
2 -665.1062851245174 -642.1714531031814 29.614925 106.504019 50
3 -786.1775181071537 -648.9252331134323 29.614864 106.502769 50
4 -838.9646328409984 -652.0251002381563 29.614836 106.502224 50
5 -903.6654742358 -659.1142217743311 29.614772 106.501556 50
6 -974.2752399287057 -672.853217681248 29.614648 106.500827 50
7 -1043.8200295890153 -689.5847095784404 29.614497 106.500109 50
8 -1111.3316622285001 -712.7450379311192 29.614288 106.499412 50
9 -1180.2965858953978 -737.3458044947237 29.614066 106.4987 50
10 -1435.3348989184046 -836.7449212933735 29.613169 106.496067 50
11 -1500.136585072929 -862.8960939614763 29.612933 106.495398 50
12 -665.6886863466957 -663.4538460660666 29.614733 106.504013 50
13 -595.8547632637823 -660.1323899941083 29.614763 106.504734 50
14 -303.8312297271089 -645.6232669011549 29.614894 106.507749 50
15 -214.04503962611938 -641.0806524595105 29.614935 106.508676 50
16 -189.6371486246799 -639.4184015593331 29.61495 106.508928 50
17 -118.15692855215798 -633.6553904175364 29.615002 106.509666 50
18 10.662249507609644 -619.5785675755856 29.615129 106.510996 50
19 186.94044042729067 -590.6462146876808 29.61539 106.512816 50
20 298.7119493400097 -571.6891335822792 29.615561 106.51397 50
21 -1500.1355930679745 -855.4694157342257 29.613 106.495398 50
22 -1500.1407159367213 -893.8221114325318 29.612654 106.495398 50
23 -1428.7515110265756 -860.1342558079834 29.612958 106.496135 50
24 924.1020093267173 -460.69823486063956 29.616562 106.520427 50
25 893.2067674035192 -479.76624795227843 29.61639 106.520108 50
26 856.5004279876894 -503.157614309471 29.616179 106.519729 50
27 823.2808757342432 -528.4329867009999 29.615951 106.519386 50
28 786.9618334835469 -554.3735535378424 29.615717 106.519011 50
29 746.6721876773333 -590.2904055211276 29.615393 106.518595 50
30 692.3393670133214 -646.8253379423768 29.614883 106.518034 50
31 649.3382712156122 -703.1376614512617 29.614375 106.51759 50
32 614.0853596791281 -759.5602407490469 29.613866 106.517226 50
33 575.0561941527575 -846.5763809462687 29.613081 106.516823 50
34 556.4619627493873 -898.5640650300434 29.612612 106.516631 50
35 541.451191723648 -947.2261644115998 29.612173 106.516476 50
36 531.186183172798 -991.0107962660331 29.611778 106.51637 50
37 523.6346472052435 -1066.3863757653376 29.611098 106.516292 50
38 519.5686542134433 -1112.6093088923626 29.610681 106.51625 50
39 503.7902095392568 -1332.084888118411 29.608701 106.516087 50
40 72.65015765379528 -589.2065380782611 29.615403 106.511636 50
41 -22.559467142492863 -603.0624985689312 29.615278 106.510653 50
42 -181.40401842346645 -619.5771072081552 29.615129 106.509013 50
43 -308.38292554370474 -625.0057907197522 29.61508 106.507702 50
44 1500.445743654611 -156.69619320235813 29.619304 106.526378 50
45 1405.918199629305 -160.03380958517008 29.619274 106.525402 50
46 1346.2581286505465 -168.68711379861975 29.619196 106.524786 50
47 1287.0828004036432 -182.32811751851034 29.619073 106.524175 50
48 943.3236427907182 1316.7212130123394 29.632597 106.520627 50
49 1032.4150824178867 1328.5896041336437 29.632704 106.521547 50
50 1177.1882681088996 1347.8911038833276 29.632878 106.523042 50
51 1500.2388662881053 1391.0488312953698 29.633267 106.526378 50
52 -56.26477744225588 -468.938727439733 29.616488 106.510305 50
53 -184.50095409169217 -469.2698905172809 29.616485 106.508981 50
54 -327.74968504071984 -469.710006773481 29.616481 106.507502 50
55 -626.1603175964979 -469.8081762983185 29.61648 106.504421 50
56 -618.9827793121756 -283.6981093173945 29.618159 106.504495 50
57 -326.09775918699387 -284.15382024033204 29.618155 106.507519 50
58 -184.4979107070224 -284.0461939719435 29.618156 106.508981 50
59 -54.3267811569742 -284.1584244568305 29.618155 106.510325 50
60 -605.1101382655542 135.41010340388652 29.62194 106.504638 50
61 -475.717994461988 151.36571313983677 29.622084 106.505974 50
62 -315.43118462462866 167.43275003552424 29.622229 106.507629 50
63 16.181930495440756 167.65002280550482 29.622231 106.511053 50
64 -327.8498604938869 -583.4379952781732 29.615455 106.507501 50
65 -591.5898131622097 -598.391404660738 29.61532 106.504778 50
66 -604.1809799755746 -595.7304305427824 29.615344 106.504648 50
67 -612.5103598789103 -591.0744478527404 29.615386 106.504562 50
68 -625.3915325541291 -578.548141254788 29.615499 106.504429 50
69 -1171.2737207809664 336.08635482139624 29.62375 106.498792 50
70 -1358.8700442301624 324.35780415781716 29.623644 106.496855 50
71 -1500.015115860485 46.373745751728435 29.621136 106.495398 50
72 -1476.1898081619347 46.70312610200779 29.621139 106.495644 50
73 -954.4014837319088 -459.9197781312192 29.616569 106.501032 50
74 -1049.222563185171 -459.91131758364804 29.616569 106.500053 50
75 -1215.6194528886374 -459.34030490511554 29.616574 106.498335 50
76 -1225.8860860313418 -459.3391886507813 29.616574 106.498229 50
77 -1347.4390814059136 -458.771029048768 29.616579 106.496974 50
78 -1367.1006783315033 -458.99034426351125 29.616577 106.496771 50
79 -1494.368197116774 -459.0849727671341 29.616576 106.495457 50
80 -667.109288905049 -120.64082080980914 29.61963 106.503998 50
81 -646.770199070879 -118.09255157110692 29.619653 106.504208 50
82 -620.4263210326096 -116.09880919992078 29.619671 106.50448 50
83 -323.9620372610304 -112.78589594139908 29.619701 106.507541 50
84 -51.904662735997654 -115.33990919460018 29.619678 106.51035 50
85 353.3244851579681 -118.88154348785656 29.619646 106.514534 50
86 -1229.696563023937 122.49214701649795 29.621823 106.498189 50
87 -1229.3174406082628 46.89507298443766 29.621141 106.498193 50
88 -1228.7502025985775 -79.80205109930507 29.619998 106.498199 50
89 -1228.1796408935506 -176.23818279531437 29.619128 106.498205 50
90 -1227.8906468723942 -190.53735463018126 29.618999 106.498208 50
91 -1227.2282578868624 -333.0854298276563 29.617713 106.498215 50
92 -1225.221053641726 -578.055324400219 29.615503 106.498236 50
93 -1225.1249836316638 -585.2603240872833 29.615438 106.498237 50
94 -1223.4911583016033 -702.0921633650096 29.614384 106.498254 50
95 -1223.395303431445 -711.2923892101827 29.614301 106.498255 50
96 -1475.0218768746959 90.2654846246097 29.621532 106.495656 50
97 -1425.7234332869944 103.22810868282534 29.621649 106.496165 50
98 -1323.7380931783791 121.06184189196622 29.62181 106.497218 50
99 -1264.4654921344904 124.49123875166111 29.621841 106.49783 50
100 -1217.2030678671888 121.0497863472997 29.62181 106.498318 50
101 -1068.0568683530073 91.21700849724371 29.621541 106.499858 50
102 -1041.0357324522156 90.21685565526153 29.621532 106.500137 50
103 -1032.9971686064362 90.10526707237203 29.621531 106.50022 50
104 -1025.539696224041 90.10458339866223 29.621531 106.500297 50
105 -953.8700383976447 95.30803175915466 29.621578 106.501037 50
106 -660.2182271253716 126.98890557306177 29.621864 106.504069 50
107 337.18047387928283 -1127.691310216584 29.610545 106.514367 50
108 327.5912486602513 -1127.469902271123 29.610547 106.514268 50
109 248.64975093851746 -1129.6888459736474 29.610527 106.513453 50
110 152.27328878332312 -1133.126789576689 29.610496 106.512458 50
111 -56.849279694087556 -1135.0120585267919 29.610479 106.510299 50
112 -198.26614712819344 -1135.7863733119414 29.610472 106.508839 50
113 -223.83741779596613 -1135.8967385708777 29.610471 106.508575 50
114 -440.9995451408363 -1137.55299800021 29.610456 106.506333 50
115 -500.47210100358507 -1136.9962751866312 29.610461 106.505719 50
116 -619.0296598438613 -1134.2192173851943 29.610486 106.504495 50
117 -683.2483436320658 -1133.2178802034796 29.610495 106.503832 50
118 -1365.9449581717072 283.3455976318725 29.623274 106.496782 50
119 -1290.2091185579905 285.2210226259484 29.623291 106.497564 50
120 -1215.3417361754396 -578.0563981170282 29.615503 106.498338 50
121 -1346.6786508648797 -578.9281815271885 29.615495 106.496982 50
122 -1367.115306660086 -579.1474037171306 29.615493 106.496771 50
123 -1499.1302231095792 -579.9064752772297 29.615486 106.495408 50
124 -1499.982977573331 286.90978145119516 29.623306 106.495398 50
125 -1474.8025039626343 285.68713813997164 29.623295 106.495658 50
126 -1391.41607722111 283.9029560899835 29.623279 106.496519 50
127 -1393.9291725854782 323.9187178265452 29.62364 106.496493 50
128 -1445.743041157332 323.5927321759517 29.623637 106.495958 50
129 -1499.9788749738618 317.6141566301375 29.623583 106.495398 50
130 -1500.1009456418922 -596.0898597448902 29.61534 106.495398 50
131 -1497.1864365804797 -529.9151921810951 29.615937 106.495428 50
132 -1493.5845843621132 -393.1317000440569 29.617171 106.495465 50
133 -1492.9967074868143 -342.36430078917186 29.617629 106.495471 50
134 -1492.898482883912 -332.0556335018813 29.617722 106.495472 50
135 -1487.8480661630979 -226.30918742220638 29.618676 106.495524 50
136 -1487.3615251372278 -209.12811516635105 29.618831 106.495529 50
137 -1485.6100482919528 -147.7196357396179 29.619385 106.495547 50
138 -1482.5987410651358 -80.4364759560004 29.619992 106.495578 50
139 -954.4829897973591 -279.3516050197464 29.618198 106.501031 50
140 -1050.1742361282982 -279.4539083243984 29.618197 106.500043 50
141 -1216.4716101796305 -278.99373795094687 29.618201 106.498326 50
142 -1500.1398571935536 -887.3930469771967 29.612712 106.495398 50
143 -1172.1625519295076 -756.4121621496088 29.613894 106.498784 50
144 -1102.9068480067401 -730.7029151806919 29.614126 106.499499 50
145 -1037.1386562384507 -708.6508355103332 29.614325 106.500178 50
146 -969.4339751766131 -691.1432221380969 29.614483 106.500877 50
147 -896.3058295646974 -677.5152434160952 29.614606 106.501632 50
148 -837.1258264708819 -671.7558210660573 29.614658 106.502243 50
149 -785.4040291932349 -668.4341789548985 29.614688 106.502777 50
150 1500.4668812283517 -314.8734903679783 29.617877 106.526378 50
151 1488.8447359555569 -317.2028041440449 29.617856 106.526258 50
152 1424.2450490484998 -331.3994760625719 29.617728 106.525591 50
153 1266.1826669558543 -360.0166880898099 29.61747 106.523959 50
154 1251.5579833741467 -362.67863235501363 29.617446 106.523808 50
155 1205.0693135800236 -375.20931852229427 29.617333 106.523328 50
156 1172.9145298488759 -383.30448301346684 29.61726 106.522996 50
157 1101.1467321812688 -396.50242696635684 29.617141 106.522255 50
158 1056.207375762013 -408.4781140290346 29.617033 106.521791 50
159 1009.5248179724531 -423.55746621827495 29.616897 106.521309 50
160 970.2999679189127 -438.7468279796112 29.61676 106.520904 50
161 1500.3172243671459 804.8939233838616 29.627979 106.526378 50
162 1468.2665178940867 768.9755189582988 29.627655 106.526047 50
163 1417.815791190165 727.6234058547207 29.627282 106.525526 50
164 1396.705392612397 713.4324480749601 29.627154 106.525308 50
165 1377.2410750053107 701.1261171619071 29.627043 106.525107 50
166 1350.5136371139738 686.269482009741 29.626909 106.524831 50
167 1324.07619353914 675.4034073659781 29.626811 106.524558 50
168 1302.093069782452 668.9717579244456 29.626753 106.524331 50
169 1239.241512911065 659.5427192451276 29.626668 106.523682 50
170 1192.94987014062 655.3255501899282 29.62663 106.523204 50
171 1087.8734767611204 646.225490213523 29.626548 106.522119 50
172 1075.9616511602003 644.4508035025419 29.626532 106.521996 50
173 913.3600450410374 619.8285474395814 29.62631 106.520317 50
174 888.471001847231 615.9469342556717 29.626275 106.52006 50
175 816.9996337375727 604.9677350123887 29.626176 106.519322 50
176 772.4509778307204 598.6463500043512 29.626119 106.518862 50
177 683.6437361570698 591.2138978426669 29.626052 106.517945 50
178 533.1450118347901 593.0901268454687 29.626069 106.516391 50
179 456.2490869224997 598.9615852121647 29.626122 106.515597 50
180 398.3351708318402 600.8437657978934 29.626139 106.514999 50
181 403.2755933089595 565.1514777344951 29.625817 106.51505 50
182 463.51387982211634 566.2622647674705 29.625827 106.515672 50
183 525.1078815574951 569.9229000446653 29.62586 106.516308 50
184 560.6502920396412 572.4740804399449 29.625883 106.516675 50
185 614.7872119383559 573.6962222847352 29.625894 106.517234 50
186 627.0866567209 573.9185948764931 29.625896 106.517361 50
187 700.6897820845294 572.7036395968312 29.625885 106.518121 50
188 855.5455236793647 588.6762200042075 29.626029 106.51972 50
189 899.1256951972767 595.2195493786758 29.626088 106.52017 50
190 924.7896757163937 597.5494035624254 29.626109 106.520435 50
191 1057.4670308519694 613.9663494145666 29.626257 106.521805 50
192 1274.4946650628622 646.9102021502704 29.626554 106.524046 50
193 1303.9349717793702 653.1209686539019 29.62661 106.52435 50
194 1321.9476347801701 658.1111530609153 29.626655 106.524536 50
195 1345.9642811843605 666.5383160667474 29.626731 106.524784 50
196 1381.310707408988 683.7237668978727 29.626886 106.525149 50
197 1415.010254771175 704.1236609945233 29.62707 106.525497 50
198 1446.8690136703096 729.2898053956118 29.627297 106.525826 50
199 1479.792569047171 757.1164899237422 29.627548 106.526166 50
200 1500.3206766891146 779.0667604328659 29.627746 106.526378 50
201 141.0156068088296 604.4955082140195 29.626172 106.512342 50
202 43.10445463756623 602.8320128438298 29.626157 106.511331 50
203 -53.838292712492674 595.959596942349 29.626095 106.51033 50
204 -128.11912692650418 595.2951219101963 29.626089 106.509563 50
205 -303.89457120721056 592.527349800489 29.626064 106.507748 50
206 -376.0449022176338 589.7583805750348 29.626039 106.507003 50
207 -1198.105632024992 289.5338145221565 29.62333 106.498515 50
208 -1158.300137843707 296.623788864506 29.623394 106.498926 50
209 -1116.5572729335577 308.25840255479307 29.623499 106.499357 50
210 -1082.7559916350538 320.559011463302 29.62361 106.499706 50
211 -1053.893896711296 334.41203066271396 29.623735 106.500004 50
212 -899.6071191698092 429.50458981932803 29.624593 106.501597 50
213 -780.5770543164347 496.4467546000765 29.625197 106.502826 50
214 100.43749543262557 570.7978381542647 29.625868 106.511923 50
215 1212.1359683878889 -340.8462910848062 29.617643 106.523401 50
216 1227.0589592416366 -409.236663923258 29.617026 106.523555 50
217 1225.3077868315288 -337.8520186626698 29.61767 106.523537 50
218 1189.3575822915498 -173.80374935806486 29.61915 106.523166 50
219 1184.6095143243103 -152.07842527558412 29.619346 106.523117 50
220 1142.6524550223642 44.22561217889792 29.621117 106.522684 50
221 1134.9012178953108 75.70511408652054 29.621401 106.522604 50
222 1113.8762316603743 160.83280840348738 29.622169 106.522387 50
223 1097.985663884166 234.65474943449672 29.622835 106.522223 50
224 1089.943555736457 272.1199523320369 29.623173 106.52214 50
225 1067.659663295287 363.4550169266669 29.623997 106.52191 50
226 1055.5489814562586 413.33463213657075 29.624447 106.521785 50
227 1241.4902084729931 -408.4591553804047 29.617033 106.523704 50
228 1089.2227378608736 -284.2165674339186 29.618154 106.522132 50
229 1169.8010203887293 -247.29673123494226 29.618487 106.522964 50
230 1232.2685490345655 -221.90630566670683 29.618716 106.523609 50
231 1296.4802454963044 -206.0480902846331 29.618859 106.524272 50
232 1346.552953421018 -204.2686598243115 29.618875 106.524789 50
233 1397.4009783547801 -206.59021324540782 29.618854 106.525314 50
234 1430.6221269562482 -211.46325527548174 29.61881 106.525657 50
235 1463.7471739478015 -221.87851366284758 29.618716 106.525999 50
236 1500.4564680900548 -236.9487294637383 29.61858 106.526378 50
237 1238.5612783825397 -197.29779141521487 29.618938 106.523674 50
238 1192.267679087231 -216.36832254103945 29.618766 106.523196 50
239 1068.8829500639888 -278.4545285081756 29.618206 106.521922 50
240 988.4982683769949 -320.47253903888844 29.617827 106.521092 50
241 867.8227705507363 -377.1248326814725 29.617316 106.519846 50
242 758.3802844249294 -420.0301663376156 29.616929 106.518716 50
243 607.9678766822199 -474.1321702880715 29.616441 106.517163 50
244 461.8151471345602 -515.5955371723701 29.616067 106.515654 50
245 389.27090327536484 -531.1167261068186 29.615927 106.514905 50
246 1376.092115330094 -196.50585502064936 29.618945 106.525094 50
247 1430.1355894119567 -193.61710392085453 29.618971 106.525652 50
248 1466.2617181714 -194.0558283086712 29.618967 106.526025 50
249 1491.6374012627132 -196.04771451786686 29.618949 106.526287 50
250 1500.4512244044972 -197.70923078815787 29.618934 106.526378 50
251 1138.2180223618168 -159.95329392066452 29.619275 106.522638 50
252 1130.4717126618816 -178.68705905307687 29.619106 106.522558 50
253 1117.882837883482 -198.4189159738112 29.618928 106.522428 50
254 1103.3569469853137 -219.03771710920256 29.618742 106.522278 50
255 1089.2181249300277 -236.66361824628305 29.618583 106.522132 50
256 1074.3042945055133 -252.84857684528404 29.618437 106.521978 50
257 1049.2213124423567 -274.3550798556226 29.618243 106.521719 50
258 1037.9871132936232 -283.00211469972567 29.618165 106.521603 50
259 1003.9932164835706 -301.84903132667216 29.617995 106.521252 50
260 979.6840957322737 -315.04185623863947 29.617876 106.521001 50
261 928.6442224715653 -340.0973957038183 29.61765 106.520474 50
262 900.4610234915231 -356.50490277902054 29.617502 106.520183 50
263 1151.002704507951 -161.50383527662134 29.619261 106.52277 50
264 1150.6174415583343 -182.45377819747932 29.619072 106.522766 50
265 1147.713856474276 -201.9629796303771 29.618896 106.522736 50
266 1144.2291321194352 -221.3613929909787 29.618721 106.5227 50
267 1137.3542886305618 -238.32153581473395 29.618568 106.522629 50
268 1117.987659226378 -278.449746276449 29.618206 106.522429 50
269 1096.0053946862981 -314.0334896047208 29.617885 106.522202 50
270 1069.7614005158334 -349.50674898966525 29.617565 106.521931 50
271 1046.5187554214249 -374.5601402183229 29.617339 106.521691 50
272 1015.043412875429 -400.0576138228991 29.617109 106.521366 50
273 987.7320375966366 -418.2387959610898 29.616945 106.521084 50
274 1188.6772438500855 -151.41291903380306 29.619352 106.523159 50
275 1191.0967775837646 -134.6749084082407 29.619503 106.523184 50
276 1195.9381257144537 -122.8138657105751 29.61961 106.523234 50
277 1201.3609197101432 -114.16729424075577 29.619688 106.52329 50
278 1210.0768876295813 -107.51559467412444 29.619748 106.52338 50
279 1221.6983792208775 -100.64188037216546 29.61981 106.5235 50
280 1235.5479742478308 -98.53428964112669 29.619829 106.523643 50
281 1244.555337719758 -99.75260145958354 29.619818 106.523736 50
282 1252.3037639436561 -102.19035320877134 29.619796 106.523816 50
283 1259.2775020948175 -105.7366471223792 29.619764 106.523888 50
284 1263.4425238859394 -109.1724070489672 29.619733 106.523931 50
285 1267.3169670843677 -112.38650609998719 29.619704 106.523971 50
286 1276.3255925590354 -124.57855201167395 29.619594 106.524064 50
287 1279.6196897184598 -134.44347608303204 29.619505 106.524098 50
288 1282.0420459122895 -143.64342230559728 29.619422 106.524123 50
289 1281.461716441221 -150.51594389312282 29.61936 106.524117 50
290 1279.3319242774785 -158.94048677912522 29.619284 106.524095 50
291 1277.2989688152234 -167.2541720971981 29.619209 106.524074 50
292 1272.1665267751393 -173.794671785215 29.61915 106.524021 50
293 1264.903395971948 -181.0004856084156 29.619085 106.523946 50
294 1258.7052875087982 -185.1024859740536 29.619048 106.523882 50
295 1213.7516074909138 -55.195855964838096 29.62022 106.523418 50
296 1202.612528283828 -44.44498601152046 29.620317 106.523303 50
297 1193.701228417706 -35.35655927438362 29.620399 106.523211 50
298 1180.1401837007609 -17.73346747547201 29.620558 106.523071 50
299 1222.2034161022455 -291.51871717312036 29.618088 106.523505 50
300 1232.079951574258 -268.4616627022376 29.618296 106.523607 50
301 1251.0617820210953 -255.60142342688493 29.618412 106.523803 50
302 1275.2747349637527 -252.38416422798974 29.618441 106.524053 50
303 1296.29291274377 -261.249440191369 29.618361 106.52427 50
304 1310.4354897994233 -278.3180878629778 29.618207 106.524416 50
305 1315.2806821450029 -299.821651580237 29.618013 106.524466 50
306 1314.7018184754804 -319.1089284665393 29.617839 106.52446 50
307 1302.0161788150679 -338.17592325880696 29.617667 106.524329 50
308 1277.2230087745525 -350.9260637801641 29.617552 106.524073 50
309 1194.6007702122565 -297.39652765422534 29.618035 106.52322 50
310 1199.7351378934395 -307.9263530550986 29.61794 106.523273 50
311 1204.773101432108 -322.55748931759695 29.617808 106.523325 50
312 1225.4997285157995 -321.6684779087322 29.617816 106.523539 50
313 1222.4955939966171 -306.3720534824223 29.617954 106.523508 50
314 1231.5191091048669 -453.35288783409703 29.616628 106.523601 50
315 1229.6798841559005 -462.66415397281713 29.616544 106.523582 50
316 1222.9012372254535 -473.7494948374889 29.616444 106.523512 50
317 1215.444434186672 -483.39390683854157 29.616357 106.523435 50
318 1203.53210727356 -491.4869482208489 29.616284 106.523312 50
319 1187.1639822606421 -495.4791468683811 29.616248 106.523143 50
320 1169.7296051172389 -491.49052070716 29.616284 106.522963 50
321 1158.9779338378114 -484.3974915615576 29.616348 106.522852 50
322 1150.2600079294373 -475.0873238098342 29.616432 106.522762 50
323 1143.8664717319666 -464.3359145354248 29.616529 106.522696 50
324 1141.9281190520146 -452.032205126047 29.61664 106.522676 50
325 1142.8955292508358 -440.83665985811376 29.616741 106.522686 50
326 1146.1873841992945 -428.9758012191183 29.616848 106.52272 50
327 1153.2565869124446 -417.33624608987304 29.616953 106.522793 50
328 1161.1012075127956 -411.460598890364 29.617006 106.522874 50
329 1174.369466932892 -403.58915191931237 29.617077 106.523011 50
330 1195.5792912965892 -391.1721596607798 29.617189 106.52323 50
331 1257.6688730560397 -443.7063864340517 29.616715 106.523871 50
332 1252.244071854086 -435.39354207389545 29.61679 106.523815 50
333 1247.7872226421255 -421.6491328924427 29.616914 106.523769 50
334 1227.642159094957 -428.1912683193392 29.616855 106.523561 50
335 1230.0654223293486 -445.48298062723956 29.616699 106.523586 50
336 1306.6004438516857 -614.2927864016693 29.615176 106.524376 50
337 1310.081660730452 -566.1852225911587 29.61561 106.524412 50
338 1314.8249027932407 -543.1287018115556 29.615818 106.524461 50
339 1321.6983734706027 -515.1947038386355 29.61607 106.524532 50
340 1326.6355949944416 -494.7984576445456 29.616254 106.524583 50
341 1337.3836856604778 -470.8544459092989 29.61647 106.524694 50
342 1347.067323610246 -455.2240014367318 29.616611 106.524794 50
343 1355.2019792348026 -445.57941983515695 29.616698 106.524878 50
344 1374.6675229489392 -426.84407774383516 29.616867 106.525079 50
345 1395.1012721169222 -405.8916608616998 29.617056 106.52529 50
346 1415.6323304115533 -389.15134258045964 29.617207 106.525502 50
347 1437.5193015623872 -372.52165886380726 29.617357 106.525728 50
348 1459.1160631589999 -359.10650445295516 29.617478 106.525951 50
349 1495.4341456287077 -342.36397640596556 29.617629 106.526326 50
350 1500.4703324746097 -340.70061412635283 29.617644 106.526378 50
351 777.4691696877034 -542.9570776506588 29.61582 106.518913 50
352 765.4597666929884 -553.377426108855 29.615726 106.518789 50
353 747.155199973184 -571.2248635423316 29.615565 106.5186 50
354 711.9987083833755 -606.4761716031342 29.615247 106.518237 50
355 684.6871646820774 -638.1798208994327 29.614961 106.517955 50
356 662.5086834388532 -666.5577214425742 29.614705 106.517726 50
357 639.1680892222805 -699.9237119079404 29.614404 106.517485 50
358 604.8837126070978 -756.3462073862831 29.613895 106.517131 50
359 593.55247565159 -777.1858524021931 29.613707 106.517014 50
360 576.0231689221674 -815.2069277639982 29.613364 106.516833 50
361 564.6920029150132 -839.7044582397104 29.613143 106.516716 50
362 537.0911371489517 -918.1847392259206 29.612435 106.516431 50
363 527.5037424471356 -953.2125085932443 29.612119 106.516332 50
364 521.20938032238 -985.3581216386845 29.611829 106.516267 50
365 514.2381863286049 -1044.2176270940624 29.611298 106.516195 50
366 509.5916134236106 -1103.963785411881 29.610759 106.516147 50
367 505.8164564326358 -1157.3916814128797 29.610277 106.516108 50
368 499.0411814727432 -1269.9005632684093 29.609262 106.516038 50
369 442.44497847309924 -539.3173602119208 29.615853 106.515454 50
370 489.51671873895236 -536.1008728024736 29.615882 106.51594 50
371 538.2346223658507 -525.4574275611644 29.615978 106.516443 50
372 578.041778097842 -515.8118470342972 29.616065 106.516854 50
373 603.3207050381798 -509.04891127398196 29.616126 106.517115 50
374 641.1906011607149 -498.738134567501 29.616219 106.517506 50
375 658.0431888350656 -494.5250115022368 29.616257 106.51768 50
376 1500.5075688077318 -619.3674620737252 29.61513 106.526378 50
377 1476.5748972387246 -549.8702007261043 29.615757 106.526131 50
378 1476.2816922178642 -529.8071142906566 29.615938 106.526128 50
379 1480.928833161964 -515.1748306895142 29.61607 106.526176 50
380 1487.6101453133829 -502.20496554436755 29.616187 106.526245 50
381 1499.3283461256706 -492.44895876131056 29.616275 106.526366 50
382 1500.4905654624042 -492.11626549663447 29.616278 106.526378 50
383 1457.0600273163861 -935.2841650665919 29.61228 106.525929 50
384 1448.7306422475099 -939.1648505382257 29.612245 106.525843 50
385 1441.4669302542636 -944.8189279728367 29.612194 106.525768 50
386 1439.5300300805022 -947.036095108894 29.612174 106.525748 50
387 1435.075100125059 -951.692194509153 29.612132 106.525702 50
388 1431.5891976287126 -959.7843924459901 29.612059 106.525666 50
389 1429.2656454022006 -968.2089790991322 29.611983 106.525642 50
390 1429.3643105066405 -982.3972452947149 29.611855 106.525643 50
391 1434.2089860765025 -995.6981386004948 29.611735 106.525693 50
392 1441.765291324833 -1005.4516121810136 29.611647 106.525771 50
393 1451.9364810029306 -1012.5444405948926 29.611583 106.525876 50
394 1463.7538822278536 -1016.4225135256302 29.611548 106.525998 50
395 1472.56821427353 -1017.0864365330747 29.611542 106.526089 50
396 1481.1885791609086 -1015.8659975450812 29.611553 106.526178 50
397 1489.4212677091245 -1012.8720686160386 29.61158 106.526263 50
398 1496.8788668277314 -1008.326394078443 29.611621 106.52634 50
399 1500.5590639404102 -1004.7788333185083 29.611653 106.526378 50
400 1500.551155642548 -945.5871088850947 29.612187 106.526378 50
401 1493.4795922253472 -939.2698335328275 29.612244 106.526305 50
402 1480.3060440932709 -933.9509732124504 29.612292 106.526169 50
403 1466.0676518376065 -933.1769198055006 29.612299 106.526022 50
404 1424.1012876305076 -1489.1853124351187 29.607283 106.525588 50
405 1392.6986489772235 -1338.1063437727726 29.608646 106.525264 50
406 1388.6292683865527 -1328.7957944683371 29.60873 106.525222 50
407 1383.3011604929197 -1323.3650043131775 29.608779 106.525167 50
408 1375.6485358113416 -1319.3754929862803 29.608815 106.525088 50
409 1366.8337025010317 -1316.494576707671 29.608841 106.524997 50
410 1293.9929826168438 -1314.9513649372693 29.608855 106.524245 50
411 1276.0730718635336 -1311.738885350548 29.608884 106.52406 50
412 1269.098479496486 -1307.305840766355 29.608924 106.523988 50
413 1261.7364060614334 -1302.540297738131 29.608967 106.523912 50
414 1255.2454303152708 -1291.7889750732431 29.609064 106.523845 50
415 1252.3375619882747 -1273.832267169444 29.609226 106.523815 50
416 1257.1559010885123 -1052.5833149781581 29.611222 106.523865 50
417 1117.6523098165662 171.4744093585834 29.622265 106.522426 50
418 1123.0749109619674 181.22940749748778 29.622353 106.522482 50
419 1130.0473388698065 188.54594997648167 29.622419 106.522554 50
420 1148.0603940774704 197.74800421710796 29.622502 106.52274 50
421 1231.0573189752763 224.91409450793793 29.622747 106.523597 50
422 1254.2994499397207 239.77004595612019 29.622881 106.523837 50
423 1270.568915037225 250.08056388618994 29.622974 106.524005 50
424 1409.3402659437327 354.7358651922934 29.623918 106.525438 50
425 1427.6427911748187 368.4830978556661 29.624042 106.525627 50
426 1500.372754844678 389.4425011419171 29.624231 106.526378 50
427 859.586198967087 -325.4712198214719 29.617782 106.519761 50
428 859.1830747524541 -120.1843809963701 29.619634 106.519757 50
429 859.0855271796381 -111.09501169074176 29.619716 106.519756 50
430 857.2272015089868 126.44798881094611 29.621859 106.519737 50
431 858.565307159477 359.11408049950745 29.623958 106.519751 50
432 859.2377450339201 430.9424274296851 29.624606 106.519758 50
433 857.3861224210598 581.8038982864912 29.625967 106.519739 50
434 635.7453555507824 -121.75110115340243 29.61962 106.51745 50
435 635.8416364312866 -111.66410443566453 29.619711 106.517451 50
436 635.4406268390662 128.65016727828123 29.621879 106.517447 50
437 635.0414200178194 337.37337086939425 29.623762 106.517443 50
438 -1213.145155263136 -866.0344561354543 29.612905 106.498361 50
439 -1213.9028662232677 -707.3029646294281 29.614337 106.498353 50
440 1171.2670342656484 -373.99358943837814 29.617344 106.522979 50
441 1147.4406514773839 -371.779129331449 29.617364 106.522733 50
442 1130.877710919562 -363.24566625023806 29.617441 106.522562 50
443 1116.638500927767 -346.73103413283854 29.61759 106.522415 50
444 1111.2126333051651 -326.1142118103617 29.617776 106.522359 50
445 1116.634080647986 -302.28177784443926 29.617991 106.522415 50
446 1132.5163281155753 -284.8773601106652 29.618148 106.522579 50
447 1155.8572973741577 -277.7808353303378 29.618212 106.52282 50
448 1176.0033750859318 -283.0993528618161 29.618164 106.523028 50
449 927.3965271727529 -478.2116319426499 29.616404 106.520461 50
450 970.690041524472 -469.45113818417997 29.616483 106.520908 50
451 1001.489741501557 -466.8989750565798 29.616506 106.521226 50
452 1032.5801149959884 -465.67685276538685 29.616517 106.521547 50
453 1058.4405689040123 -467.22628875327644 29.616503 106.521814 50
454 1092.8245170624066 -471.21345090060584 29.616467 106.522169 50
455 1123.4318145794366 -481.96249245575206 29.61637 106.522485 50
456 1146.5814017521745 -493.5989824892074 29.616265 106.522724 50
457 1165.9536522681897 -505.0141255071303 29.616162 106.522924 50
458 1275.676025563052 -374.5364421513563 29.617339 106.524057 50
459 1299.1149965098875 -376.52898291873305 29.617321 106.524299 50
460 1313.740387150941 -379.8526617024422 29.617291 106.52445 50
461 1322.9420068874374 -383.73119189740424 29.617256 106.524545 50
462 1334.1781814353228 -392.70838973402834 29.617175 106.524661 50
463 1340.1841498377412 -401.02112564377774 29.6171 106.524723 50
464 1342.2193403551141 -411.4404079007525 29.617006 106.524744 50
465 1342.8987941155983 -423.74423408200937 29.616895 106.524751 50
466 1340.1882774455105 -435.60508112811436 29.616788 106.524723 50
467 1333.6033210074127 -445.4711600375112 29.616699 106.524655 50
468 1326.0495281577505 -453.0095832636719 29.616631 106.524577 50
469 1317.0428475625458 -460.10478782441294 29.616567 106.524484 50
470 1303.2898570011519 -463.7643108627242 29.616534 106.524342 50
471 1292.1515880032325 -464.3198282697126 29.616529 106.524227 50
472 1276.5575181060935 -460.7745399008287 29.616561 106.524066 50
473 1266.9681310719773 -454.23571169115496 29.61662 106.523967 50
474 1261.834243868838 -449.1373734906956 29.616666 106.523914 50
475 1500.5632549893699 -1036.1482283813991 29.61137 106.526378 50
476 1495.9121884459325 -1022.7364927258484 29.611491 106.52633 50
477 1299.53627263427 167.72522163539992 29.622231 106.524304 50
478 1283.7513308803552 154.2001813958243 29.622109 106.524141 50
479 1229.1332367937005 107.08447836732711 29.621684 106.523577 50
480 1216.5438952197649 96.22019022030696 29.621586 106.523447 50
481 1157.9539602566992 52.984020490022814 29.621196 106.522842 50
482 1265.530022668882 274.4661401682689 29.623194 106.523953 50
483 1228.8048425333466 452.81348469782154 29.624803 106.523574 50
484 1500.4080136616506 125.62875206419267 29.621851 106.526378 50
485 1368.1203786355113 48.13043602570474 29.621152 106.525012 50
486 1289.4812521291365 16.75168778462826 29.620869 106.5242 50
487 1230.598454598704 -6.643442837250614 29.620658 106.523592 50
488 1208.3229344940603 -8.862783804455685 29.620638 106.523362 50
489 1190.6944863030044 5.656168711527748 29.620769 106.52318 50
490 -184.49946611278975 -378.70869945619756 29.617302 106.508981 50
491 -1367.0852937677746 -332.6258876718189 29.617717 106.496771 50
492 -1346.6491398000232 -332.85004944880814 29.617715 106.496982 50
493 154.78488916668195 -641.0816257875201 29.614935 106.512484 50
494 153.91490405384917 -766.8918119352326 29.6138 106.512475 50
495 154.10908334772887 -800.6998259278079 29.613495 106.512477 50
496 153.81945372551684 -869.6460097951244 29.612873 106.512474 50
497 153.7237906990606 -956.9926089956758 29.612085 106.512473 50
498 153.72420488423003 -987.2535471685364 29.611812 106.512473 50
499 152.07969467039774 -1142.5486938639478 29.610411 106.512456 50
500 -69.72820890805184 -560.8299836453177 29.615659 106.510166 50
501 -57.04003557231134 -551.0756080630343 29.615747 106.510297 50
502 18.507865068629457 -768.8880788748129 29.613782 106.511077 50
503 -94.33137085143831 -770.5503872475903 29.613767 106.509912 50
504 -114.4777971590161 -772.6562731191757 29.613748 106.509704 50
505 -213.95088395840622 -782.8526463510842 29.613656 106.508677 50
506 -300.63892212305814 -793.6027175603467 29.613559 106.507782 50
507 -346.4530062314634 -803.0233034870412 29.613474 106.507309 50
508 -478.2778803891405 -829.8431822823018 29.613232 106.505948 50
509 -580.948821905914 -853.448526272876 29.613019 106.504888 50
510 -590.0536016930321 -855.1107406805759 29.613004 106.504794 50
511 -608.4568802930419 -858.3242908935958 29.612975 106.504604 50
512 -646.7163406057005 -864.6403712550277 29.612918 106.504209 50
513 352.0807210880467 -607.2691483899019 29.61524 106.514521 50
514 342.0077022745361 -608.4887655528225 29.615229 106.514417 50
515 228.00821912423095 -628.3330899977583 29.61505 106.51324 50
516 10.468573982369179 -659.593965913028 29.614768 106.510994 50
517 -52.488348652563644 -665.9120686678694 29.614711 106.510344 50
518 -221.50376733609087 -680.0982910217183 29.614583 106.508599 50
519 -348.48351228300896 -689.849513444835 29.614495 106.507288 50
520 -360.7847312250594 -701.5987977072975 29.614389 106.507161 50
521 -499.0004038945731 -714.2299461094501 29.614275 106.505734 50
522 1320.3029568012003 -1003.5821708576211 29.611664 106.524517 50
523 1279.624638730293 -1027.862137204712 29.611445 106.524097 50
524 1142.7663239777391 -1074.7647224498887 29.611022 106.522684 50
525 1100.4397790853372 -1089.289764798286 29.610891 106.522247 50
526 1086.8797969470365 -1094.2791514872974 29.610846 106.522107 50
527 1022.2758570681419 -1116.4544006074714 29.610646 106.52144 50
528 993.0248182174938 -1126.5440029708136 29.610555 106.521138 50
529 941.2053201820545 -1138.741515578957 29.610445 106.520603 50
530 877.5684083264764 -1147.614341626146 29.610365 106.519946 50
531 746.9028463319373 -1145.8502592184627 29.610381 106.518597 50
532 562.8664325299122 -1133.7787896261032 29.61049 106.516697 50
533 336.50276379464833 -1138.2216913045468 29.61045 106.51436 50
534 447.60222238672213 -1138.7720416579623 29.610445 106.515507 50
535 483.05334659793516 -1139.6573397082905 29.610437 106.515873 50
536 1415.675077322262 -1496.7238955949852 29.607215 106.525501 50
537 1339.2497837535943 -1499.9478004354971 29.607186 106.524712 50
538 1245.8726751533113 -1498.0741698077884 29.607203 106.523748 50
539 1136.1254966053173 -1495.3146641410083 29.607228 106.522615 50
540 1087.20905517669 -1493.8785109310775 29.607241 106.52211 50
541 1076.6508631657905 -1493.6578365528621 29.607243 106.522001 50
542 741.1137361521339 -1487.5884740444826 29.607298 106.518537 50
543 531.790667445738 -1483.720733881939 29.607333 106.516376 50
544 527.1411030758043 -1481.6148819943055 29.607352 106.516328 50
545 521.9101669234365 -1475.407758777435 29.607408 106.516274 50
546 297.0648460625172 -550.8501311145857 29.615749 106.513953 50
547 195.56027032046632 -569.4744842752067 29.615581 106.512905 50
548 390.14332813205004 -551.9557425633791 29.615739 106.514914 50
549 617.5574639732968 -490.98023928978546 29.616289 106.517262 50
550 772.909647883304 -436.8777691679832 29.616777 106.518866 50
551 897.9446506346794 -379.45023044452984 29.617295 106.520157 50
552 1021.234591534472 -317.4767664080311 29.617854 106.52143 50
553 -637.5282827347919 603.2934163752485 29.626161 106.504303 50
554 -637.2450383539639 474.8227050178216 29.625002 106.504306 50
555 -639.6761292860824 300.79441323525464 29.623432 106.504281 50
556 -639.773457862376 292.37011365247054 29.623356 106.50428 50
557 -637.6463911585261 228.96601502437522 29.622784 106.504302 50
558 -636.0020163006467 192.60839858194635 29.622456 106.504319 50
559 -668.8516099731337 -103.57042412845252 29.619784 106.50398 50
560 -979.55624268318 -144.11727214285747 29.619418 106.500772 50
561 -954.5092399298863 -588.1685866636819 29.615412 106.501031 50
562 -954.3976869915975 -415.24883665216254 29.616972 106.501032 50
563 -954.4869755153904 -326.2394753301493 29.617775 106.501031 50
564 -954.279654783804 -166.06696733958017 29.61922 106.501033 50
565 -954.1797407708491 -130.04200849566607 29.619545 106.501034 50
566 -954.3678201666528 -63.86689405220308 29.620142 106.501032 50
567 -1171.7137493447217 -168.26330205404088 29.6192 106.498788 50
568 -1217.3319948373494 -174.7983655435303 29.619141 106.498317 50
569 -1500.049502926313 -211.0108099153968 29.618814 106.495398 50
570 -326.97220706191405 -379.1488383849007 29.617298 106.50751 50
571 -627.0460882660919 -721.8718970006995 29.614206 106.504412 50
572 -611.4513576017567 -708.903778961432 29.614323 106.504573 50
573 -592.1763806282534 -701.3672862356659 29.614391 106.504772 50
574 -306.4468156981206 -662.3609382106454 29.614743 106.507722 50
575 -641.8642154340048 -703.6923210483562 29.61437 106.504259 50
576 -772.3313906218876 -712.5517821482135 29.61429 106.502912 50
577 -789.8626322301023 -713.769868194905 29.614279 106.502731 50
578 -870.8357880817836 -720.4146379587498 29.614219 106.501895 50
579 -892.2414412081193 -722.8515686021075 29.614197 106.501674 50
580 -974.6682760496534 -737.476383303424 29.614065 106.500823 50
581 -1058.3553406977103 -761.3006886534309 29.61385 106.499959 50
582 -1066.8791073786347 -764.4035688462532 29.613822 106.499871 50
583 -1287.4342301356915 -853.611437941337 29.613017 106.497594 50
584 -1487.8439832783693 -926.5232992655118 29.612359 106.495525 50
585 -1500.1465198141805 -937.2737179735726 29.612262 106.495398 50
586 1300.6061712663309 -707.7366399030616 29.614333 106.524314 50
587 1153.7716207657327 -716.731211901291 29.614252 106.522798 50
588 1140.8897304054615 -717.9518338708714 29.614241 106.522665 50
589 818.5507535615046 -745.2480674172941 29.613995 106.519337 50
590 655.9271006567444 -746.6997428856695 29.613982 106.517658 50
591 649.2445541012584 -757.4521895258471 29.613885 106.517589 50
592 819.132650446861 -755.556699413083 29.613902 106.519343 50
593 1139.4378724447797 -727.8172722858621 29.614152 106.52265 50
594 1152.2229055739829 -726.4858159753443 29.614164 106.522782 50
595 1301.0916000814843 -717.601874801142 29.614244 106.524319 50
596 1250.412482676601 -513.0967951063459 29.616089 106.523796 50
597 1266.109008972445 -565.7468833139367 29.615614 106.523958 50
598 1277.9290421928758 -597.447496722738 29.615328 106.52408 50
599 1288.7797757226424 -622.1649108062632 29.615105 106.524192 50
600 1323.6555912792599 -685.7864441725154 29.614531 106.524552 50
601 1362.8915878778062 -759.2726258516168 29.613868 106.524957 50
602 1443.4995206345466 -933.512381646203 29.612296 106.525789 50
603 -598.5604497091705 1274.465108101477 29.632216 106.504705 50
604 -593.8124237878159 1328.5578354592624 29.632704 106.504754 50
605 -593.8102007419711 1370.568574161403 29.633083 106.504754 50
606 -599.0376086108331 1406.3722010715803 29.633406 106.5047 50
607 -1215.3425159419915 -585.2613872355973 29.615438 106.498338 50
608 -1215.531692787784 -543.3615823898945 29.615816 106.498336 50
609 -1215.8078702079222 -410.45719405503837 29.617015 106.498333 50
610 -1216.282970144263 -325.77078313735217 29.617779 106.498328 50
611 -1217.236704454727 -189.2083621730526 29.619011 106.498318 50
612 -1217.2236299133451 -68.60785413887987 29.620099 106.498318 50
613 -976.6517628756114 -156.64312916278269 29.619305 106.500802 50
614 -638.5501459310275 -335.6838009375673 29.61769 106.504293 50
615 -626.6372691498665 -338.5664687761852 29.617664 106.504416 50
616 -628.3782651258838 -296.11234295048365 29.618047 106.504398 50
617 -625.5422370884601 193.3837336527551 29.622463 106.504427 50
618 -640.6831404231158 -374.36894101972496 29.617341 106.504271 50
619 -642.3351355222235 -470.0289546037783 29.616478 106.504254 50
620 -641.0829165401574 -590.8511608179457 29.615388 106.504267 50
621 -621.4728195786219 224.8638020311418 29.622747 106.504469 50
622 -619.3292780212527 457.97308827479196 29.62485 106.504491 50
623 -615.5503014315724 493.3328013110292 29.625169 106.50453 50
624 -602.6631646221176 614.597799648466 29.626263 106.504663 50
625 1083.6793742654263 -48.89093831236773 29.620277 106.522075 50
626 998.6459747792142 -73.72834274491382 29.620053 106.521197 50
627 878.3589157223258 -108.98744528745381 29.619735 106.519955 50
628 362.5250368700135 -106.57733770186039 29.619757 106.514629 50
629 -1012.4588317824861 -916.7109404681199 29.612448 106.500433 50
630 -938.1862938216974 -1135.7489288738152 29.610472 106.5012 50
631 -1485.6450942741467 -1144.7792040942481 29.61039 106.495548 50
632 -1348.7805185589432 -1144.2422491451946 29.610395 106.496961 50
633 -1225.9608027590007 -1143.8129471564143 29.610399 106.498229 50
634 -1218.211110613735 -1136.2762692723063 29.610467 106.498309 50
635 562.2857668606224 -1143.7549498904277 29.6104 106.516691 50
636 747.0971728131397 -1154.9396101073294 29.610299 106.518599 50
637 877.2785872972108 -1157.3688034722597 29.610277 106.519943 50
638 942.4652372267728 -1147.3873902127689 29.610367 106.520616 50
639 998.4498695540467 -1136.0762695646918 29.610469 106.521194 50
640 1049.4941584099472 -1121.218263490297 29.610603 106.521721 50
641 1086.3970704852547 -1110.5735466604046 29.610699 106.522102 50
642 1099.2790916834238 -1106.0276106927113 29.61074 106.522235 50
643 1376.6767286856737 -1015.103376446451 29.61156 106.525099 50
644 483.53723593196736 -1130.0137253666708 29.610524 106.515878 50
645 448.27983276810323 -1128.352499776875 29.610539 106.515514 50
646 1020.7673119417569 560.8676400552154 29.625778 106.521426 50
647 993.7435732232935 601.9891419706573 29.626149 106.521147 50
648 982.411761865987 611.6317611488473 29.626236 106.52103 50
649 974.8575398337158 614.5131030038644 29.626262 106.520952 50
650 960.9115976136611 616.285439371347 29.626278 106.520808 50
651 948.7091078897006 615.3976322257568 29.62627 106.520682 50
652 818.3560574832741 596.9869098701095 29.626104 106.519336 50
653 934.8450513723 796.8516683659676 29.627907 106.520539 50
654 919.7319526653434 862.8039090029254 29.628502 106.520383 50
655 916.4363822162798 898.1635796693333 29.628821 106.520349 50
656 911.9773562581522 950.2609370998374 29.629291 106.520303 50
657 915.1660575123866 1037.4971750804912 29.630078 106.520336 50
658 944.6905026821984 1184.8142758773054 29.631407 106.520641 50
659 949.236828161275 1246.223485785262 29.631961 106.520688 50
660 947.2956053562546 1298.5427590970637 29.632433 106.520668 50
661 940.7082087395323 1325.8103878973252 29.632679 106.5206 50
662 928.8897368017739 1374.5817655885933 29.633119 106.520478 50
663 906.8062231435895 1426.2343284682354 29.633585 106.52025 50
664 877.0733007887435 1470.0162511103913 29.63398 106.519943 50
665 1018.7250504227359 654.4216194353388 29.626622 106.521405 50
666 1006.8124072821973 661.7363922937532 29.626688 106.521282 50
667 992.0907664195043 674.704084281122 29.626805 106.52113 50
668 980.3711264025123 690.3323658445919 29.626946 106.521009 50
669 972.525241278433 706.8477643248525 29.627095 106.520928 50
670 955.5728040945316 760.4958624395131 29.627579 106.520753 50
671 939.9765032798819 812.2597181105466 29.628046 106.520592 50
672 929.4170586026864 853.8261641022945 29.628421 106.520483 50
673 1500.3528428395712 538.4197186725064 29.625575 106.526378 50
674 1465.5806357071324 571.6689733978117 29.625875 106.526019 50
675 1457.7350911232065 579.427183333222 29.625945 106.525938 50
676 1404.1695228497058 656.9018279428304 29.626644 106.525385 50
677 1400.4875997253453 671.3113708765662 29.626774 106.525347 50
678 1402.6164920646088 684.9457165255814 29.626897 106.525369 50
679 1500.23756218763 1400.8033041324306 29.633355 106.526378 50
680 1176.025207444618 1357.312915566041 29.632963 106.52303 50
681 1031.9300179755053 1338.0114928654275 29.632789 106.521542 50
682 1370.0784944330235 668.7581565518922 29.626751 106.525033 50
683 1384.9931626230239 664.7695242805871 29.626715 106.525187 50
684 1396.9064765398477 654.0189213314877 29.626618 106.52531 50
685 1448.4388984403713 571.4450564091899 29.625873 106.525842 50
686 -1005.0006708743541 -916.48991862747 29.61245 106.50051 50
687 -870.560390256613 -916.1686092816968 29.612453 106.501898 50
688 -713.6488294562342 -915.736295015755 29.612457 106.503518 50
689 -62.941902536880576 579.4435659294332 29.625946 106.510236 50
690 -64.29834118382209 475.802419134391 29.625011 106.510222 50
691 -61.97419456693807 443.1027934853811 29.624716 106.510246 50
692 -55.0013475971541 411.5116073950337 29.624431 106.510318 50
693 -41.05542402429677 378.92278412734015 29.624137 106.510462 50
694 -20.81428678556596 350.3244267790943 29.623879 106.510671 50
695 2.7197945799825476 325.8274139346725 29.623658 106.510914 50
696 33.71129717676986 305.87516211004305 29.623478 106.511234 50
697 64.89657574318421 291.3544573105211 29.623347 106.511556 50
698 105.47621642700199 281.15692232186206 29.623255 106.511975 50
699 131.23795825301283 280.9355016717292 29.623253 106.512241 50
700 169.49318164718935 280.38178344448505 29.623248 106.512636 50
701 266.05132810632085 278.6101185214719 29.623232 106.513633 50
702 321.64212870450956 290.2504159158056 29.623337 106.514207 50
703 339.2683531700884 297.34508637796944 29.623401 106.514389 50
704 369.4846157716112 311.6451897770536 29.62353 106.514701 50
705 385.36736966817074 322.73033602786023 29.62363 106.514865 50
706 400.37840314447243 335.36731955444293 29.623744 106.51502 50
707 421.10307701315867 357.6481493980643 29.623945 106.515234 50
708 438.7283356670984 385.13866487330824 29.624193 106.515416 50
709 450.63946488610543 413.6265934643784 29.62445 106.515539 50
710 458.8702201388474 444.9963844537206 29.624733 106.515624 50
711 461.5806572442368 476.25510834129136 29.625015 106.515652 50
712 462.8379446865175 518.0441586771126 29.625392 106.515665 50
713 149.83804195393677 -104.47611556805994 29.619776 106.512433 50
714 150.32113531881242 -17.35110113536624 29.620562 106.512438 50
715 150.41760636206325 11.025495316724264 29.620818 106.512439 50
716 151.09385210162174 138.16596568718776 29.621965 106.512446 50
717 151.09382524891052 140.16119542002428 29.621983 106.512446 50
718 151.67340736663198 252.44830747871745 29.622996 106.512452 50
719 251.4357986263308 -106.24783693598867 29.61976 106.513482 50
720 251.04640787405708 -17.570992854422876 29.62056 106.513478 50
721 252.3019414637742 139.60878316104257 29.621978 106.513491 50
722 -40.57251258217312 11.578791400372008 29.620823 106.510467 50
723 -1500.0517538454142 -227.85940816850942 29.618662 106.495398 50
724 -1180.3352665547525 -183.89169194185914 29.619059 106.498699 50
725 -146.34175985495912 -601.3988777802483 29.615293 106.509375 50
726 -308.09194561662395 -610.0415911809778 29.615215 106.507705 50
727 -373.0825511455313 -610.2613117210851 29.615213 106.507034 50
728 1044.0244585955522 409.78647811230957 29.624415 106.521666 50
729 1073.67357499704 265.80015596611463 29.623116 106.521972 50
730 716.5713653345362 591.2159512408628 29.626052 106.518285 50
731 1026.4829626637693 542.024314242647 29.625608 106.521485 50
732 984.5383246969798 657.7439545451616 29.626652 106.521052 50
733 963.9061246226966 705.8494053499511 29.627086 106.520839 50
734 1083.1590223443984 325.2145875642068 29.623652 106.52207 50
735 1073.6628462899323 377.97643265600925 29.624128 106.521972 50
736 1062.4238532405961 427.08020184462055 29.624571 106.521856 50
737 1057.57952076526 447.9188190679157 29.624759 106.521806 50
738 1035.9738886089754 542.2468783425065 29.62561 106.521583 50
739 1031.1299908496915 559.4275869653877 29.625765 106.521533 50
740 1028.2228977770183 578.0494754062386 29.625933 106.521503 50
741 1028.899977030766 587.2497689843768 29.626016 106.52151 50
742 1034.2255266699467 597.8914901301274 29.626112 106.521565 50
743 1044.296604104844 607.5360388758277 29.626199 106.521669 50
744 1183.944065068395 647.5653646859519 29.62656 106.523111 50
745 1053.591504088177 632.0339106249148 29.62642 106.521765 50
746 1041.9702257600911 629.9267487762893 29.626401 106.521645 50
747 1036.7408277410218 627.0442642212221 29.626375 106.521591 50
748 1023.6674523551901 618.3970633601704 29.626297 106.521456 50
749 1015.9205160460378 610.4154355628228 29.626225 106.521376 50
750 1009.1423064524348 599.330207586874 29.626125 106.521306 50
751 1008.0775291864461 593.4552651700737 29.626072 106.521295 50
752 1007.5959560978805 563.8592965273542 29.625805 106.52129 50
753 920.7048898507561 807.9351193848721 29.628007 106.520393 50
754 933.9764513312239 760.826583554872 29.627582 106.52053 50
755 977.8567264409854 649.319061375378 29.626576 106.520983 50
756 1015.8310131392304 529.276037407184 29.625493 106.521375 50
757 951.6164540955666 592.1201833669478 29.62606 106.520712 50
758 963.1414752264437 588.0198581082507 29.626023 106.520831 50
759 975.2477928314463 581.4809795954445 29.625964 106.520956 50
760 984.9332928024663 571.283978214198 29.625872 106.521056 50
761 996.8467756313878 555.4340287971085 29.625729 106.521179 50
762 1031.724180111599 416.7686476941874 29.624478 106.521539 50
763 1036.665397314258 395.15410619370016 29.624283 106.52159 50
764 1052.0712079976465 320.11270958470544 29.623606 106.521749 50
765 1024.7371067309139 570.7333100036832 29.625867 106.521467 50
766 1018.8292001660534 573.9473109923746 29.625896 106.521406 50
767 1011.6623777508856 576.2744322914817 29.625917 106.521332 50
768 1004.398970109959 575.7195493085053 29.625912 106.521257 50
769 996.6517248953093 570.7307815940374 29.625867 106.521177 50
770 993.6500733463092 564.1905920300751 29.625808 106.521146 50
771 1105.9087433681536 422.87224782662304 29.624533 106.522305 50
772 1317.12668293424 476.4337282245591 29.625016 106.524486 50
773 1341.724604327987 486.52364049799525 29.625107 106.52474 50
774 1373.9725225580887 503.5978479617782 29.625261 106.525073 50
775 1381.9132714932493 509.141130195746 29.625311 106.525155 50
776 1403.7986930896504 524.551460795702 29.62545 106.525381 50
777 1430.0417334313481 543.1769271725226 29.625618 106.525652 50
778 1456.0906778740148 564.2410457328644 29.625808 106.525921 50
779 824.4705671481444 -901.9838082053716 29.612581 106.519398 50
780 820.3141860399783 -1019.0374141340035 29.611525 106.519355 50
781 808.6985930626657 -1124.4527193849242 29.610574 106.519235 50
782 -1485.2564192672849 -1135.4681997024113 29.610474 106.495552 50
783 -1488.6454034575522 -1126.821770404463 29.610552 106.495517 50
784 -1494.4558117073561 -1117.5099425219637 29.610636 106.495457 50
785 -1500.1699122823186 -1112.4102688488883 29.610682 106.495398 50
786 -1500.1779217200608 -1172.3779008587312 29.610141 106.495398 50
787 -1495.3343315532802 -1168.3880946177223 29.610177 106.495448 50
788 -1488.843297851052 -1158.30198037321 29.610268 106.495515 50
789 -1487.9711959134302 -1155.6417943781405 29.610292 106.495524 50
790 1350.5155464553573 -134.65686416470078 29.619503 106.52483 50
791 1318.262569978993 -124.57370631889971 29.619594 106.524497 50
792 1298.9881858343037 -117.5926512309453 29.619657 106.524298 50
793 1285.9123296276457 -110.38916264444102 29.619722 106.524163 50
794 1263.9253115078784 -96.09251756993224 29.619851 106.523936 50
795 1237.0951134004192 -75.92152246318722 29.620033 106.523659 50
796 742.1798761766431 -1497.2319923497535 29.607211 106.518548 50
797 -647.603635585726 544.6563735426886 29.625632 106.504199 50
798 -602.7631174862931 556.7361077453862 29.625741 106.504662 50
799 -560.6345655581122 565.2690792004149 29.625818 106.505097 50
800 -505.141313287191 573.8015995456218 29.625895 106.50567 50
801 -468.339635555494 577.4579273276154 29.625928 106.50605 50
802 -429.4074533728098 578.8973708243661 29.625941 106.506452 50
803 -398.8040582846505 579.8938574555646 29.62595 106.506768 50
804 -429.60081037805423 587.6542250922956 29.62602 106.50645 50
805 -468.9203508914473 586.1039522593928 29.626006 106.506044 50
806 -506.30308173024184 582.3368063663463 29.625972 106.505658 50
807 -562.667913313585 573.6934891551286 29.625894 106.505076 50
808 -605.4743645007951 565.0497156139392 29.625816 106.504634 50
809 -648.7652795050587 553.5241332433117 29.625712 106.504187 50
810 -732.9266625616583 523.600849955114 29.625442 106.503318 50
811 -782.8040820475848 502.87598639752923 29.625255 106.502803 50
812 -631.7765073073128 1276.018776010148 29.63223 106.504362 50
813 -901.7359357908643 452.2282196939972 29.624798 106.501575 50
814 -919.3629372105155 442.2534964681529 29.624708 106.501393 50
815 -993.3576812672508 403.35280483413385 29.624357 106.500629 50
816 -1071.032979326224 366.33733762745595 29.624023 106.499827 50
817 -336.0478040202165 580.0026497418316 29.625951 106.507416 50
818 -272.6136634989448 578.6707762374351 29.625939 106.508071 50
819 -214.021759492243 580.1105064780953 29.625952 106.508676 50
820 -134.70482998501717 580.3309669232069 29.625954 106.509495 50
821 -57.712215311364034 579.3326916656587 29.625945 106.51029 50
822 -11.613488599222478 576.2288567977262 29.625917 106.510766 50
823 34.097878096306374 573.4577485317136 29.625892 106.511238 50
824 65.37918710691409 571.4626562177816 29.625874 106.511561 50
825 -592.7185300168978 37.31065406674539 29.621055 106.504766 50
826 -474.6574740504171 37.19419594753908 29.621054 106.505985 50
827 -319.502581735281 36.967016341922495 29.621052 106.507587 50
828 -701.3651003785857 -1193.7386235864496 29.609949 106.503645 50
829 -680.2416563966939 -1067.1539016494792 29.611091 106.503863 50
830 -650.3013640761703 -886.365968900411 29.612722 106.504172 50
831 -625.3005955180722 -684.849440797094 29.61454 106.50443 50
832 -640.7998115449452 -721.649428545881 29.614208 106.50427 50
833 -660.2768145446814 -869.4059575933045 29.612875 106.504069 50
834 -690.7992966199423 -1065.0471847272106 29.61111 106.503754 50
835 -711.0511385991013 -1192.186171878127 29.609963 106.503545 50
836 -719.6758967574305 -1256.1437002519788 29.609386 106.503456 50
837 -720.8430269200917 -1330.7429013751914 29.608713 106.503444 50
838 -721.3306353175012 -1382.0645071390773 29.60825 106.503439 50
839 -712.2293166009772 -1442.0326982774218 29.607709 106.503533 50
840 -710.6800124406388 -1450.124543822742 29.607636 106.503549 50
841 -474.37266828817866 -98.81394490906715 29.619827 106.505988 50
842 -707.2853623849855 -1379.8484833329312 29.60827 106.503584 50
843 -712.5126510907309 -1327.6397486370442 29.608741 106.50353 50
844 -711.4425226936536 -1254.370690794488 29.609402 106.503541 50
845 1500.4442475474066 -145.5007420017278 29.619405 106.526378 50
846 1420.1539531358326 -147.7281060606412 29.619385 106.525549 50
847 1398.8463966402658 -147.3982428641044 29.619388 106.525329 50
848 1372.1148396700796 -144.85208233098308 29.619411 106.525053 50
849 1345.8671842466301 -139.20211061375136 29.619462 106.524782 50
850 1325.3336398894103 -131.88871358810508 29.619528 106.52457 50
851 1500.4436254024376 -140.8452077882748 29.619447 106.526378 50
852 1467.32031893206 -142.1797382155859 29.619435 106.526036 50
853 1436.0371132874134 -142.84885938342748 29.619429 106.525713 50
854 1397.7803033471414 -141.63438081516526 29.61944 106.525318 50
855 1500.466807167041 -314.31926023458516 29.617882 106.526378 50
856 1363.045329821799 -429.9491830089469 29.616839 106.524959 50
857 1373.1155291323782 -407.8895994434431 29.617038 106.525063 50
858 1376.6977082486421 -396.1394831639342 29.617144 106.5251 50
859 1379.5048813870337 -383.0593085828276 29.617262 106.525129 50
860 1381.6344636931672 -373.19375104437665 29.617351 106.525151 50
861 1363.9952016864208 -276.20563419426844 29.618226 106.524969 50
862 1365.543508823619 -265.1208424705098 29.618326 106.524985 50
863 1368.2545247556834 -257.9155200404675 29.618391 106.525013 50
864 1372.3214146812875 -250.1558010480293 29.618461 106.525055 50
865 1379.681415314191 -243.28244462864296 29.618523 106.525131 50
866 1392.077754712767 -236.2976139622443 29.618586 106.525259 50
867 1404.4746332841344 -233.7466111204949 29.618609 106.525387 50
868 1419.7776166509877 -235.29653097836868 29.618595 106.525545 50
869 1430.5288611307901 -239.61816185228037 29.618556 106.525656 50
870 1439.2465951228498 -247.04373236017796 29.618489 106.525746 50
871 1444.7683684159738 -255.91070622750604 29.618409 106.525803 50
872 1447.6752528701008 -265.8864751001752 29.618319 106.525833 50
873 1448.9358770584054 -277.746838242844 29.618212 106.525846 50
874 1447.000250552383 -288.9425372411987 29.618111 106.525826 50
875 1443.7081274205643 -295.92626105947954 29.618048 106.525792 50
876 1439.0600486761882 -302.9101577228557 29.617985 106.525744 50
877 1431.8936962310215 -309.34014369245483 29.617927 106.52567 50
878 1423.467913095418 -313.2208261189264 29.617892 106.525583 50
879 1410.7806403998286 -317.7671146454356 29.617851 106.525452 50
880 1397.8027130908322 -321.6483488320682 29.617816 106.525318 50
881 1369.0381357713086 -329.96534509804894 29.617741 106.525021 50
882 1314.8985764810507 -345.1577214903741 29.617604 106.524462 50
883 1292.4292802028551 -352.4761679817024 29.617538 106.52423 50
884 1381.342564502983 -362.33087695414974 29.617449 106.525148 50
885 1380.9543979590505 -356.2343935066742 29.617504 106.525144 50
886 1380.3724419017335 -349.47285768293995 29.617565 106.525138 50
887 1379.112590064954 -343.3764811994661 29.61762 106.525125 50
888 1371.1667155234907 -311.89718285367746 29.617904 106.525043 50
889 1366.2245978504473 -290.7261934864869 29.618095 106.524992 50
890 1500.4452548281188 -153.03827352121587 29.619337 106.526378 50
891 1470.5180270132869 -154.2615397194302 29.619326 106.526069 50
892 1428.9685742264326 -156.0404416367228 29.61931 106.52564 50
893 1393.327353958633 -159.81368706548616 29.619276 106.525272 50
894 796.3496897114463 -453.39218631936365 29.616628 106.519108 50
895 905.5026680601239 -421.34941712753925 29.616917 106.520235 50
896 935.3333440493999 -414.4745189170875 29.616979 106.520543 50
897 960.7090330045639 -411.8120719827573 29.617003 106.520805 50
898 973.0095409755259 -411.4784747000184 29.617006 106.520932 50
899 994.8988318325504 -413.1392466034342 29.616991 106.521158 50
900 1011.3643388635649 -415.5763877896285 29.616969 106.521328 50
901 1025.7959858990885 -418.9004589244755 29.616939 106.521477 50
902 1041.5837822053072 -424.1087679677583 29.616892 106.52164 50
903 1057.6622409888748 -430.20379548339423 29.616837 106.521806 50
904 1071.7067657644513 -436.29899425198573 29.616782 106.521951 50
905 1087.1074780470522 -444.50011833886344 29.616708 106.52211 50
906 1105.3174107304997 -456.8022472654736 29.616597 106.522298 50
907 1484.9642072624033 -1001.4555288923673 29.611683 106.526217 50
908 1466.8462019191102 -961.3316848841988 29.612045 106.52603 50
909 1461.5174226465556 -949.6935570258183 29.61215 106.525975 50
910 1487.389032090156 -1026.6172322132434 29.611456 106.526242 50
911 1500.5668240164555 -1062.8620937731241 29.611129 106.526378 50
912 1475.8598902831557 -1005.2254906651473 29.611649 106.526123 50
913 1452.1194232466953 -929.1882787168258 29.612335 106.525878 50
914 1373.254715749331 -754.0616029876996 29.613915 106.525064 50
915 1338.8614503303131 -680.0206507040623 29.614583 106.524709 50
916 1293.5219871855031 -589.5756461393457 29.615399 106.524241 50
917 1281.7020573903453 -559.0943546916742 29.615674 106.524119 50
918 1264.8436640000893 -510.5457207027556 29.616112 106.523945 50
919 1453.575666439317 -955.1260385857554 29.612101 106.525893 50
920 1380.9973783907037 -705.7318124717691 29.614351 106.525144 50
921 1500.5145003119112 -671.2433790261063 29.614662 106.526378 50
922 1500.513419122514 -663.1516229932474 29.614735 106.526378 50
923 1378.8656499611318 -698.6379324136979 29.614415 106.525122 50
924 -620.4253226297566 -98.03090158757998 29.619834 106.50448 50
925 -618.0888732174036 120.00320325510594 29.621801 106.504504 50
926 -617.7967432774832 148.71232596715424 29.62206 106.504507 50
927 -617.3101111857544 192.0531247450913 29.622451 106.504512 50
928 -642.297183373691 193.3846796936802 29.622463 106.504254 50
929 -643.0749691455005 141.17621079368934 29.621992 106.504246 50
930 -643.4640076616593 112.57794067547916 29.621734 106.504242 50
931 -646.4786280114981 -100.46804498428514 29.619812 106.504211 50
932 -646.1047296369773 -335.23998464418634 29.617694 106.504215 50
933 582.7046812065099 -782.5070265479229 29.613659 106.516902 50
934 572.2440820132123 -783.3943322019825 29.613651 106.516794 50
935 534.1789563929743 -783.396207685614 29.613651 106.516401 50
936 521.2000025579534 -783.2859717059218 29.613652 106.516267 50
937 348.0182350898913 -784.0685968110513 29.613645 106.514479 50
938 337.26701573489487 -784.0689249014823 29.613645 106.514368 50
939 336.7832484521413 -801.4717543435557 29.613488 106.514363 50
940 347.34077193220935 -801.5822786644497 29.613487 106.514472 50
941 519.0700167254962 -802.4624205862319 29.613479 106.516245 50
942 538.5384781273361 -802.5723496416673 29.613478 106.516446 50
943 562.3655495623354 -802.6820274845137 29.613477 106.516692 50
944 570.8892444647628 -806.4503597433571 29.613443 106.51678 50
945 -1500.2148285455048 -1448.7166653987845 29.607648 106.495398 50
946 -1224.4443283434364 -1449.3043526033086 29.607643 106.498245 50
947 -1215.4360165911075 -1449.305331306618 29.607643 106.498338 50
948 -953.3231459293336 -1448.6655688982282 29.607649 106.501044 50
949 -944.7023075180487 -1448.8879892090808 29.607647 106.501133 50
950 -871.7640692970342 -1449.2264263605882 29.607644 106.501886 50
951 -711.5316675669294 -1132.551048127807 29.610501 106.50354 50
952 -770.9073529526329 -1132.4362826683823 29.610502 106.502927 50
953 -817.6913948597531 -1135.9800420502725 29.61047 106.502444 50
954 -928.6939566368732 -1136.0822556974404 29.610469 106.501298 50
955 -1070.9825698728482 -1136.0695855670356 29.610469 106.499829 50
956 -1225.6693974409131 -1136.2754576194648 29.610467 106.498232 50
957 -1349.7481288927079 -1135.928690196227 29.61047 106.496951 50
958 -713.8572364443929 -1146.8500218548916 29.610372 106.503516 50
959 -685.186426016684 -1147.4060375245938 29.610367 106.503812 50
960 -638.1120347501696 -1148.0738868450385 29.610361 106.504298 50
961 -440.6124668761348 -1146.8640689064102 29.610372 106.506337 50
962 -271.59006074497154 -1145.6501244164017 29.610383 106.508082 50
963 -159.81251131620095 -1144.7655044871053 29.610391 106.509236 50
964 327.1072578238537 -1138.2219689458411 29.61045 106.514263 50
965 347.1131950954592 293.6874042281966 29.623368 106.51447 50
966 353.1180239574561 286.70428599045783 29.623305 106.514532 50
967 356.4111401516383 278.39093120984023 29.62323 106.514566 50
968 355.1565153686569 139.05733521504558 29.621973 106.514553 50
969 353.32409796833844 -106.577631023994 29.619757 106.514534 50
970 362.3317371081632 -119.10294853324257 29.619644 106.514627 50
971 789.2558937736865 -120.74374473363936 29.619629 106.519035 50
972 880.1029296020512 -117.63330127723668 29.619657 106.519973 50
973 946.9292775728317 -98.78403387042616 29.619827 106.520663 50
974 955.6458183129205 -97.23145047204638 29.619841 106.520753 50
975 965.6215456534355 -97.00890481099512 29.619843 106.520856 50
976 997.4858912980288 -97.78204149852453 29.619836 106.521185 50
977 1006.9773090361209 -97.00527180413417 29.619843 106.521283 50
978 1018.5024745464514 -94.67646491642897 29.619864 106.521402 50
979 1075.3530232612716 -78.93102282838575 29.620006 106.521989 50
980 -51.71089785627538 -102.14922908024694 29.619797 106.510352 50
981 -323.76793682246426 -99.04099017948943 29.619825 106.507543 50
982 362.61395531748207 139.05757359786452 29.621973 106.51463 50
983 363.2873524956499 279.7213050156246 29.623242 106.514637 50
984 364.73957453462697 295.35065482784705 29.623383 106.514652 50
985 336.976721620243 -793.3799938823809 29.613561 106.514365 50
986 334.94491047157356 -867.3143027680401 29.612894 106.514344 50
987 331.65528109097795 -987.9147768877028 29.611806 106.51431 50
988 328.0753195124578 -1119.48898303927 29.610619 106.514273 50
989 326.2358060448909 -1148.4198172009246 29.610358 106.514254 50
990 309.5834232002549 -1427.973594912345 29.607836 106.514082 50
991 1115.9189332587305 71.71275218190783 29.621365 106.522408 50
992 903.5576931453675 879.8729113038972 29.628656 106.520216 50
993 907.0481790036828 828.8839391413491 29.628196 106.520252 50
994 920.1261606137929 779.4475999372967 29.62775 106.520387 50
995 937.5631145554788 719.9246396481508 29.627213 106.520567 50
996 950.5431415312727 686.6718768133101 29.626913 106.520701 50
997 959.939736910611 656.0791316655195 29.626637 106.520798 50
998 960.0370184277167 650.980215993213 29.626591 106.520799 50
999 959.1659776812463 644.3293711706986 29.626531 106.52079 50
1000 957.1326851277049 638.8977352117166 29.626482 106.520769 50
1001 952.484549913747 633.5767236809974 29.626434 106.520721 50
1002 942.9940813264693 628.8095371826184 29.626391 106.520623 50
1003 1170.566057980059 -153.41005085443888 29.619334 106.522972 50
1004 1187.038827666798 -227.78601894654713 29.618663 106.523142 50
1005 1350.058287170749 -359.23099368503205 29.617477 106.524825 50
1006 1434.1254377526707 -341.4852066707406 29.617637 106.525693 50
1007 1500.468777194953 -329.0617816444587 29.617749 106.526378 50
1008 1500.3549614923704 522.5687186570715 29.625432 106.526378 50
1009 1500.3400418292083 634.1908028843086 29.626439 106.526378 50
1010 1405.1530877272262 536.1904765896468 29.625555 106.525395 50
1011 1377.360552910969 516.6781091351182 29.625379 106.525108 50
1012 1367.773508427683 510.35870630495606 29.625322 106.525009 50
1013 1333.2015268518353 491.17816341205 29.625149 106.524652 50
1014 1303.8580704427966 481.4202560549429 29.625061 106.524349 50
1015 1238.6819319576418 464.7859537641497 29.624911 106.523676 50
1016 1103.9710754994637 430.1879023587374 29.624599 106.522285 50
1017 250.48693716057824 -987.5843432440265 29.611809 106.513472 50
1018 1500.3816586811186 322.82397829956017 29.62363 106.526378 50
1019 1488.6638103587518 316.8367277149812 29.623576 106.526257 50
1020 1500.38654757261 286.2447586609851 29.6233 106.526378 50
1021 1410.226838978385 235.79808912444287 29.622845 106.525447 50
1022 1364.4270808694698 154.87477260956229 29.622115 106.524974 50
1023 1328.4033091511237 118.29124055935192 29.621785 106.524602 50
1024 1310.9668059383862 148.21763696092447 29.622055 106.524422 50
1025 1276.1879663288792 234.11936100863866 29.62283 106.524063 50
1026 1500.4358633344602 -82.76187369913626 29.619971 106.526378 50
1027 1479.904571588237 -92.51905229356036 29.619883 106.526166 50
1028 1460.1469497466146 -93.74094588672111 29.619872 106.525962 50
1029 1445.2303341221595 -82.65826962801604 29.619972 106.525808 50
1030 1337.2053616503588 213.17654796942452 29.622641 106.524693 50
1031 1353.5691123143822 244.4371120810822 29.622923 106.524862 50
1032 1364.7986188836594 285.34068836008043 29.623292 106.524978 50
1033 1377.9687366480825 295.87267848284245 29.623387 106.525114 50
1034 1500.385599427531 293.33891020599185 29.623364 106.526378 50
1035 1500.3423975961941 616.5662621537816 29.62628 106.526378 50
1036 921.5346903837512 1316.9410957655061 29.632599 106.520402 50
1037 930.637797374191 1314.835767562209 29.63258 106.520496 50
1038 928.9907879652924 1323.7033329318597 29.63266 106.520479 50
1039 249.0367370556125 -1109.0714991083705 29.610713 106.513457 50
1040 261.33793711013857 -1104.7482291794277 29.610752 106.513584 50
1041 270.24891473452647 -1096.5454210754287 29.610826 106.513676 50
1042 270.4421820599507 -1077.7016117657552 29.610996 106.513678 50
1043 309.2831881900958 -1077.700609077284 29.610996 106.514079 50
1044 309.86236262163897 -1005.650747229378 29.611646 106.514085 50
1045 250.2936206326807 -1005.6522331089977 29.611646 106.51347 50
1046 192.95265270667375 -1005.6533649000604 29.611646 106.512878 50
1047 192.5664452310241 -1077.481525571687 29.610998 106.512874 50
1048 229.2765226442247 -1077.4808359837602 29.610998 106.513253 50
1049 229.27690504504045 -1096.2137947277135 29.610829 106.513253 50
1050 237.89766777340628 -1104.5270584644659 29.610754 106.513342 50
1051 287.8695156963562 -783.8486081211565 29.613647 106.513858 50
1052 245.93042961193635 -800.0331144790649 29.613501 106.513425 50
1053 211.4489965363265 -800.2555086912881 29.613499 106.513069 50
1054 200.9895774096722 -869.6452645086497 29.612873 106.512961 50
1055 231.30601308888407 -855.2347081529475 29.613003 106.513274 50
1056 243.31646518063027 -855.4561461979324 29.613001 106.513398 50
1057 254.45542526132465 -865.9862640154626 29.612906 106.513513 50
1058 211.0622562614223 -837.0563716752478 29.613167 106.513065 50
1059 198.18031114634016 -848.80627683948 29.613061 106.512932 50
1060 180.64894603771188 -849.0282644800558 29.613059 106.512751 50
1061 180.84214341862446 -816.7720902874134 29.61335 106.512753 50
1062 239.2438835568206 -642.9645254257167 29.614918 106.513356 50
1063 251.83533052467968 -646.8438592804047 29.614883 106.513486 50
1064 283.99172663634886 -646.3997080766669 29.614887 106.513818 50
1065 291.5467319775147 -653.6045029302435 29.614822 106.513896 50
1066 292.03173613571664 -681.315983839558 29.614572 106.513901 50
1067 -220.5437152137713 -1113.838468867444 29.61067 106.508609 50
1068 -208.24090087563377 -1032.4778044572295 29.611404 106.508736 50
1069 -160.196622282994 -911.1023021546246 29.612499 106.509232 50
1070 -145.66730868343987 -874.5233399954832 29.612829 106.509382 50
1071 -128.91028273227846 -832.180393667476 29.613211 106.509555 50
1072 -246.50047157758252 -1027.045579701453 29.611453 106.508341 50
1073 -446.51758794616217 -1061.401641197257 29.611143 106.506276 50
1074 -468.2074575425952 -897.792170453265 29.612619 106.506052 50
1075 -467.14230567620757 -904.8863548708425 29.612555 106.506063 50
1076 -465.78666300339546 -914.0866239681537 29.612472 106.506077 50
1077 -428.1079935727096 -900.0106897417332 29.612599 106.506466 50
1078 -401.76227630183917 -896.7971311172133 29.612628 106.506738 50
1079 -332.89357027432993 -826.0796716181025 29.613266 106.507449 50
1080 -302.3831017559332 -820.9816210348953 29.613312 106.507764 50
1081 -273.13182440443694 -816.2159948056509 29.613355 106.508066 50
1082 -218.1164398130698 -817.3256578253244 29.613345 106.508634 50
1083 -240.10368544313428 -838.4967855307642 29.613154 106.508407 50
1084 -242.62219524935318 -847.475253116172 29.613073 106.508381 50
1085 -246.88430018808927 -862.7719006680773 29.612935 106.508337 50
1086 -279.33202263210944 -867.6483618509567 29.612891 106.508002 50
1087 -296.57241476397803 -851.353565842847 29.613038 106.507824 50
1088 -606.3269154885478 -875.3946814422518 29.612821 106.504626 50
1089 -622.6962618476421 -879.7167772963815 29.612782 106.504457 50
1090 -625.1186598928252 -896.4543796992705 29.612631 106.504432 50
1091 -640.3314764030118 -1001.4246191987745 29.611684 106.504275 50
1092 -507.92995232008104 -1127.3523467481184 29.610548 106.505642 50
1093 -508.3165276326881 -1108.1759876698536 29.610721 106.505638 50
1094 -584.7395392166299 -1107.7288842502387 29.610725 106.504849 50
1095 -244.27452540958888 -1111.288521845286 29.610693 106.508364 50
1096 -254.54190797801334 -1118.0498940183934 29.610632 106.508258 50
1097 -408.45357582765405 -1117.934504159067 29.610633 106.506669 50
1098 -11.808737498232674 -904.0092987487026 29.612563 106.510764 50
1099 -16.16741106837253 -921.079567543376 29.612409 106.510719 50
1100 -21.107242437454673 -932.6075365135692 29.612305 106.510668 50
1101 -27.596840610267833 -947.9042610916679 29.612167 106.510601 50
1102 -63.43523461555414 -1031.7036348605734 29.611411 106.510231 50
1103 -91.52471380715946 -1042.5663409376255 29.611313 106.509941 50
1104 55.79900470821407 -954.9982959135408 29.612103 106.511462 50
1105 -90.55493078927461 -895.9171862906608 29.612636 106.509951 50
1106 -926.1763418757572 -1145.3935193991765 29.610385 106.501324 50
1107 -786.212373674904 -1146.8451886904493 29.610372 106.502769 50
1108 -1220.7969676621842 -865.9227808445024 29.612906 106.498282 50
1109 -1224.8307190238565 -1439.5498752026692 29.607731 106.498241 50
1110 -944.2173561246059 -1441.3505118682845 29.607715 106.501138 50
1111 -1500.2137626845133 -1440.735763944834 29.60772 106.495398 50
1112 -1071.6657358366767 -1189.9406270690265 29.609983 106.499822 50
1113 -928.7952355070307 -1189.5099703661804 29.609987 106.501297 50
1114 -1079.933615003148 -543.1537515247923 29.615818 106.499736 50
1115 -1079.356486452721 -584.8318993742934 29.615442 106.499742 50
1116 -1112.7677152320746 -543.1505454123311 29.615818 106.499397 50
1117 -1113.055975226834 -519.8728578303948 29.616028 106.499394 50
1118 -1088.7448340088463 -515.7739396658783 29.616065 106.499645 50
1119 -1077.1221932592384 -515.9967526767767 29.616063 106.499765 50
1120 -1045.25672758228 -515.9997644229605 29.616063 106.500094 50
1121 -1036.637394786241 -524.757397290533 29.615984 106.500183 50
1122 -1036.445115899725 -540.2758543504217 29.615844 106.500185 50
1123 -1039.254198737238 -543.1575905258977 29.615818 106.500156 50
1124 -1056.881945793739 -543.1559450545267 29.615818 106.499974 50
1125 -1164.5855544438068 -543.2561362715583 29.615817 106.498862 50
1126 -1178.8233502191738 -543.2546504557729 29.615817 106.498715 50
1127 -1193.545424754317 -543.2530951156382 29.615817 106.498563 50
1128 -1100.0761367672724 -507.6810772923799 29.616138 106.499528 50
1129 -1099.9770554282459 -484.95765687027256 29.616343 106.499529 50
1130 -1111.8902512917414 -484.9564834224476 29.616343 106.499406 50
1131 -1119.4459885285219 -495.2644107814197 29.61625 106.499328 50
1132 -1119.8346479344668 -507.67912400885723 29.616138 106.499324 50
1133 -1049.603165743203 -386.9746063339894 29.617227 106.500049 50
1134 -1345.7300013987033 -745.0864127397584 29.613996 106.496992 50
1135 -1366.845838941364 -752.5105415371734 29.613929 106.496774 50
1136 -1429.9997752699053 -774.5610219656497 29.61373 106.496122 50
1137 -1472.8117137925399 -780.7628614961345 29.613674 106.49568 50
1138 -1491.60103774789 -772.5577802220133 29.613748 106.495486 50
1139 -1500.1222674311216 -755.7080590251038 29.6139 106.495398 50
1140 -1500.0670509315246 -342.3633583826103 29.617629 106.495398 50
1141 -1500.0921057058665 -529.9148043450152 29.615937 106.495398 50
1142 -1500.0738330266163 -393.13083492321016 29.617171 106.495398 50
1143 -1187.9137548062458 -410.5710259740386 29.617014 106.498621 50
1144 -1186.2668751467836 -407.2458196761894 29.617044 106.498638 50
1145 -1181.7137066564228 -397.7135425306408 29.61713 106.498685 50
1146 -1181.7133450333588 -394.2773160742322 29.617161 106.498685 50
1147 -1181.320691135163 -344.50749441127107 29.61761 106.498689 50
1148 -1181.3201663626662 -339.519423379485 29.617655 106.498689 50
1149 -1189.164283540138 -329.54245303958464 29.617745 106.498608 50
1150 -1192.263208496362 -325.77335949508205 29.617779 106.498576 50
1151 -983.8389851964159 -386.5371775336646 29.617231 106.500728 50
1152 -970.1779173906618 -333.33227609325183 29.617711 106.500869 50
1153 -977.1518932692801 -338.9848185746067 29.61766 106.500797 50
1154 -982.0919510037144 -344.748380796864 29.617608 106.500746 50
1155 -982.576415206199 -346.9652588783789 29.617588 106.500741 50
1156 -983.835945331694 -351.84237358700113 29.617544 106.500728 50
1157 -983.8395776265847 -393.29878450104377 29.61717 106.500728 50
1158 -982.2902262454704 -396.95683868318736 29.617137 106.500744 50
1159 -981.0313986903017 -400.17148319084765 29.617108 106.500757 50
1160 -976.1890774219629 -404.82743786999833 29.617066 106.500807 50
1161 -968.9253871297076 -409.4835996526265 29.617024 106.500882 50
1162 -1143.9335300338923 -329.7688445637365 29.617743 106.499075 50
1163 -1143.4571505668532 -407.25026114164984 29.617044 106.49908 50
1164 -1153.3920664545542 -7.095024092796024 29.620654 106.498977 50
1165 -1102.4423535345234 54.19773929591529 29.621207 106.499503 50
1166 -1395.5289806592903 -80.22594396256711 29.619994 106.496477 50
1167 -1363.47103495894 -80.11903683958208 29.619995 106.496808 50
1168 -1350.2991958474638 -80.12062872394334 29.619995 106.496944 50
1169 -1325.5051326475946 -80.01273722888477 29.619996 106.4972 50
1170 -1257.4183347205967 -79.90972305291609 29.619997 106.497903 50
1171 -1395.5237589435783 -38.215285137203146 29.620373 106.496477 50
1172 -1395.323388622434 15.434189985778785 29.620857 106.496479 50
1173 -1395.2216199742631 55.0062284216564 29.621214 106.49648 50
1174 -1362.3892825774747 54.89135023059306 29.621213 106.496819 50
1175 -1349.4113030447895 54.889782894665316 29.621213 106.496953 50
1176 -1325.295505237274 54.886910295509736 29.621213 106.497202 50
1177 -1325.2964211719982 47.12768453926415 29.621143 106.497202 50
1178 -1325.3000979754147 15.979936259665315 29.620862 106.497202 50
1179 -1325.4033738900307 -38.44547406730625 29.620371 106.497201 50
1180 1500.6227402422778 -1481.4161373385257 29.607353 106.526378 50
1181 1454.7105847588473 -1491.509151475967 29.607262 106.525904 50
1182 1436.403585379709 -1493.7284252194654 29.607242 106.525715 50
1183 976.0158494058453 -455.37323376028644 29.61661 106.520963 50
1184 1014.4658407942102 -439.4080003554584 29.616754 106.52136 50
1185 1046.0394506910407 -427.87711811889284 29.616858 106.521686 50
1186 1104.0536964504995 -410.0253552956956 29.617019 106.522285 50
1187 1192.9784351498272 -524.9635662045439 29.615982 106.523203 50
1188 1210.8014065434124 -539.2607917225552 29.615853 106.523387 50
1189 1220.294098140391 -546.9081375848748 29.615784 106.523485 50
1190 1230.5618438178367 -556.3289262918602 29.615699 106.523591 50
1191 680.5133039701121 -489.2030640307211 29.616305 106.517912 50
1192 698.5280911204107 -484.43557962976865 29.616348 106.518098 50
1193 713.5405206231093 -482.32856156292064 29.616367 106.518253 50
1194 730.974245390245 -479.0020600089129 29.616397 106.518433 50
1195 745.3087561862865 -478.1143495978581 29.616405 106.518581 50
1196 754.0257830732156 -479.00053559480455 29.616397 106.518671 50
1197 764.5832640644472 -482.8794317139152 29.616362 106.51878 50
1198 772.9131880143335 -488.3103154747622 29.616313 106.518866 50
1199 779.5966179309013 -494.29553746318084 29.616259 106.518935 50
1200 784.9244515047886 -505.6014582448262 29.616157 106.51899 50
1201 787.6373054141428 -518.459404030878 29.616041 106.519018 50
1202 785.2167462424693 -530.3200951553587 29.615934 106.518993 50
1203 1077.826152572811 389.9482139995573 29.624236 106.522015 50
1204 1082.9580115236756 401.0333213772651 29.624336 106.522068 50
1205 1090.026982797071 410.34508097522377 29.62442 106.522141 50
1206 1098.3551652216734 417.5508916266878 29.624485 106.522227 50
1207 1093.705352897552 429.1892823286262 29.62459 106.522179 50
1208 1081.018316027639 429.52059196374285 29.624593 106.522048 50
1209 1070.5583780388386 433.9534352914231 29.624633 106.52194 50
1210 1017.0045794015745 403.35492202106457 29.624357 106.521387 50
1211 658.9615747270055 360.2090517294524 29.623968 106.51769 50
1212 1024.5582562620502 408.121992704354 29.6244 106.521465 50
1213 1026.0116279981999 400.9171265550966 29.624335 106.52148 50
1214 642.5947007415425 352.6705662320335 29.6239 106.517521 50
1215 644.2409581543741 355.44181379830326 29.623925 106.517538 50
1216 645.015563840326 358.5455498910268 29.623953 106.517546 50
1217 644.724835295755 361.76007095106377 29.623982 106.517543 50
1218 643.368798852495 364.6419925433689 29.624008 106.517529 50
1219 641.2380115795034 366.9696393793653 29.624029 106.517507 50
1220 638.4293278338807 368.63217127100353 29.624044 106.517478 50
1221 635.233316147114 369.1862206366898 29.624049 106.517445 50
1222 632.0373609440543 368.7426557371431 29.624045 106.517412 50
1223 628.9383092730975 367.3014819973489 29.624032 106.51738 50
1224 626.5172540567305 364.7518856279297 29.624009 106.517355 50
1225 625.1615559916511 361.6481184131842 29.623981 106.517341 50
1226 624.871203418092 358.2118722310359 29.62395 106.517338 50
1227 625.7430205870264 354.8865369152653 29.62392 106.517347 50
1228 627.7769837082453 352.1154972490712 29.623895 106.517368 50
1229 630.5856886876819 350.12042434580786 29.623877 106.517397 50
1230 633.9754267187241 349.12300009706973 29.623868 106.517432 50
1231 637.1714000143367 349.34487328118166 29.62387 106.517465 50
1232 640.1736201854321 350.56435147972195 29.623881 106.517496 50
1233 612.5713528790136 361.0931937487213 29.623976 106.517211 50
1234 458.5830157366979 363.3027703787639 29.623996 106.515621 50
1235 634.9419762572346 383.26366292581713 29.624176 106.517442 50
1236 634.6425465342826 540.4434794129181 29.625594 106.517439 50
1237 1121.2500696139955 28.03992648073716 29.620971 106.522463 50
1238 1120.8659529852455 -4.881396921239915 29.620674 106.522459 50
1239 1119.0268867000132 -15.966187800764317 29.620574 106.52244 50
1240 1115.1537963276824 -25.610181490009985 29.620487 106.5224 50
1241 1108.956178783373 -34.36763499271099 29.620408 106.522336 50
1242 1098.1096499328785 -42.793002417396394 29.620332 106.522224 50
1243 1088.0402908287952 -75.71526461803211 29.620035 106.52212 50
1244 1099.468674498344 -74.49484457118159 29.620046 106.522238 50
1245 1110.5098681548147 -75.49137248439138 29.620037 106.522352 50
1246 1120.582712440984 -78.15067719358304 29.620013 106.522456 50
1247 1129.5903259067647 -82.14023284214913 29.619977 106.522549 50
1248 1138.017115788288 -88.90099169752231 29.619916 106.522636 50
1249 1146.734867735015 -99.54132659312039 29.61982 106.522726 50
1250 1152.0629520492002 -111.512155606733 29.619712 106.522781 50
1251 1166.209530984889 -171.03502638952665 29.619175 106.522927 50
1252 1138.6935384899652 -73.71501240122296 29.620053 106.522643 50
1253 1145.1864466429845 -111.40201305278731 29.619713 106.52271 50
1254 1142.3805235017087 -138.7812749788257 29.619466 106.522681 50
1255 1149.9350796247415 -139.55642615279206 29.619459 106.522759 50
1256 1090.2683324911277 -80.37058316776901 29.619993 106.522143 50
1257 1102.9562834217709 -84.13811005247675 29.619959 106.522274 50
1258 1114.0947676337355 -89.4576213148896 29.619911 106.522389 50
1259 1122.7152463879968 -96.10752630489678 29.619851 106.522478 50
1260 1129.0116228363304 -106.08304036841675 29.619761 106.522543 50
1261 1133.1774663261708 -118.05399504960477 29.619653 106.522586 50
1262 1134.92210359342 -130.91196144798795 29.619537 106.522604 50
1263 1133.9550369558194 -145.32204631443958 29.619407 106.522594 50
1264 1130.3728736812689 -158.95647203963716 29.619284 106.522557 50
1265 1120.786396427636 -178.13379982622206 29.619111 106.522458 50
1266 1084.2780597438687 -230.90010230653246 29.618635 106.522081 50
1267 1071.1076931821958 -248.19334866381314 29.618479 106.521945 50
1268 997.5620110298707 135.54896068336325 29.621941 106.521186 50
1269 -314.0645473367748 551.4037038957679 29.625693 106.507643 50
1270 75.35636560279046 269.6286836107133 29.623151 106.511664 50
1271 32.35579740473329 174.63336213611973 29.622294 106.51122 50
1272 23.92992514167541 156.01119617931747 29.622126 106.511133 50
1273 17.150467702929827 140.82526839507452 29.621989 106.511063 50
1274 -33.69604086390011 29.203295120264528 29.620982 106.510538 50
1275 -46.7710688206224 -11.033783860551111 29.620619 106.510403 50
1276 -50.935778014068056 -35.087363325826274 29.620402 106.51036 50
1277 -55.295777066961534 -377.71246502964954 29.617311 106.510315 50
1278 -764.7721194564396 -647.8182517380633 29.614874 106.50299 50
1279 -763.2237463688082 -667.4380948067364 29.614697 106.503006 50
