1 2
3 4
4 5
5 6
6 7
7 8
8 9
9 10
10 11
12 13
13 14
14 15
15 16
16 17
17 18
18 19
19 20
10 21
22 23
24 25
25 26
26 27
27 28
28 29
29 30
30 31
31 32
32 33
33 34
34 35
35 36
36 37
37 38
38 39
40 41
41 42
42 43
43 1
44 45
45 46
46 47
48 49
49 50
50 51
52 53
53 54
54 55
56 57
57 58
58 59
60 61
61 62
62 63
64 65
65 66
66 67
67 68
69 70
71 72
73 74
74 75
75 76
76 77
77 78
78 79
80 81
81 82
82 83
83 84
84 85
86 87
87 88
88 89
89 90
90 91
91 76
76 92
92 93
93 94
94 95
96 97
97 98
98 99
99 86
86 100
100 101
101 102
102 103
103 104
104 105
105 106
107 108
108 109
109 110
110 111
111 112
112 113
113 114
114 115
115 116
116 117
118 119
120 92
92 121
121 122
122 123
124 125
125 126
126 118
70 127
127 128
128 129
130 123
123 131
131 79
79 132
132 133
133 134
134 135
135 136
136 137
137 138
138 72
72 96
96 125
139 140
140 141
142 23
23 143
143 144
144 145
145 146
146 147
147 148
148 149
150 151
151 152
152 153
153 154
154 155
155 156
156 157
157 158
158 159
159 160
160 24
161 162
162 163
163 164
164 165
165 166
166 167
167 168
168 169
169 170
170 171
171 172
172 173
173 174
174 175
175 176
176 177
177 178
178 179
179 180
181 182
182 183
183 184
184 185
185 186
186 187
187 188
188 189
189 190
190 191
191 192
192 193
193 194
194 195
195 196
196 197
197 198
198 199
199 200
180 201
201 202
202 203
203 204
204 205
205 206
119 207
207 208
208 209
209 210
210 211
211 212
212 213
214 181
215 216
217 218
218 219
219 220
220 221
221 222
222 223
223 224
224 225
225 226
227 217
228 229
229 230
230 231
231 232
232 233
233 234
234 235
235 236
47 237
237 238
238 239
239 240
240 241
241 242
242 243
243 244
244 245
231 246
246 247
247 248
248 249
249 250
251 252
252 253
253 254
254 255
255 256
256 257
257 258
258 259
259 260
260 261
261 262
262 241
263 264
264 265
265 266
266 267
267 268
268 269
269 270
270 271
271 272
272 273
273 24
218 274
274 275
275 276
276 277
277 278
278 279
279 280
280 281
281 282
282 283
283 284
284 285
285 286
286 287
287 288
288 289
289 290
290 291
291 292
292 293
293 294
294 237
295 296
296 297
297 298
298 220
299 300
300 301
301 302
302 303
303 304
304 305
305 306
306 307
307 308
308 154
309 310
310 311
311 215
217 312
312 313
313 299
314 315
315 316
316 317
317 318
318 319
319 320
320 321
321 322
322 323
323 324
324 325
325 326
326 327
327 328
328 329
329 330
331 332
332 333
333 227
216 334
334 335
335 314
336 337
337 338
338 339
339 340
340 341
341 342
342 343
343 344
344 345
345 346
346 347
347 348
348 349
349 350
351 352
352 353
353 354
354 355
355 356
356 357
357 358
358 359
359 360
360 361
361 362
362 363
363 364
364 365
365 366
366 367
367 368
368 39
369 370
370 371
371 372
372 373
373 374
374 375
376 377
377 378
378 379
379 380
380 381
381 382
383 384
384 385
385 386
386 387
387 388
388 389
389 390
390 391
391 392
392 393
393 394
394 395
395 396
396 397
397 398
398 399
400 401
401 402
402 403
403 383
404 405
405 406
406 407
407 408
408 409
409 410
410 411
411 412
412 413
413 414
414 415
415 416
222 417
417 418
418 419
419 420
420 421
421 422
422 423
423 424
424 425
425 426
427 428
428 429
429 430
430 431
431 432
432 433
434 435
435 436
436 437
438 439
155 440
440 441
441 442
442 443
443 444
444 445
445 446
446 447
447 448
448 309
449 450
450 451
451 452
452 453
453 454
454 455
455 456
456 457
458 459
459 460
460 461
461 462
462 463
463 464
464 465
465 466
466 467
467 468
468 469
469 470
470 471
471 472
472 473
473 474
474 331
475 476
477 478
478 479
479 480
480 481
423 482
482 483
484 485
485 486
486 487
487 488
488 489
489 481
481 221
58 490
490 53
134 491
491 492
492 91
493 494
494 495
495 496
496 497
497 498
498 110
110 499
64 500
500 501
494 502
502 503
503 504
504 505
505 506
506 507
507 508
508 509
509 510
510 511
511 512
513 514
514 515
515 493
493 516
516 517
517 518
518 519
519 520
520 521
521 508
389 522
522 523
523 524
524 525
525 526
526 527
527 528
528 529
529 530
530 531
531 532
533 534
534 535
536 537
537 538
538 539
539 540
540 541
541 542
542 543
543 544
544 545
546 547
547 40
20 548
245 546
548 369
369 549
549 550
550 551
551 552
553 554
554 555
555 556
556 557
557 558
559 560
561 73
73 562
562 563
563 139
139 564
564 565
565 566
566 105
560 567
567 568
568 89
89 136
136 569
570 490
571 572
572 573
573 574
574 15
575 576
576 577
577 578
578 579
579 580
580 581
581 582
582 583
583 584
584 585
586 587
587 588
588 589
589 590
591 592
592 593
593 594
594 595
216 596
596 597
597 598
598 599
599 600
600 601
601 602
603 604
604 605
605 606
439 607
607 120
120 608
608 75
75 609
609 610
610 141
141 611
611 568
568 612
612 100
613 80
558 614
68 55
55 615
615 616
616 617
614 618
618 619
619 620
617 621
621 622
622 623
623 624
625 626
626 627
627 429
429 435
435 628
582 629
629 630
631 632
632 633
633 634
635 636
636 637
637 638
638 639
639 640
640 641
641 642
642 416
416 643
643 391
535 635
532 644
644 645
645 107
646 647
647 648
648 649
649 650
650 651
651 652
653 654
654 655
655 656
656 657
657 658
658 659
659 660
660 48
48 661
661 662
662 663
663 664
172 665
665 666
666 667
667 668
668 669
669 670
670 671
671 672
672 655
673 674
674 675
675 676
676 677
677 678
678 197
679 680
680 681
681 661
195 682
682 683
683 684
684 685
629 686
686 687
687 688
689 690
690 691
691 692
692 693
693 694
694 695
695 696
696 697
697 698
698 699
699 700
700 701
701 702
702 703
703 704
704 705
705 706
706 707
707 708
708 709
709 710
710 711
711 712
712 182
713 714
714 715
715 716
716 717
717 718
719 720
720 721
714 720
715 722
723 135
135 90
90 611
611 724
724 613
41 725
725 726
726 727
727 65
728 729
652 730
730 177
226 731
731 646
646 732
732 733
733 653
224 734
734 735
735 736
736 737
737 738
738 739
739 740
740 741
741 742
742 743
743 191
744 745
745 746
746 747
747 748
748 749
749 750
750 751
751 752
753 754
754 755
755 752
752 756
756 728
190 757
757 758
758 759
759 760
760 761
761 762
762 763
763 764
764 729
739 765
765 766
766 767
767 768
768 769
769 770
770 761
771 483
483 772
772 773
773 774
774 775
775 776
776 777
777 778
778 674
589 592
592 779
779 780
780 781
782 783
783 784
784 785
786 787
787 788
788 789
789 631
631 782
790 791
791 792
792 793
793 794
794 795
795 295
542 796
213 797
797 798
798 799
799 800
800 801
801 802
802 803
206 804
804 805
805 806
806 807
807 808
808 809
809 810
810 811
624 603
812 553
811 813
813 814
814 815
815 816
816 69
803 817
817 818
818 819
819 820
820 689
689 821
821 822
822 823
823 824
824 214
825 826
826 827
828 829
829 830
830 512
512 571
571 831
831 68
620 575
575 832
832 833
833 834
834 835
835 836
836 837
837 838
838 839
839 840
61 826
826 841
842 843
843 844
844 828
845 846
846 847
847 848
848 849
849 850
850 792
851 852
852 853
853 854
854 790
855 151
342 856
856 857
857 858
858 859
859 860
861 862
862 863
863 864
864 865
865 866
866 867
867 868
868 869
869 870
870 871
871 872
872 873
873 874
874 875
875 876
876 877
877 878
878 879
879 880
880 881
881 882
882 883
883 153
860 884
884 885
885 886
886 887
887 888
888 889
889 861
890 891
891 892
892 893
893 46
375 894
894 895
895 896
896 897
897 898
898 899
899 900
900 901
901 902
902 903
903 904
904 905
905 906
906 457
552 228
476 907
907 908
908 909
910 911
912 910
909 913
913 914
914 915
915 336
336 916
916 917
917 918
918 227
919 912
602 919
920 921
922 923
615 56
56 82
82 924
924 925
925 926
926 927
927 621
557 928
928 929
929 930
930 931
931 81
81 932
932 618
359 933
933 934
934 935
935 936
936 937
937 938
939 940
940 941
941 942
942 943
943 944
944 360
945 946
946 947
947 948
948 949
949 950
950 840
117 951
951 952
952 953
953 954
954 630
630 955
955 634
634 956
956 957
957 782
958 959
959 960
960 961
961 962
962 963
963 499
499 964
964 533
954 686
686 581
703 965
965 966
966 967
967 968
968 969
969 85
85 514
514 938
85 970
970 434
434 971
971 428
428 972
972 973
973 974
974 975
975 976
976 977
977 978
978 979
628 969
969 719
719 713
713 980
980 981
981 841
841 924
924 931
931 559
937 513
513 970
970 628
628 982
982 983
983 984
984 704
938 985
985 939
939 986
986 987
987 988
988 108
108 964
964 989
989 990
729 991
992 993
993 994
994 995
995 996
996 997
997 998
998 999
999 1000
1000 1001
1001 1002
1002 173
991 1003
1003 1004
1004 215
458 1005
1005 1006
1006 1007
685 778
778 1008
1009 675
675 685
685 1010
1010 1011
1011 1012
1012 1013
1013 1014
1014 1015
1015 1016
498 1017
1017 987
1018 1019
1020 1021
1021 1022
1022 1023
485 1023
1023 1024
1024 477
423 1025
1025 477
1026 1027
1027 1028
1028 1029
1029 485
477 1030
1030 1031
1031 1032
1032 1033
1019 1034
674 1035
1036 1037
1037 48
661 1038
1038 1036
1039 1040
1040 1041
1041 1042
1042 1043
1043 1044
1044 1045
1045 1046
1046 1047
1047 1048
1048 1049
1049 1050
1050 1039
1045 1017
1039 109
938 1051
1051 1052
1052 1053
1053 495
496 1054
1054 1055
1055 1056
1056 1057
1057 986
1053 1058
1058 1059
1059 1060
1060 1061
515 1062
1062 1063
1063 1064
1064 1065
1065 1066
113 1067
1067 1068
1068 1069
1069 1070
1070 1071
1071 504
1068 1072
114 1073
508 1074
1074 1075
1075 1076
1075 1077
1077 1078
1079 1080
1080 1081
505 1082
1082 1083
1083 1084
1084 1085
1085 1086
1086 1087
1087 1080
511 1088
1088 1089
1089 1090
1090 1091
115 1092
1092 1093
1093 1094
1067 1095
1095 1096
1096 1097
502 1098
1098 1099
1099 1100
1100 1101
1101 1102
1102 1103
1103 1068
1100 1104
1104 497
1101 1069
1070 1105
1105 1098
518 505
502 516
520 507
687 578
1106 1107
1107 958
630 1106
634 438
1108 956
956 633
633 1109
1109 946
95 1108
839 1110
1110 948
947 1109
1109 1111
955 1112
1112 1113
1114 1115
1115 607
607 93
1116 1117
1117 1118
1118 1119
1119 1120
1120 1121
1121 1122
1122 1123
1123 1124
1124 1114
1114 1116
1116 1125
1125 1126
1126 1127
1127 608
1118 1128
1128 1129
1129 1130
1130 1131
1131 1132
1132 1117
1124 1119
140 1133
1133 74
94 1134
1134 1135
1135 1136
1136 1137
1137 1138
1138 1139
133 1140
131 1141
132 1142
609 1143
1143 1144
1144 1145
1145 1146
1146 1147
1147 1148
1148 1149
1149 1150
1150 610
1133 1151
563 1152
1152 1153
1153 1154
1154 1155
1155 1156
1156 1151
1151 1157
1157 1158
1158 1159
1159 1160
1160 1161
1161 562
1149 1162
1144 1163
1164 1165
138 1166
1166 1167
1167 1168
1168 1169
1169 1170
1170 88
1166 1171
1171 1172
1172 1173
1173 1174
1174 1175
1175 1176
1176 1177
1177 1178
1178 1179
1179 1169
1177 87
49 681
1180 1181
1181 1182
449 1183
1183 1184
1184 1185
1185 1186
1186 330
330 458
457 1187
1187 1188
1188 1189
1189 1190
1190 599
375 1191
1191 1192
1192 1193
1193 1194
1194 1195
1195 1196
1196 1197
1197 1198
1198 1199
1199 1200
1200 1201
1201 1202
1202 351
735 1203
1203 1204
1204 1205
1205 1206
1206 771
1016 1207
1207 1208
1208 1209
1209 737
1210 431
431 1211
762 1212
1212 1210
1210 1213
1213 763
1214 1215
1215 1216
1216 1217
1217 1218
1218 1219
1219 1220
1220 1221
1221 1222
1222 1223
1223 1224
1224 1225
1225 1226
1226 1227
1227 1228
1228 1229
1229 1230
1230 1231
1231 1232
1232 1214
1233 1234
1235 1236
430 436
1237 1238
1238 1239
1239 1240
1240 1241
1241 1242
1242 625
979 1243
1243 1244
1244 1245
1245 1246
1246 1247
1247 1248
1248 1249
1249 1250
1250 1251
1251 1004
991 1237
1237 1252
1253 1254
1254 251
1252 1253
1253 1255
1255 263
979 1256
1256 1257
1257 1258
1258 1259
1259 1260
1260 1261
1261 1262
1262 1263
1263 1264
1264 1265
1265 1266
1266 1267
1267 257
626 1268
1269 62
62 827
827 981
981 83
83 57
57 570
570 54
54 64
1270 1271
1271 1272
1272 1273
1273 1274
1274 722
722 1275
1275 1276
1276 980
980 84
84 59
59 1277
1277 52
52 501
490 1277
982 968
968 721
721 717
717 1273
2 1278
1278 3
1279 12
149 1279
