0 0 0 30.5460397334337 114.331486111446 50
1 -548.1521013302008 -1065.2258038855668 30.536431 114.325774 50
2 -541.1460609788398 -1050.5924344077914 30.536563 114.325847 50
3 181.23648202869487 557.0004439931658 30.551064 114.333375 50
4 284.37546563403777 781.941252030368 30.553093 114.33445 50
5 378.1547942085044 -343.85673649033697 30.542938 114.335427 50
6 391.39651062565144 -335.20905730713525 30.543016 114.335565 50
7 398.97692708179903 -330.88517624917955 30.543055 114.335644 50
8 485.4311045217166 -269.90773495324885 30.543605 114.336545 50
9 516.9032837128589 -240.30621459264896 30.543872 114.336873 50
10 545.7840768455103 -202.50096935430264 30.544213 114.337174 50
11 554.2272276130471 -184.31922683516723 30.544377 114.337262 50
12 585.888790156339 -116.13762960160116 30.544992 114.337592 50
13 615.9183296474664 -40.86087816591125 30.545671 114.337905 50
14 619.6599976468441 -31.437420798252674 30.545756 114.337944 50
15 646.2352648229656 35.19201359146181 30.546357 114.338221 50
16 652.7591039664024 51.59993728029853 30.546505 114.338289 50
17 656.403160356276 87.29762731496925 30.546827 114.338327 50
18 647.377641968483 186.62918179155287 30.547723 114.338233 50
19 646.1298285352266 193.94598104304373 30.547789 114.33822 50
20 934.8863430683066 -234.84594544712567 30.543921 114.341229 50
21 1036.7946918574157 -269.536357038197 30.543608 114.342291 50
22 179.13243603435933 144.81642434444103 30.547346 114.333353 50
23 189.01533750172172 156.0136261192248 30.547447 114.333456 50
24 198.61041483043437 164.32842705998124 30.547522 114.333556 50
25 205.8067621871669 167.98699838342895 30.547555 114.333631 50
26 213.48288517428426 170.64782847373488 30.547579 114.333711 50
27 224.03759633510032 171.97838258868563 30.547591 114.333821 50
28 233.92067583400396 171.6460066274824 30.547588 114.333924 50
29 1072.7666473028844 814.584085508908 30.553387 114.342667 50
30 1070.2727196958822 807.7104056115547 30.553325 114.342641 50
31 1049.5542218633589 746.4017918069179 30.552772 114.342425 50
32 1047.252147265175 739.6389982879318 30.552711 114.342401 50
33 1027.6844126573847 681.9889829881089 30.552191 114.342197 50
34 1021.3536382982926 663.2527393347327 30.552022 114.342131 50
35 1015.0236639699735 635.7584182163503 30.551774 114.342065 50
36 1013.1085248181771 594.9610998549529 30.551406 114.342045 50
37 1015.0312593910216 554.8293142598775 30.551044 114.342065 50
38 1037.209903312135 403.8376880190366 30.549682 114.342296 50
39 1047.1011564648877 317.144751335895 30.5489 114.342399 50
40 1052.4840490083452 218.03488061803023 30.548006 114.342455 50
41 1035.7021257946594 1119.3396809751819 30.556136 114.342281 50
42 1027.8356232918322 1110.0265338560746 30.556052 114.342199 50
43 1013.061903374728 1092.6198274307792 30.555895 114.342045 50
44 -1254.958144801027 -1389.3259453347819 30.533507 114.318409 50
45 -1272.1395256265455 -1418.8130918408074 30.533241 114.31823 50
46 -990.0386033060026 -806.0000830757178 30.538769 114.321169 50
47 -1000.1161915449329 -824.4021767445648 30.538603 114.321064 50
48 -1013.7449792814172 -849.2338991457993 30.538379 114.320922 50
49 -1034.9561083167423 -887.9225757630943 30.53803 114.320701 50
50 -1084.3851426113565 -976.0526678387448 30.537235 114.320186 50
51 -1100.8943642771455 -1012.4135862595296 30.536907 114.320014 50
52 -1103.9658480384974 -1019.0649655928356 30.536847 114.319982 50
53 -1118.3640713769453 -1055.9803780339348 30.536514 114.319832 50
54 -1128.6359677437335 -1092.896200662757 30.536181 114.319725 50
55 -1134.782134286285 -1135.9098287895295 30.535793 114.319661 50
56 -1137.377629881222 -1178.4803786305888 30.535409 114.319634 50
57 -1142.9533611968477 -1271.3817330714162 30.534571 114.319576 50
58 -1151.603584533554 -1397.097744129081 30.533437 114.319486 50
59 -1152.0840521569103 -1403.0842128139707 30.533383 114.319481 50
60 847.2935515032661 800.8172079927507 30.553263 114.340317 50
61 703.6751558893914 591.278105151951 30.551373 114.33882 50
62 653.684699564551 613.1147408330978 30.55157 114.338299 50
63 472.72284056752403 692.4823642397361 30.552286 114.336413 50
64 444.70565270150735 704.786836170004 30.552397 114.336121 50
65 431.46467274478346 710.661975507247 30.55245 114.335983 50
66 159.36001022715126 567.7536924039115 30.551161 114.333147 50
67 -228.36504670107462 730.0565968759279 30.552625 114.329106 50
68 -271.92452692167683 752.0082423883384 30.552823 114.328652 50
69 -163.99321454763296 153.3525365678831 30.547423 114.329777 50
70 -167.83141929866392 146.14658372082152 30.547358 114.329737 50
71 -172.4372151934223 141.0470171431208 30.547312 114.329689 50
72 -178.48229528419887 136.39092308039585 30.54727 114.329626 50
73 -186.92618579978878 132.1783204765846 30.547232 114.329538 50
74 -197.67290962090468 129.85041548893477 30.547211 114.329426 50
75 -2.313524608865521 268.64749094173845 30.548463 114.331462 50
76 -18.43333219419148 275.07748716974 30.548521 114.331294 50
77 -63.43435566173769 293.8132914096635 30.54869 114.330825 50
78 -73.2213565714268 295.14369412048416 30.548702 114.330723 50
79 -86.55855649243765 294.9220691413834 30.5487 114.330584 50
80 -95.48203319666129 291.81801548826843 30.548672 114.330491 50
81 -105.07721057544876 284.83381482294607 30.548609 114.330391 50
82 -112.56151274969504 274.0803014726409 30.548512 114.330313 50
83 140.554667488932 522.1892404932886 30.55075 114.332951 50
84 100.0652498011318 405.2296262768206 30.549695 114.332529 50
85 53.53003592259907 288.15928910503175 30.548639 114.332044 50
86 -62.764140323407794 45.26130735329595 30.546448 114.330832 50
87 -80.41982286532212 7.7901696677227505 30.54611 114.330648 50
88 -109.49446387563947 -60.943823933844136 30.54549 114.330345 50
89 -1246.636993225458 34.357650430419426 30.546349 114.318494 50
90 -1242.0342860743197 7.750313052037974 30.546109 114.318542 50
91 -1235.894724073608 -5.110346950163958 30.545993 114.318606 50
92 -1228.6029710785356 -11.541155896643378 30.545935 114.318682 50
93 -1211.1402635573575 -19.41430542773429 30.545864 114.318864 50
94 -965.507201400964 -118.10591832645262 30.544974 114.321424 50
95 -649.7284848923728 -256.37399267915566 30.543727 114.324715 50
96 -524.3165843285072 -308.70749807238417 30.543255 114.326022 50
97 -279.24661527234514 -414.58946643407836 30.5423 114.328576 50
98 -253.72228998438925 -428.78038392606675 30.542172 114.328842 50
99 77.80604764896447 235.83269713128357 30.548167 114.332297 50
100 71.18532943713926 244.70159014149553 30.548247 114.332228 50
101 69.07434304723395 253.0162064988666 30.548322 114.332206 50
102 69.17022004660733 264.65668933035477 30.548427 114.332207 50
103 72.62438552816778 276.9623648049063 30.548538 114.332243 50
104 125.77983503111835 408.5557474617255 30.549725 114.332797 50
105 164.92584493418497 514.4292603747965 30.55068 114.333205 50
106 -120.62594878020289 -132.2277663396684 30.544847 114.330229 50
107 -100.37884340935645 -64.26976294386044 30.54546 114.33044 50
108 -85.98451566572076 85.39340449321736 30.54681 114.33059 50
109 -78.30835458451621 75.30493076476775 30.546719 114.33067 50
110 -74.08647427411276 67.65544326253162 30.54665 114.330714 50
111 -73.0310442423848 59.67339328942106 30.546578 114.330725 50
112 -74.66230678983504 51.137053198835545 30.546501 114.330708 50
113 -127.24592368207477 -54.84623691180954 30.545545 114.33016 50
114 -152.7707678741224 -128.12547813240468 30.544884 114.329894 50
115 -52.113341461369465 42.04626142903554 30.546419 114.330943 50
116 -6.631413619158337 137.3872081079558 30.547279 114.331417 50
117 63.4130254812321 284.16831990132414 30.548603 114.332147 50
118 110.7157516916571 401.1278450186879 30.549658 114.33264 50
119 72.0503861668882 20.53920594382604 30.546225 114.332237 50
120 137.4909899687022 -4.29318036336036 30.546001 114.332919 50
121 -9.125177587559563 1322.6107889655696 30.55797 114.331391 50
122 -41.937599219286255 1251.770117878349 30.557331 114.331049 50
123 -45.8712806817293 1243.3446305583125 30.557255 114.331008 50
124 -115.23941402227854 1093.681618016732 30.555905 114.330285 50
125 -121.37997690936933 1080.489123699243 30.555786 114.330221 50
126 -165.70761472913253 984.9267946818402 30.554924 114.329759 50
127 -360.19838165087106 673.8532494465464 30.552118 114.327732 50
128 -368.3541858702096 666.536645431155 30.552052 114.327647 50
129 480.13347353363383 181.74254975856675 30.547679 114.33649 50
130 456.8171903844603 180.07861411803083 30.547664 114.336247 50
131 348.0077883946616 171.8707988073163 30.54759 114.335113 50
132 293.5070461821214 168.76505451583424 30.547562 114.334545 50
133 284.19969280067266 168.43222081612913 30.547559 114.334448 50
134 279.97779071392773 168.6538341622711 30.547561 114.334404 50
135 273.54898852427 168.87539312218775 30.547563 114.334337 50
136 264.24158587454724 170.53808758550366 30.547578 114.33424 50
137 212.23523288448297 184.61638102070884 30.547705 114.333698 50
138 -84.83137206143144 303.2366860755049 30.548775 114.330602 50
139 -92.41145228115545 308.89069705212324 30.548826 114.330523 50
140 -99.99151945223679 315.09902210449343 30.548882 114.330444 50
141 -106.99585866224015 322.7485494978092 30.548951 114.330371 50
142 -1499.9567364683605 13.991257191440205 30.546165 114.315854 50
143 -1488.5381411205556 14.876573490968592 30.546173 114.315973 50
144 -1357.848084479664 25.3912407017285 30.546268 114.317335 50
145 -1295.9575072614468 30.372425500655883 30.546313 114.31798 50
146 -1186.5696560371834 39.11794799800701 30.546392 114.31912 50
147 -1079.1010576862277 47.75390632121682 30.54647 114.32024 50
148 -909.1665124671105 63.48065111988181 30.546612 114.322011 50
149 -659.5912503690305 83.08507629752879 30.546789 114.324612 50
150 -645.3901481537079 84.19283678940076 30.546799 114.32476 50
151 -427.8641958083736 100.47871711061526 30.546946 114.327027 50
152 -196.80949618107636 121.09232425892557 30.547132 114.329435 50
153 -1063.304052870588 -311.21776480183917 30.543232 114.320405 50
154 -761.1467587245894 -446.9378891433389 30.542008 114.323554 50
155 -648.1117047035268 -497.94159834999596 30.541548 114.324732 50
156 -560.8878204461255 -537.0806228178009 30.541195 114.325641 50
157 -373.48375855312 -617.7959656816854 30.540467 114.327594 50
158 -1200.262380639251 -567.9589675872985 30.540916 114.318978 50
159 -1234.5269801283157 -632.2548418020579 30.540336 114.318621 50
160 -1239.901894552128 -642.6752173016888 30.540242 114.318565 50
161 429.6255916109408 1115.4184618408156 30.556101 114.335964 50
162 432.3120708664525 1114.0882264965544 30.556089 114.335992 50
163 -1273.7670639597734 -1385.7761798104648 30.533539 114.318213 50
164 -1316.8549490232851 -1378.897609141941 30.533601 114.317764 50
165 -1358.7907575999693 -1368.5823055625556 30.533694 114.317327 50
166 -1500.1428769029444 -1328.653493620684 30.534054 114.315854 50
167 -340.9704953626354 -1153.9235364168126 30.535631 114.327933 50
168 -357.9556357818136 -1139.6218519697754 30.53576 114.327756 50
169 -391.35025728175947 -1118.1135605021655 30.535954 114.327408 50
170 -497.48356299367356 -1065.1173909813513 30.536432 114.326302 50
171 -537.6881153947069 -984.6299916756433 30.537158 114.325883 50
172 -562.5433724923879 -1003.6969129669017 30.536986 114.325624 50
173 -582.1201156311577 -1010.6801542907942 30.536923 114.32542 50
174 -601.1205350526536 -1007.3532690437451 30.536953 114.325222 50
175 -626.9343828974485 -1005.688880813769 30.536968 114.324953 50
176 -49.240771888353635 -1282.9715910755615 30.534467 114.330973 50
177 -69.39332408009838 -1265.6770869445388 30.534623 114.330763 50
178 -110.5620922041654 -1248.2714889841307 30.53478 114.330334 50
179 -174.282253630534 -1221.2204431880932 30.535024 114.32967 50
180 -212.47581269598734 -1205.0339804262362 30.53517 114.329272 50
181 -224.7593419985935 -1209.3573310271574 30.535131 114.329144 50
182 1500.541946292269 -900.5062334627008 30.537916 114.347123 50
183 1497.3749504516338 -898.6220257988798 30.537933 114.34709 50
184 1458.0279098703977 -878.1180118745314 30.538118 114.34668 50
185 1424.0552298015323 -860.4955488109512 30.538277 114.346326 50
186 1397.4724139683365 -848.6368279791574 30.538384 114.346049 50
187 1366.8593320492625 -837.1111363009691 30.538488 114.34573 50
188 1326.1701381301946 -823.3693663261695 30.538612 114.345306 50
189 1280.5872403120445 -811.2909470156644 30.538721 114.344831 50
190 1214.4683042443148 -794.4476127007238 30.538873 114.344142 50
191 1165.0474189594909 -784.1429214757804 30.538966 114.343627 50
192 1080.1202629592171 -764.1966504377651 30.539146 114.342742 50
193 1035.8812382630751 -751.119310621245 30.539264 114.342281 50
194 984.1573520333202 -737.2664420997755 30.539389 114.341742 50
195 925.9082070983401 -722.1944090446533 30.539525 114.341135 50
196 891.1699611528251 -713.7718460011567 30.539601 114.340773 50
197 862.8613680930363 -708.8962311658712 30.539645 114.340478 50
198 820.6387119576124 -705.3519457042698 30.539677 114.340038 50
199 740.4158992361486 -700.9232702891644 30.539717 114.339202 50
200 724.39052911971 -699.9266009423967 30.539726 114.339035 50
201 708.1731913964711 -698.1538893084125 30.539742 114.338866 50
202 698.9610075321445 -697.6001804921976 30.539747 114.33877 50
203 712.012111671279 -706.1356716162186 30.53967 114.338906 50
204 149.67722770552433 -12.607645693436417 30.545926 114.333046 50
205 157.35364908486946 -20.70044035516792 30.545853 114.333126 50
206 165.1260545046498 -30.01270661839158 30.545769 114.333207 50
207 174.91359761912673 -44.868019245295855 30.545635 114.333309 50
208 201.1097565306224 -82.22795212005167 30.545298 114.333582 50
209 225.48291000668718 -117.37062422412446 30.544981 114.333836 50
210 254.65414589482836 -159.82999814922934 30.544598 114.33414 50
211 286.9923356331408 -209.6060771806632 30.544149 114.334477 50
212 325.6641815414038 -268.13993803671013 30.543621 114.33488 50
213 362.5131036589989 -321.68494306630834 30.543138 114.335264 50
214 388.80652951282093 -358.82268051614744 30.542803 114.335538 50
215 443.12130343314493 -436.6454594145706 30.542101 114.336104 50
216 481.21908651094776 -495.8439389229619 30.541567 114.336501 50
217 525.1710950482311 -561.9154165570725 30.540971 114.336959 50
218 545.9956252180494 -591.6252961783198 30.540703 114.337176 50
219 571.042743431293 -626.4345459873557 30.540389 114.337437 50
220 586.2053303857372 -645.3910681784068 30.540218 114.337595 50
221 610.6760931236987 -665.1230783294639 30.54004 114.33785 50
222 629.9648212675613 -679.7557024312486 30.539908 114.338051 50
223 647.7179189107386 -688.956166036245 30.539825 114.338236 50
224 674.9711228413395 -698.9320429414415 30.539735 114.33852 50
225 750.876028412294 -708.1285524759197 30.539652 114.339311 50
226 797.2248788548391 -710.675052641134 30.539629 114.339794 50
227 800.2956066217615 -710.785687499746 30.539628 114.339826 50
228 821.118982782844 -711.5601581049948 30.539621 114.340043 50
229 862.6699784764446 -715.5479415850277 30.539585 114.340476 50
230 889.4432094622919 -720.2019600510502 30.539543 114.340755 50
231 925.9087383501951 -728.402657700597 30.539469 114.341135 50
232 983.3902344884102 -743.4747604322358 30.539333 114.341734 50
233 1035.3060383871252 -756.9950294009503 30.539211 114.342275 50
234 1079.8329679441783 -770.0723427302298 30.539093 114.342739 50
235 1163.9923766825098 -789.0209443292231 30.538922 114.343616 50
236 1212.4539239674903 -801.5429793156776 30.538809 114.344121 50
237 1279.916418986607 -818.9404747544522 30.538652 114.344824 50
238 1324.347761372695 -830.5755915258655 30.538547 114.345287 50
239 1365.9965078024863 -843.6520777047665 30.538429 114.345721 50
240 1378.7599500652336 -848.4175058866033 30.538386 114.345854 50
241 1396.129758061632 -854.8452489615313 30.538328 114.346035 50
242 1421.4650461900999 -866.3715522953823 30.538224 114.346299 50
243 1455.1497962848575 -883.5506158418392 30.538069 114.34665 50
244 1493.5372953737804 -904.4982188183146 30.53788 114.34705 50
245 1500.543068536497 -908.5991269438325 30.537843 114.347123 50
246 680.4403550974009 -691.2822507143783 30.539804 114.338577 50
247 644.8384181422532 -677.0941478950112 30.539932 114.338206 50
248 616.8170956276903 -657.9167263427291 30.540105 114.337914 50
249 595.9928358030947 -638.9605607836882 30.540276 114.337697 50
250 579.774499605994 -616.4565375610948 30.540479 114.337528 50
251 546.2822705881961 -567.235728307745 30.540923 114.337179 50
252 499.73908843577277 -497.83860837938425 30.541549 114.336694 50
253 465.00005517207654 -446.62208758520677 30.542011 114.336332 50
254 417.11439922543076 -374.2313939138801 30.542664 114.335833 50
255 402.7200151636911 -351.8378881131541 30.542866 114.335683 50
256 1011.0850329607957 -339.8250761949704 30.542974 114.342023 50
257 978.6597822835047 -429.51512245193874 30.542165 114.341685 50
258 967.2434473032962 -458.6727573032303 30.541902 114.341566 50
259 953.4274752641808 -480.7354468991031 30.541703 114.341422 50
260 932.1269027589085 -505.0159980313648 30.541484 114.3412 50
261 897.3925123083634 -534.729848204407 30.541216 114.340838 50
262 876.4746800985921 -548.3675415326838 30.541093 114.34062 50
263 853.6377354937412 -563.4465466730129 30.540957 114.340382 50
264 817.2711959302255 -587.2846007404195 30.540742 114.340003 50
265 781.5760576542557 -609.0161128299294 30.540546 114.339631 50
266 739.5476454896702 -633.4086196373103 30.540326 114.339193 50
267 724.6746517396194 -643.8306163100386 30.540232 114.339038 50
268 714.5997134685887 -655.9152004254782 30.540123 114.338933 50
269 707.1159446663904 -672.3232079929942 30.539975 114.338855 50
270 1058.4831073313462 -293.4803736457903 30.543392 114.342517 50
271 1134.0994495561313 -320.0795062863924 30.543152 114.343305 50
272 1230.8278356116787 -357.0967222900158 30.542818 114.344313 50
273 1322.278642391451 -389.2358059337856 30.542528 114.345266 50
274 1381.4869546172763 -410.8464255799256 30.542333 114.345883 50
275 1479.752047456766 -445.86570565869863 30.542017 114.346907 50
276 1500.4798500920824 -452.7362713910313 30.541955 114.347123 50
277 1500.477712952292 -437.32650537906136 30.542094 114.347123 50
278 1475.1438438220987 -429.4588138980688 30.542165 114.346859 50
279 -4.328075832414868 1333.2535281337512 30.558066 114.331441 50
280 14.092707241177209 1374.050716119334 30.558434 114.331633 50
281 -277.34723606293437 -1185.8534706210417 30.535343 114.328596 50
282 -215.83472708962825 -1213.1268040160567 30.535097 114.329237 50
283 -506.69697860586314 -1085.515484721111 30.536248 114.326206 50
284 -433.09467184253856 -1124.3202151203366 30.535898 114.326973 50
285 -398.16454578535206 -1141.8376772215406 30.53574 114.327337 50
286 -353.54210180033766 -1164.1223923481712 30.535539 114.327802 50
287 -339.3396510532864 -1171.2179840756103 30.535475 114.32795 50
288 -318.51573799664413 -1181.0852918739572 30.535386 114.328167 50
289 -558.6118136506259 -1060.0147768971374 30.536478 114.325665 50
290 -232.91665322921565 -1224.9886309240253 30.53499 114.329059 50
291 374.31535880534864 -310.1549298236413 30.543242 114.335387 50
292 324.41586177766027 -238.42905153152844 30.543889 114.334867 50
293 283.2492567083759 -178.56490938705747 30.544429 114.334438 50
294 257.7241914814758 -138.101037565898 30.544794 114.334172 50
295 244.2900836612287 -119.476587728133 30.544962 114.334032 50
296 238.43666836881604 -111.49467751586549 30.545034 114.333971 50
297 207.05861185607188 -65.5985872310614 30.545448 114.333644 50
298 194.4882761635164 -47.41750385944723 30.545612 114.333513 50
299 178.4635895563165 -26.132335601721998 30.545804 114.333346 50
300 161.4795015527344 -9.725071905857895 30.545952 114.333169 50
301 151.21231952138297 -0.5236996186771918 30.546035 114.333062 50
302 143.7278301788956 7.125655388900174 30.546104 114.332984 50
303 137.490727881831 16.32709521299668 30.546187 114.332919 50
304 -518.4056549867793 -1109.5718810384196 30.536031 114.326084 50
305 -520.0371893969125 -1112.786786913168 30.536002 114.326067 50
306 -549.8852736414642 -1180.0782523281066 30.535395 114.325756 50
307 -598.6404642301538 -1277.7446502318633 30.534514 114.325248 50
308 -660.5458360268185 -1407.7815720391554 30.533341 114.324603 50
309 -682.1407463395417 -1447.8012240254916 30.53298 114.324378 50
310 263.26693298678634 792.140004731941 30.553185 114.33423 50
311 99.48531291214803 865.7495083365488 30.553849 114.332523 50
312 -60.64816354344521 937.6985506075225 30.554498 114.330854 50
313 -1500.0295345662387 -511.04954722639974 30.541429 114.315854 50
314 -1495.9036532424695 -513.3782125115852 30.541408 114.315897 50
315 -235.60376194302725 -1229.644755952218 30.534948 114.329031 50
316 -243.47317502385027 -1243.7239926728525 30.534821 114.328949 50
317 -280.2314726595222 -1390.9471629617033 30.533493 114.328566 50
318 -1235.957736995934 -1396.86671327654 30.533439 114.318607 50
319 -550.5501700214134 -1045.381467855398 30.53661 114.325749 50
320 -561.3937078881278 -1040.0595569556288 30.536658 114.325636 50
321 -1463.0884554977463 -532.0074519213224 30.54124 114.316239 50
322 -1451.0945773308708 -538.8824874713694 30.541178 114.316364 50
323 -1386.9031415281227 -576.1404086430132 30.540842 114.317033 50
324 -1353.991606641737 -594.7693277823944 30.540674 114.317376 50
325 -1245.2773296902565 -657.5300537240206 30.540108 114.318509 50
326 -1202.2903129491394 -683.1439445186643 30.539877 114.318957 50
327 -1158.439500376126 -709.2012024357796 30.539642 114.319414 50
328 -926.2278577920765 -843.4769447153751 30.538431 114.321834 50
329 -850.4220755595328 -888.4929635459152 30.538025 114.322624 50
330 -585.1928087969585 -1045.6013724978238 30.536608 114.325388 50
331 -568.8795723350387 -1054.4711652546982 30.536528 114.325558 50
332 -909.0999158012107 -1428.0511913519217 30.533158 114.322013 50
333 -698.5511720852533 -1450.1282677626218 30.532959 114.324207 50
334 -659.5889308955166 -1453.0131115347162 30.532933 114.324613 50
335 -623.6016525332562 -1456.2302283158772 30.532904 114.324988 50
336 -569.9567561592569 -1464.4369360908481 30.53283 114.325547 50
337 -455.85345350531327 -1489.8296212174648 30.532601 114.326736 50
338 -222.6485332519965 -1229.2015843089116 30.534952 114.329166 50
339 -188.77327823662904 -1243.1707778941043 30.534826 114.329519 50
340 -124.09337556879434 -1270.332780747229 30.534581 114.330193 50
341 -68.33788649030322 -1293.6141908664847 30.534371 114.330774 50
342 38.27955394179844 -1336.4068746118458 30.533985 114.331885 50
343 193.45696527875245 -1400.1505653455733 30.53341 114.333502 50
344 205.45282895904177 -1405.4716951101275 30.533362 114.333627 50
345 228.77277176166746 -1413.4532534272007 30.53329 114.33387 50
346 278.96357589986883 -1431.7442189529154 30.533125 114.334393 50
347 377.81030703891645 -1470.6535945712205 30.532774 114.335423 50
348 -1500.0307334352515 -519.6967532032777 30.541351 114.315854 50
349 -1453.7823526952102 -545.8664082217939 30.541115 114.316336 50
350 -1426.532149243137 -561.1689382901794 30.540977 114.31662 50
351 -1370.685501795172 -571.3754265004536 30.540885 114.317202 50
352 -1391.3137817598686 -549.2004711215386 30.541085 114.316987 50
353 -1439.6727618989958 -518.1528915140916 30.541365 114.316483 50
354 -1500.026045533441 -485.8839600085129 30.541656 114.315854 50
355 1500.285288051748 949.8863687564376 30.554607 114.347123 50
356 1476.010094557421 957.5324960373372 30.554676 114.34687 50
357 1443.7713868924584 965.9536448857646 30.554752 114.346534 50
358 1403.0900408014757 970.7153505732601 30.554795 114.34611 50
359 1393.2075700453115 971.7118297529887 30.554804 114.346007 50
360 1320.7681550825193 979.0196235734502 30.55487 114.345252 50
361 1291.1205290092662 984.2265507714926 30.554917 114.344943 50
362 1214.4585960720033 1001.2903961089783 30.555071 114.344144 50
363 1181.548427583055 1011.3751793662711 30.555162 114.343801 50
364 1164.6614899819926 1017.5816115238081 30.555218 114.343625 50
365 1139.9061562693441 1032.8779099504995 30.555356 114.343367 50
366 1112.7516327090145 1054.4931440715231 30.555551 114.343084 50
367 1054.0288953862512 1103.8207902035122 30.555996 114.342472 50
368 1046.2568074189867 1110.3608856389992 30.556055 114.342391 50
369 1049.1367358192515 1093.731885002486 30.555905 114.342421 50
370 1125.898314177845 1032.322133508608 30.555351 114.343221 50
371 1150.7496801928496 1016.0280565918997 30.555204 114.34348 50
372 1173.9695056107466 1004.8335049794525 30.555103 114.343722 50
373 1211.389082815684 994.8600646907779 30.555013 114.344112 50
374 1282.1023871649827 978.4606620740329 30.554865 114.344849 50
375 1322.9757173585754 972.2573208009825 30.554809 114.345275 50
376 1402.6111350885315 964.3961633489017 30.554738 114.346105 50
377 1442.9088424089869 958.7475099715564 30.554687 114.346525 50
378 1473.4204959509511 950.7695706003942 30.554615 114.346843 50
379 1500.2863954726918 941.9043163621657 30.554535 114.347123 50
380 315.0762831917737 855.4434898567114 30.553756 114.33477 50
381 987.0643610342104 1056.6981811653586 30.555571 114.341774 50
382 -186.63850807200149 121.75731427660106 30.547138 114.329541 50
383 -174.16467492792793 121.42452110582505 30.547135 114.329671 50
384 -162.55443449545754 119.76141469103008 30.54712 114.329792 50
385 -151.51994357908382 115.43764766303072 30.547081 114.329907 50
386 -165.04882712511343 144.3727534180217 30.547342 114.329766 50
387 -164.95298630155833 137.05587861143906 30.547276 114.329767 50
388 -161.59479400410953 127.41085862709376 30.547189 114.329802 50
389 -157.4689100465955 122.20029717921267 30.547142 114.329845 50
390 671.920272715169 526.0893585366058 30.550785 114.338489 50
391 639.4020630841694 382.1888159266749 30.549487 114.33815 50
392 635.4697294233886 354.4731461116587 30.549237 114.338109 50
393 980.0612906535533 1047.163424710789 30.555485 114.341701 50
394 962.3147054551443 1012.01862387986 30.555168 114.341516 50
395 911.8551385186831 924.8768431567739 30.554382 114.34099 50
396 899.959578416971 904.6989928016703 30.5542 114.340866 50
397 892.7646700541809 892.3927330869625 30.554089 114.340791 50
398 890.3663636271067 888.2906476256014 30.554052 114.340766 50
399 888.8314403621075 885.7406992658516 30.554029 114.34075 50
400 587.1483266007684 1427.8346692348214 30.558919 114.337606 50
401 533.7123766968625 1363.0885463682182 30.558335 114.337049 50
402 560.001153361023 1348.0126568884477 30.558199 114.337323 50
403 611.0384790901409 1412.9804963663612 30.558785 114.337855 50
404 626.7716961824289 1432.4930931203116 30.558961 114.338019 50
405 644.9031252190019 1456.21860883403 30.559175 114.338208 50
406 652.4818634916171 1465.8640502002306 30.559262 114.338287 50
407 676.1773043017652 1496.3525337662177 30.559537 114.338534 50
408 524.6944536128915 1351.0041578338628 30.558226 114.336955 50
409 477.39821681395193 1282.6001771277947 30.557609 114.336462 50
410 475.3835892639465 1278.9416460109755 30.557576 114.336441 50
411 468.7640774711254 1267.1899968355401 30.55747 114.336372 50
412 464.83073286279887 1260.3163900343561 30.557408 114.336331 50
413 439.1200016605759 1214.5293576025479 30.556995 114.336063 50
414 407.0779583239456 1137.8116869256824 30.556303 114.335729 50
415 402.6648917353199 1128.7208485428378 30.556221 114.335683 50
416 608.8302907290098 1440.3632642036014 30.559032 114.337832 50
417 540.7163290190512 1358.7652800436003 30.558296 114.337122 50
418 334.83966149282776 904.4450124449562 30.554198 114.334976 50
419 319.77597648506224 911.7614376762909 30.554264 114.334819 50
420 295.5990137994962 863.2032679175859 30.553826 114.334567 50
421 550.4067100564454 1353.3335356396165 30.558247 114.337223 50
422 614.68295062478 1435.7073948415282 30.55899 114.337893 50
423 662.4579958282307 1493.5801367127035 30.559512 114.338391 50
424 451.59377899609 1185.816644726604 30.556736 114.336193 50
425 478.16770652404216 1238.4771799326352 30.557211 114.33647 50
426 513.9514233523971 1299.674583636552 30.557763 114.336843 50
427 503.9732068953557 1304.6628993179595 30.557808 114.336739 50
428 467.9016413385472 1243.0220682184731 30.557252 114.336363 50
429 442.28713342463493 1189.6964258388173 30.556771 114.336096 50
430 658.91196312949 1431.829831879059 30.558955 114.338354 50
431 633.8701583642692 1452.4486514557923 30.559141 114.338093 50
432 591.6550002496865 1474.5077814793485 30.55934 114.337653 50
433 587.2421420381224 1466.9689304950625 30.559272 114.337607 50
434 628.8816625007886 1445.1314738178685 30.559075 114.338041 50
435 652.9640441596541 1424.8451706681863 30.558892 114.338292 50
436 869.0379373514246 1242.3816882569113 30.557246 114.340544 50
437 1006.1507692373152 1126.6537749144914 30.556202 114.341973 50
438 1022.9405160035901 1130.8681007408127 30.55624 114.342148 50
439 1017.6631666013503 1135.634663278635 30.556283 114.342093 50
440 880.8383788898487 1248.5909083957124 30.557302 114.340667 50
441 -513.1216999956595 -983.8551539623193 30.537165 114.326139 50
442 -395.75048929246486 -732.7586443081352 30.53943 114.327362 50
443 -164.1909007782899 -227.56822734785425 30.543987 114.329775 50
444 -4.13668246543234 51.247658030172744 30.546502 114.331443 50
445 -404.1136065497693 -1123.212721276242 30.535908 114.327275 50
446 -454.4934402111507 -1097.490848640915 30.53614 114.32675 50
447 -476.18068470284936 -1086.4037631668016 30.53624 114.326524 50
448 -512.9336742442349 -1066.1144232563702 30.536423 114.326141 50
449 130.67785384244706 30.628169981926924 30.546316 114.332848 50
450 90.4734733329453 18.765557161570413 30.546209 114.332429 50
451 106.88150948179472 20.31777062000645 30.546223 114.3326 50
452 117.82017750643419 23.200288405627024 30.546249 114.332714 50
453 125.78427493838247 26.747952467470505 30.546281 114.332797 50
454 183.8339076516384 156.34612198216584 30.54745 114.333402 50
455 184.69736853229398 162.77611646439902 30.547508 114.333411 50
456 184.3133801130292 173.30797346150325 30.547603 114.333407 50
457 180.09130293392934 184.28321294016115 30.547702 114.333363 50
458 176.34908264377964 189.82623750763076 30.547752 114.333324 50
459 165.31443828881063 200.57965063449421 30.547849 114.333209 50
460 -1500.1440294090557 -1336.9681051761997 30.533979 114.315854 50
461 -1484.1184381897372 -1341.7373594429446 30.533936 114.316021 50
462 -1414.9299211623133 -1362.1451429924857 30.533752 114.316742 50
463 -1371.0750987289828 -1374.2346913781396 30.533643 114.317199 50
464 -1333.4575433230984 -1382.8865888897985 30.533565 114.317591 50
465 -1293.152706893 -1390.0974777887036 30.5335 114.318011 50
466 -1276.3590080962276 -1393.0927320351798 30.533473 114.318186 50
467 436.1494561880994 1123.1790535670925 30.556171 114.336032 50
468 462.6271716467353 1187.4800391577478 30.556751 114.336308 50
469 502.63210456769866 1259.7637711903794 30.557403 114.336725 50
470 541.0061564236707 1318.744148934635 30.557935 114.337125 50
471 309.98936051792487 917.5259682066326 30.554316 114.334717 50
472 309.5096899125099 915.5304414309331 30.554298 114.334712 50
473 307.5909867993248 908.2135056022878 30.554232 114.334692 50
474 869.9293458033361 895.2732800712781 30.554115 114.340553 50
475 1500.3824859512156 249.23987966468292 30.548287 114.347123 50
476 1377.661642239881 240.68720041518574 30.54821 114.345844 50
477 1270.7724916613965 233.24637915801617 30.548143 114.34473 50
478 1264.3437854246001 232.8021789122643 30.548139 114.344663 50
479 1258.2029206266066 232.46887769627227 30.548136 114.344599 50
480 -234.54738499856626 -1194.27995801485 30.535267 114.329042 50
481 707.7612702006876 1197.3600088145497 30.55684 114.338863 50
482 913.092048209907 1047.8227351409041 30.555491 114.341003 50
483 249.24242734443598 1498.9949554499326 30.559561 114.334084 50
484 162.89794351578917 1375.382276475667 30.558446 114.333184 50
485 129.5110794394404 1310.971061440132 30.557865 114.332836 50
486 118.4779753497811 1289.7963133400972 30.557674 114.332721 50
487 112.14591277327838 1277.7122997367364 30.557565 114.332655 50
488 -364.51731754966636 635.6060745682641 30.551773 114.327687 50
489 -372.1931878777458 634.8303034127522 30.551766 114.327607 50
490 -406.5425572009802 635.718434218211 30.551774 114.327249 50
491 -448.5692351875324 601.1312168224406 30.551462 114.326811 50
492 -461.9064063603855 592.9280058866623 30.551388 114.326672 50
493 -477.35412705768505 592.3743676422391 30.551383 114.326511 50
494 -492.80172809704015 594.4814343310697 30.551402 114.32635 50
495 -1144.5472524076652 897.0726419194057 30.554131 114.319557 50
496 -1372.3085847502425 1005.9654688585722 30.555113 114.317183 50
497 -1496.1899948659025 -502.2920110749517 30.541508 114.315894 50
498 -1500.0280282902909 -500.185108800711 30.541527 114.315854 50
499 1053.060450255797 210.93978604955953 30.547942 114.342461 50
500 1199.8655900134124 221.15435290361864 30.548034 114.343991 50
501 1500.3834701404335 242.14472879529364 30.548223 114.347123 50
502 1500.3257535098985 658.2089273595366 30.551976 114.347123 50
503 919.534528643464 880.7544834334449 30.553984 114.34107 50
504 90.66204255511582 416.98088979737685 30.549801 114.332431 50
505 38.3697435781964 292.15024735267775 30.548675 114.331886 50
506 34.05197234364492 283.2812937125319 30.548595 114.331841 50
507 28.294918612908127 276.9621580170707 30.548538 114.331781 50
508 17.452439609144896 270.9756012518037 30.548484 114.331668 50
509 11.311558836401524 269.86697571489844 30.548474 114.331604 50
510 -1032.72054840292 1419.8859773697654 30.558847 114.320722 50
511 -996.0703898578777 1427.0885643684167 30.558912 114.321104 50
512 -959.5162210800917 1434.2912841391797 30.558977 114.321485 50
513 -915.862390307738 1442.491281242637 30.559051 114.32194 50
514 -814.6433112234076 1461.662295476083 30.559224 114.322995 50
515 -657.1068439968996 1491.4734337635327 30.559493 114.324637 50
516 -323.58177088611666 -510.0400897756624 30.541439 114.328114 50
517 -328.8598227555917 -521.5695386915072 30.541335 114.328059 50
518 331.3773654008586 1173.7283491824583 30.556627 114.33494 50
519 281.67813594703756 1197.3405203274656 30.55684 114.334422 50
520 265.84734819736053 1204.7678654961353 30.556907 114.334257 50
521 155.70403742728638 1256.9816659541111 30.557378 114.333109 50
522 114.35259850817943 1276.6037039433777 30.557555 114.332678 50
523 40.57279239735078 1311.9681192153744 30.557874 114.331909 50
524 -16.60862549842085 1338.3531873557486 30.558112 114.331313 50
525 -77.14773292174681 1362.8539298207256 30.558333 114.330682 50
526 -87.41344929196265 1367.0667602281844 30.558371 114.330575 50
527 -125.31023133572296 1378.485909021326 30.558474 114.33018 50
528 -165.60558770646176 1382.0340318977192 30.558506 114.32976 50
529 -230.1743043335545 1375.49436084622 30.558447 114.329087 50
530 -253.8719515539712 1371.171276845138 30.558408 114.32884 50
531 -296.37425715122924 1363.4120247230626 30.558338 114.328397 50
532 -508.02317571089293 1325.6159870542706 30.557997 114.326191 50
533 -508.88666345176364 1325.3943038517423 30.557995 114.326182 50
534 -759.4901089232239 1280.7316544188113 30.557592 114.32357 50
535 -881.9142733703621 1259.122875300241 30.557397 114.322294 50
536 -1151.6137161733682 1211.8102036455587 30.55697 114.319483 50
537 -1166.4851575901037 1209.1511121188314 30.556946 114.319328 50
538 -1298.1216732636074 1185.9959769949846 30.556737 114.317956 50
539 -1304.6459419151306 1184.888143211885 30.556727 114.317888 50
540 -1417.6698301622462 1163.2843009219448 30.556532 114.31671 50
541 -1461.1333113024318 1154.864582589582 30.556456 114.316257 50
542 -1499.7995461666949 1147.4421295805523 30.556389 114.315854 50
543 -87.23319285715442 -74.46915196557896 30.545368 114.330577 50
544 -37.72035139090713 40.16155272977316 30.546402 114.331093 50
545 -32.53885568919208 45.48289761343654 30.54645 114.331147 50
546 -26.109977066733826 49.14131638458371 30.546483 114.331214 50
547 -19.009433596316892 50.91508883188246 30.546499 114.331288 50
548 -428.5355227801939 109.1259572130952 30.547024 114.32702 50
549 -643.1827032649396 93.06164207475217 30.546879 114.324783 50
550 -660.2623864104839 91.84319228103331 30.546868 114.324605 50
551 -909.9334007016739 72.23879041851299 30.546691 114.322003 50
552 -1079.8678205175845 56.401195771673585 30.546548 114.320232 50
553 -1187.2404411515513 47.21092591811904 30.546465 114.319113 50
554 -1242.605919845912 43.336984521537644 30.54643 114.318536 50
555 -1247.30766978072 43.00494053039675 30.546427 114.318487 50
556 -1296.628144640495 39.019718609677255 30.546391 114.317973 50
557 -1358.5187144600309 33.7059524879472 30.546343 114.317328 50
558 -1489.2086102525466 23.634740050076307 30.546252 114.315966 50
559 -1499.955522055127 22.749331292204417 30.546244 114.315854 50
560 -105.55669155701744 312.9927018460751 30.548863 114.330386 50
561 -104.50130012503244 305.8975400360061 30.548799 114.330397 50
562 -104.78923466365308 297.47205043129605 30.548723 114.330394 50
563 -105.55690144754432 291.48552388805984 30.548669 114.330386 50
564 257.42909254175925 165.88173101057023 30.547536 114.334169 50
565 264.14578530986165 164.32982884423282 30.547522 114.334239 50
566 274.22081121291274 162.6671537439857 30.547507 114.334344 50
567 283.0484289784533 162.22393424680212 30.547503 114.334436 50
568 295.52221171793815 162.55685299429643 30.547506 114.334566 50
569 298.01696389810996 162.7786448785696 30.547508 114.334592 50
570 307.13241094861144 163.3332084551575 30.547513 114.334687 50
571 342.3235387938834 900.7868062067606 30.554165 114.335054 50
572 382.32958441265345 994.3555394438636 30.555009 114.335471 50
573 -305.41519693123774 569.1980334081333 30.551174 114.328303 50
574 -252.54903443927753 503.4556356802299 30.550581 114.328854 50
575 -146.91072555985988 372.41508150276115 30.549399 114.329955 50
576 -361.1581696957934 664.5408904162375 30.552034 114.327722 50
577 -1499.801560546096 1132.9192248579936 30.556258 114.315854 50
578 -1302.1535022046905 1167.5933902990002 30.556571 114.317914 50
579 -1147.7776464377464 1196.2891327770403 30.55683 114.319523 50
580 -1122.6400673440698 1201.0535552582116 30.556873 114.319785 50
581 -757.380201011302 1268.9801461608313 30.557486 114.323592 50
582 -505.91299807095976 1313.9753890333682 30.557892 114.326213 50
583 -294.1679173383152 1351.7714647915782 30.558233 114.32842 50
584 -228.4476059761722 1363.7429624466004 30.558341 114.329105 50
585 -165.5098278680544 1370.171806632715 30.558399 114.329761 50
586 -127.61296362371863 1366.8454360106236 30.558369 114.330156 50
587 -91.44308931722514 1355.8697413979698 30.55827 114.330533 50
588 -22.173272088636566 1327.8213170032805 30.558017 114.331255 50
589 94.4925613789031 1273.0559317461084 30.557523 114.332471 50
590 109.26776107926278 1265.9609100446592 30.557459 114.332625 50
591 219.60263073664697 1214.3009493750305 30.556993 114.333775 50
592 317.5616874243068 1168.5174266617985 30.55658 114.334796 50
593 -1318.3382667854567 1410.826342816225 30.558765 114.317745 50
594 -1320.2582272335285 1401.5141765685485 30.558681 114.317725 50
595 -1326.692072213457 1354.3986538890235 30.558256 114.317658 50
596 -1499.7525058642811 1486.568665414084 30.559448 114.315854 50
597 -1351.6296570140596 1412.3825186143777 30.558779 114.317398 50
598 -1249.8386584812454 1390.1978953833936 30.558579 114.318459 50
599 -1224.4143392619717 1388.975506393256 30.558568 114.318724 50
600 -1159.269395501265 1396.0634900225139 30.558632 114.319403 50
601 615.7035586652918 360.7911227590415 30.549294 114.337903 50
602 375.53573079580656 469.31378106569196 30.550273 114.3354 50
603 372.6572031613428 470.5331609592057 30.550284 114.33537 50
604 1238.1137116261348 1378.9994943001611 30.558478 114.344391 50
605 1259.7010927605645 1374.234925020083 30.558435 114.344616 50
606 1281.959557851284 1373.9049545620474 30.558432 114.344848 50
607 1318.320775311581 1378.8981111026965 30.558477 114.345227 50
608 1403.2276620500934 1388.8863649128725 30.558567 114.346112 50
609 1500.2227149354603 1400.8724696914676 30.558675 114.347123 50
610 -908.8618742148535 1404.7976405941422 30.558711 114.322013 50
611 -902.8203082286052 1372.0928720846766 30.558416 114.322076 50
612 -898.1212922800083 1346.5942432996308 30.558186 114.322125 50
613 -893.1345473051011 1319.6543890186385 30.557943 114.322177 50
614 873.2868916588807 902.1469842786678 30.554177 114.340588 50
615 827.5190462859591 925.0917858873897 30.554384 114.340111 50
616 916.2729420756068 873.9916350257322 30.553923 114.341036 50
617 1500.327168436355 648.0096422712822 30.551884 114.347123 50
618 883.1715963946035 873.9888816487311 30.553923 114.340691 50
619 -1200.1617165494163 -1390.773362074657 30.533494 114.31898 50
620 -1210.7178171396054 -1389.3309866645436 30.533507 114.31887 50
621 -1233.1735335666551 -1386.4460518776555 30.533533 114.318636 50
622 -480.4026967073124 -1077.9781003865858 30.536316 114.32648 50
623 1374.0000868263169 -393.5529641026071 30.542489 114.345805 50
624 1269.9781521113007 -356.4270271416362 30.542824 114.344721 50
625 1234.664553421057 -343.4603030543484 30.542941 114.344353 50
626 1210.770335432868 -334.5940722544433 30.543021 114.344104 50
627 1169.123496013463 -319.29974624054165 30.543159 114.34367 50
628 1061.5523051954176 -279.1789197715849 30.543521 114.342549 50
629 -1499.8567914751907 734.7035064994905 30.552666 114.315854 50
630 -1482.4897621640328 739.0247228662115 30.552705 114.316035 50
631 -1499.8553308220899 745.235378225814 30.552761 114.315854 50
632 -677.8000167328006 438.841512557109 30.549998 114.324422 50
633 -895.119355166884 522.6688108637074 30.550754 114.322157 50
634 -1196.002984718499 636.4420857082396 30.55178 114.319021 50
635 -1452.8429046583271 733.0341625254914 30.552651 114.316344 50
636 -1456.298555671176 721.5049992156058 30.552547 114.316308 50
637 -1200.0339954687158 625.6889382584333 30.551683 114.318979 50
638 -899.6298087294731 512.4699017265473 30.550662 114.32211 50
639 -682.4063690970657 426.7578700949226 30.549889 114.324374 50
640 -566.4796027271968 -1037.3986150073597 30.536682 114.325583 50
641 -583.080715779161 -1028.750533214581 30.53676 114.32541 50
642 -741.8927015759804 -934.5084958385405 30.53761 114.323755 50
643 -813.5730185953097 -890.9347517583046 30.538003 114.323008 50
644 -910.2973626115153 -832.2812787019798 30.538532 114.322 50
645 -916.8223768559405 -828.2897112571158 30.538568 114.321932 50
646 -992.6276846495184 -785.7121779622196 30.538952 114.321142 50
647 -1071.9826841979848 -740.6948049284098 30.539358 114.320315 50
648 -1309.2758728639687 -604.1980683597737 30.540589 114.317842 50
649 -1457.809518618731 -522.9175121368555 30.541322 114.316294 50
650 -1477.5754487095764 -512.0503919993326 30.54142 114.316088 50
651 -546.1369203361421 -1066.112798047632 30.536423 114.325795 50
652 -534.9077151426528 -1035.4047144852161 30.5367 114.325912 50
653 -523.3907341333252 -1005.6943857232271 30.536968 114.326032 50
654 -517.0565507747372 -992.0587207737797 30.537091 114.326098 50
655 -513.1246648250584 -1046.381061502405 30.536601 114.326139 50
656 -518.5936718501559 -1027.9777859146016 30.536767 114.326082 50
657 -519.6484854085244 -1011.7919507950397 30.536913 114.326071 50
658 1059.1133927225485 129.45701105807325 30.547207 114.342524 50
659 1088.307032097881 -109.77963504755847 30.545049 114.342828 50
660 1088.30841506932 -123.52648302250522 30.544925 114.342828 50
661 1088.3092961525244 -132.28455538620454 30.544846 114.342828 50
