0 0 0 39.1507220925566 117.163080677994 50
1 212.08712916451418 -602.5037596813376 39.145295 117.165534 50
2 567.9123860332475 -621.1371374693797 39.145127 117.16965 50
3 574.7419023746801 -621.5807131167826 39.145123 117.169729 50
4 688.0771496702297 -626.0123215601589 39.145083 117.17104 50
5 967.6552812968827 -637.0846441233066 39.144983 117.174274 50
6 975.6951110764812 -637.4167030942838 39.14498 117.174367 50
7 991.6017757632047 -637.3036904379981 39.144981 117.174551 50
8 231.53771207547683 -587.848799956774 39.145427 117.165759 50
9 203.96050007067947 -586.0732732654528 39.145443 117.16544 50
10 183.47211675763361 -585.0746148554401 39.145452 117.165203 50
11 1500.7035231267453 -645.5491923609353 39.144906 117.18044 50
12 1410.9681769686347 -640.9030780287013 39.144948 117.179402 50
13 1384.2550252909111 -639.2425631749248 39.144963 117.179093 50
14 -151.0645929028691 454.05642603219377 39.154812 117.161333 50
15 -168.0064159825754 448.9499225311125 39.154766 117.161137 50
16 -190.65310433586103 444.95377659429596 39.15473 117.160875 50
17 -213.21327871708303 444.6213020592759 39.154727 117.160614 50
18 -535.10635406588 442.74934272027986 39.15471 117.15689 50
19 -566.9153316379941 442.7515771364092 39.15471 117.156522 50
20 -673.2333814935539 442.7599815049007 39.15471 117.155292 50
21 -893.5625766459001 441.33874620944914 39.154697 117.152743 50
22 -925.8036421675977 442.23063267649127 39.154705 117.15237 50
23 -1500.2558191487267 -1308.1058440401905 39.138938 117.145728 50
24 -1439.99562174157 -1308.8942622327143 39.138931 117.146425 50
25 -1427.1134063328166 -1308.0084709276402 39.138939 117.146574 50
26 -1401.781247948264 -1306.1257295069047 39.138956 117.146867 50
27 -1225.837599425135 -1278.955748409732 39.139201 117.148902 50
28 -1213.6465419271626 -1274.4059000016123 39.139242 117.149043 50
29 -996.3712397117865 -1191.9500189514692 39.139985 117.151556 50
30 -964.2946306004042 -1178.6318484849712 39.140105 117.151927 50
31 -956.6862390539127 -1175.9683441916654 39.140129 117.152015 50
32 -947.5216448578353 -1173.1940024486908 39.140154 117.152121 50
33 -940.9508067179713 -1171.1964664409586 39.140172 117.152197 50
34 -890.0268049237762 -1154.6607030751438 39.140321 117.152786 50
35 -862.7926007641934 -1146.7814559403334 39.140392 117.153101 50
36 1500.334260453652 1284.7279227523768 39.162293 117.18044 50
37 1412.2729055355712 1235.0862688620243 39.161846 117.179421 50
38 1345.988224896563 1199.3266348972036 39.161524 117.178654 50
39 1314.0990872616624 1180.2260344320896 39.161352 117.178285 50
40 1274.8641513489256 1155.795476009811 39.161132 117.177831 50
41 1237.012076150072 1129.9220915795906 39.160899 117.177393 50
42 1215.4068125203798 1115.7083393090259 39.160771 117.177143 50
43 1184.5549172777326 1091.7236128115287 39.160555 117.176786 50
44 1099.5183654974605 1014.331309159759 39.159858 117.175802 50
45 1073.0741133056335 987.461162334095 39.159616 117.175496 50
46 1010.2466977105344 923.5061494331278 39.15904 117.174769 50
47 911.0337822685991 827.2409510806967 39.158173 117.173621 50
48 780.964715454174 697.6683447740197 39.157006 117.172116 50
49 714.5885743831757 635.6026903719961 39.156447 117.171348 50
50 678.4610814545077 607.0677366753484 39.15619 117.17093 50
51 641.7280741690013 580.9753071697805 39.155955 117.170505 50
52 595.6595522978839 556.9916869065684 39.155739 117.169972 50
53 545.4415291029165 536.8936942515193 39.155558 117.169391 50
54 492.28406886766186 522.1247242133238 39.155425 117.168776 50
55 461.94509630629443 517.6821409245979 39.155385 117.168425 50
56 445.26294336824594 515.6828441795722 39.155367 117.168232 50
57 406.8852903219143 511.57307704601556 39.15533 117.167788 50
58 369.7175594545758 510.6830895783818 39.155322 117.167358 50
59 290.28220789217306 511.5678953101589 39.15533 117.166439 50
60 203.58611894192535 515.3397932811205 39.155364 117.165436 50
61 156.47814383296716 515.6717674295711 39.155367 117.164891 50
62 91.30490238968763 517.2249963275904 39.155381 117.164137 50
63 55.520148563337585 516.3365138396455 39.155373 117.163723 50
64 20.081142277805668 511.89560518245355 39.155333 117.163313 50
65 -14.75285311032627 504.23532058607225 39.155264 117.16291 50
66 471.88634881763494 500.3638550601697 39.155229 117.16854 50
67 508.96719749997044 508.6925568364819 39.155304 117.168969 50
68 549.7643296757924 522.9056713473798 39.155432 117.169441 50
69 601.365472294636 542.2266679904608 39.155606 117.170038 50
70 650.8913591754786 567.9869026444132 39.155838 117.170611 50
71 689.3531219997601 593.9685078140589 39.156072 117.171056 50
72 715.627641760031 615.3974242224433 39.156265 117.17136 50
73 726.9498429265175 624.6129979817664 39.156348 117.171491 50
74 791.5111071394472 684.1251476328815 39.156884 117.172238 50
75 861.7747991771969 754.962344369821 39.157522 117.173051 50
76 925.7286189744337 817.1399881048651 39.158082 117.173791 50
77 1023.1264480402897 913.0720783307002 39.158946 117.174918 50
78 1072.6451146231373 964.3692501519652 39.159408 117.175491 50
79 1110.8423229137009 1003.8971627124621 39.159764 117.175933 50
80 1150.940607726604 1043.5365609907858 39.160121 117.176397 50
81 1192.0760903900189 1080.2898421251466 39.160452 117.176873 50
82 1226.5577438795344 1106.3845169899305 39.160687 117.177272 50
83 1282.3851405570495 1145.9160505420734 39.161043 117.177918 50
84 1329.1388032936493 1174.233566336192 39.161298 117.178459 50
85 1482.7942149614735 1258.9682771971738 39.162061 117.180237 50
86 1500.3372130663479 1269.296340929487 39.162154 117.18044 50
87 971.5810814424425 -226.31650411470022 39.148683 117.17432 50
88 966.7378600014958 -207.55500599433643 39.148852 117.174264 50
89 915.7114264435854 -0.95599448860062 39.150713 117.173674 50
90 911.4739464487106 14.586082507840379 39.150853 117.173625 50
91 809.5996054966108 455.20693550231397 39.154822 117.172447 50
92 788.3260090559309 554.8993331140583 39.15572 117.172201 50
93 782.7045980513251 585.5398643143151 39.155996 117.172136 50
94 782.1828606159107 616.8470186414149 39.156278 117.17213 50
95 788.6624099734191 647.8218199085006 39.156557 117.172205 50
96 800.6739643705846 676.5768212316996 39.156816 117.172344 50
97 990.4357210452854 -302.91678299880994 39.147993 117.174538 50
98 980.1435977895366 -262.17435554136637 39.14836 117.174419 50
99 1011.1393551222014 -637.523233146033 39.144979 117.174777 50
100 1010.7049060827835 -620.4264784839698 39.145133 117.174772 50
101 991.3441951216843 -651.2920222701806 39.144855 117.174548 50
102 994.2022191703007 -692.2573924422845 39.144486 117.174581 50
103 994.8094660453071 -708.7990329956044 39.144337 117.174588 50
104 994.1187230387167 -715.5712329763983 39.144276 117.17458 50
105 993.1686701623827 -722.6765203596904 39.144212 117.174569 50
106 990.4038867152873 -735.5549849621766 39.144096 117.174537 50
107 985.131916318587 -747.545617712079 39.143988 117.174476 50
108 979.6870561510457 -759.7583047405567 39.143878 117.174413 50
109 971.5619835581933 -770.1950285086546 39.143784 117.174319 50
110 961.1029457078846 -782.519339771479 39.143673 117.174198 50
111 958.4232242258913 -784.6290138498703 39.143654 117.174167 50
112 927.3902545682843 -809.3898069952431 39.143431 117.173808 50
113 973.8389131719789 -309.0248677053779 39.147938 117.174346 50
114 976.2608439628325 -320.6814887413377 39.147833 117.174374 50
115 978.5962528762514 -331.6720097986348 39.147734 117.174401 50
116 980.9320847510375 -345.9930789279032 39.147605 117.174428 50
117 985.1721552099978 -379.52007331586947 39.147303 117.174477 50
118 987.6821085530512 -403.3886905156406 39.147088 117.174506 50
119 988.120536447508 -452.56973590402686 39.146645 117.174511 50
120 989.5114361711011 -513.9626673250767 39.146092 117.174527 50
121 991.4266325939104 -619.5407924133913 39.145141 117.174549 50
122 963.4605455381165 -269.281594282304 39.148296 117.174226 50
123 1051.0986116504969 -784.2840901957956 39.143657 117.175239 50
124 1028.2739144877744 -771.7420555452898 39.14377 117.174975 50
125 1003.5483549863117 -766.8604553412777 39.143814 117.174689 50
126 979.688691788582 -772.8584553206384 39.14376 117.174413 50
127 1130.2874668405716 1017.0001275464724 39.159882 117.176158 50
128 1161.5720257366447 1040.6516462379793 39.160095 117.17652 50
129 1191.8189926062134 1065.8573924459229 39.160322 117.17687 50
130 1236.5846361231027 1100.058034140577 39.16063 117.177388 50
131 1282.4736945551144 1132.9268941361543 39.160926 117.177919 50
132 1330.3507733410365 1162.6878416129925 39.161194 117.178473 50
133 1380.5615258925457 1189.8960662007748 39.161439 117.179054 50
134 1500.3401444283495 1253.975778039941 39.162016 117.18044 50
135 1500.3320088147393 1296.495891867898 39.162399 117.18044 50
136 1471.900313573869 1279.8377177225707 39.162249 117.180111 50
137 1389.542372556021 1233.8610046647889 39.161835 117.179158 50
138 1343.5664030451107 1209.872983409155 39.161619 117.178626 50
139 1297.4176426831034 1183.7758513084327 39.161384 117.178092 50
140 1254.5533423306274 1154.9040525503092 39.161124 117.177596 50
141 1211.3434868173995 1122.9239165349172 39.160836 117.177096 50
142 1174.0965369051382 1093.831392702714 39.160574 117.176665 50
143 1138.664868647213 1061.1867170732048 39.16028 117.176255 50
144 1105.307499249597 1026.7661986377725 39.15997 117.175869 50
145 -152.5391785212962 189.16651872886052 39.152426 117.161316 50
146 -163.60244248148655 241.23436928974604 39.152895 117.161188 50
147 222.73446522595086 -1099.7540333324416 39.140816 117.165657 50
148 221.52350140842262 -1078.4385790135914 39.141008 117.165643 50
149 216.24218634581706 -802.3364733815071 39.143495 117.165582 50
150 216.1555333393951 -795.009273215651 39.143561 117.165581 50
151 -166.54085350052677 266.5466268767022 39.153123 117.161154 50
152 -178.29630146508404 280.0911307653611 39.153245 117.161018 50
153 -167.23408218045603 186.16932168602958 39.152399 117.161146 50
154 -161.01073161952237 169.18337790780922 39.152246 117.161218 50
155 -144.58758353459984 139.98522265010666 39.151983 117.161408 50
156 -102.9240399900203 70.59807978480853 39.151358 117.16189 50
157 -64.97679041920792 -0.2320430983851658 39.15072 117.162329 50
158 -29.103492876964353 -71.83909563901803 39.150075 117.162744 50
159 -11.55559501808373 -108.14213937464339 39.149748 117.162947 50
160 2.8804845300481965 -144.55616190546976 39.14942 117.163114 50
161 3.572036680715783 -146.44347329496122 39.149403 117.163122 50
162 9.104465727779456 -161.43094368256934 39.149268 117.163186 50
163 -178.55658454135107 237.68210663022444 39.152863 117.161015 50
164 -1034.7169891643634 425.81351500344 39.154557 117.15111 50
165 -986.6577255389384 425.36324903916363 39.154553 117.151666 50
166 -923.7311962288353 424.8004942279806 39.154548 117.152394 50
167 -668.135123537994 424.5525224936018 39.154546 117.155351 50
168 -567.0894265724907 425.8767878187641 39.154558 117.15652 50
169 -536.5769221571676 426.2076965752682 39.154561 117.156873 50
170 -206.38521924557125 425.7479857469817 39.154557 117.160693 50
171 -182.35549449283116 428.52285111603896 39.154582 117.160971 50
172 -157.63426167435568 432.51897894517487 39.154618 117.161257 50
173 -140.6924198158054 437.0704125512174 39.154659 117.161453 50
174 -987.6067082473919 439.9067832974438 39.154684 117.151655 50
175 -1041.8030016758378 439.913794031281 39.154684 117.151028 50
176 -847.1895000199088 35.45032897528448 39.151041 117.15328 50
177 -854.5350683447951 53.76915629169395 39.151206 117.153195 50
178 -857.7325745790996 61.429772744620294 39.151275 117.153158 50
179 -862.1400977345216 70.5337623146747 39.151357 117.153107 50
180 -873.029235980222 92.96067808233556 39.151559 117.152981 50
181 -888.2400751045061 117.94152064166579 39.151784 117.152805 50
182 -899.387898749467 144.69822093144967 39.152025 117.152676 50
183 -903.9678113723459 157.24382492649272 39.152138 117.152623 50
184 -1075.4280601474572 433.4792627241761 39.154626 117.150639 50
185 -1130.9223215802183 424.05050040217975 39.154541 117.149997 50
186 -1142.851039983463 421.83186062900836 39.154521 117.149859 50
187 -1499.9445556702353 319.86608315148464 39.153602 117.145728 50
188 -1488.7069860432518 322.63940280241115 39.153627 117.145858 50
189 -1303.7197888804865 372.2317103503729 39.154074 117.147998 50
190 -1039.2091127111853 445.68640861483794 39.154736 117.151058 50
191 -505.3522155672051 -593.9419445177817 39.145372 117.157235 50
192 -515.2937910193708 -593.2751882880773 39.145378 117.15712 50
193 -512.0094444979716 -604.1551923671896 39.14528 117.157158 50
194 -505.78643509721496 -624.5829545513543 39.145096 117.15723 50
195 -501.3791788250419 -650.450489415599 39.144863 117.157281 50
196 -498.5282291647113 -680.0925422299032 39.144596 117.157314 50
197 -498.788453717003 -693.8587874707102 39.144472 117.157311 50
198 -499.308206141612 -710.4004718008026 39.144323 117.157305 50
199 -502.4239515208407 -765.687352061087 39.143825 117.157269 50
200 -506.0604465253482 -851.9482744619402 39.143048 117.157227 50
201 -511.5993922647126 -944.5370968294774 39.142214 117.157163 50
202 -511.68683677078934 -959.7465836982843 39.142077 117.157162 50
203 -511.774223685625 -974.0679246859307 39.141948 117.157161 50
204 -516.1880395761527 -1045.6743641217827 39.141303 117.15711 50
205 -519.4776802895556 -1112.063013735658 39.140705 117.157072 50
206 -520.083723135563 -1125.0520988719 39.140588 117.157065 50
207 -1436.3182927804867 -1056.7727058727921 39.141202 117.146467 50
208 -1432.9630899877861 -1147.1421092482599 39.140388 117.146506 50
209 -1427.1122354099334 -1301.5694193815311 39.138997 117.146574 50
210 207.43198609678404 -1098.0891803161398 39.140831 117.16548 50
211 191.351448233075 -1097.423479980733 39.140837 117.165294 50
212 40.48851190693091 -1099.2019996698698 39.140821 117.163549 50
213 -109.6829347467135 -1106.5285365043794 39.140755 117.161812 50
214 -156.45480269156138 -1105.4175615487113 39.140765 117.161271 50
215 -184.4660444061712 -1104.7508439578987 39.140771 117.160947 50
216 -259.85461026550945 -1112.2979445572923 39.140703 117.160075 50
217 -334.6380959084645 -1118.8451830192846 39.140644 117.15921 50
218 -372.0730470611709 -1120.730805818863 39.140627 117.158777 50
219 -409.50789453831874 -1120.2848685519075 39.140631 117.158344 50
220 -451.95722933110403 -1121.947810532034 39.140616 117.157853 50
221 -512.821476364013 -1124.2754497710303 39.140595 117.157149 50
222 -997.0622626836883 -1187.065132430209 39.140029 117.151548 50
223 -1065.2791722437019 -1213.5895048386215 39.13979 117.150759 50
224 -1205.5182799476954 -1265.5257019715868 39.139322 117.149137 50
225 -1216.498706875906 -1268.6325150594616 39.139294 117.14901 50
226 -1226.0093328755959 -1271.4064881588547 39.139269 117.1489 50
227 -1237.162706361023 -1274.624263411401 39.13924 117.148771 50
228 -1248.575246224344 -1276.5097638960724 39.139223 117.148639 50
229 -1261.3711118472634 -1278.5060436409808 39.139205 117.148491 50
230 -1401.3478939234492 -1300.1308276845675 39.13901 117.146872 50
231 -1438.1787892145312 -1302.12248931999 39.138992 117.146446 50
232 -1500.2545245446045 -1301.3337381154938 39.138999 117.145728 50
233 -966.455534661705 -1174.745947164245 39.14014 117.151902 50
234 -883.8007167299796 -1142.8934819335973 39.140427 117.152858 50
235 -915.1847812832041 -1150.8831913820463 39.140355 117.152495 50
236 -939.6525693117162 -1159.4286973683852 39.140278 117.152212 50
237 -953.7456668296151 -1166.9762315551864 39.14021 117.152049 50
238 -961.2678110404836 -1171.4160398056397 39.14017 117.151962 50
239 -817.3727842990173 -19.7289597726179 39.150544 117.153625 50
240 -692.3978468351636 -257.3202237541461 39.148404 117.155071 50
241 -682.8038938303192 -274.08482998734956 39.148253 117.155182 50
242 -597.3209665278271 -425.2987274710837 39.146891 117.156171 50
243 -554.7944414149129 -501.68242615381735 39.146203 117.156663 50
244 -543.8168808015765 -520.6673190896823 39.146032 117.15679 50
245 -535.000503943302 -540.0961220755526 39.145857 117.156892 50
246 -526.4433841640893 -558.8587875936703 39.145688 117.156991 50
247 -519.9610286218832 -578.1763972844916 39.145514 117.157066 50
248 -855.3154042988679 32.1206598007978 39.151011 117.153186 50
249 -827.3139568322623 -22.392358186017226 39.15052 117.15351 50
250 -675.455437917059 -267.09131245161393 39.148316 117.155267 50
251 -682.7157384715722 -254.4345961443882 39.14843 117.155183 50
252 -722.9926579987005 -183.82333508645272 39.149066 117.154717 50
253 -770.4425560742064 -101.88728746577918 39.149804 117.154168 50
254 -799.3092920995803 -49.1506847713454 39.150279 117.153834 50
255 -809.0756978415499 -33.27405919130087 39.150422 117.153721 50
256 -516.1563514718456 -563.9663112052681 39.145642 117.15711 50
257 -529.8129330775757 -530.1048301355977 39.145947 117.156952 50
258 -547.359609105288 -497.1311992270648 39.146244 117.156749 50
259 -628.695419772352 -352.80133119996526 39.147544 117.155808 50
260 -501.80856483468983 -605.7101070481442 39.145266 117.157276 50
261 -481.8389021554122 -606.5995050021795 39.145258 117.157507 50
262 -472.8481992440313 -606.4890337889477 39.145259 117.157611 50
263 -208.05487362237295 -605.1683057591798 39.145271 117.160674 50
264 108.78055295894409 -597.2880143068301 39.145342 117.164339 50
265 150.27600994677752 -596.5102014054628 39.145349 117.164819 50
266 189.4374514546726 -600.3949924550798 39.145314 117.165272 50
267 -512.4749615376257 -1113.6177285940325 39.140691 117.157153 50
268 -505.8136002894166 -1046.0080943620553 39.1413 117.15723 50
269 -502.43759275819497 -978.7312921360517 39.141906 117.157269 50
270 -501.57186248784467 -959.9692732622973 39.142075 117.157279 50
271 -499.23201906983263 -871.7099532778016 39.14287 117.157306 50
272 -493.9521060131144 -770.9057466538302 39.143778 117.157367 50
273 -492.3056537804566 -708.9576772759309 39.144336 117.157386 50
274 -490.8350987429285 -694.5253985309168 39.144466 117.157403 50
275 -489.88279050673464 -672.7658828710526 39.144662 117.157414 50
276 -496.01798427790675 -629.4683812749745 39.145052 117.157343 50
277 -521.7285400663371 -1157.8023471172946 39.140293 117.157046 50
278 -527.528694305856 -1271.8175972593833 39.139266 117.156979 50
279 -531.6874883169763 -1403.0407420175795 39.138084 117.156931 50
280 -532.0338914032819 -1411.4780952144056 39.138008 117.156927 50
281 -1418.4996459303372 -1006.262675088653 39.141657 117.146673 50
282 -1401.382585760693 -1010.2624058996714 39.141621 117.146871 50
283 -1310.0033114678931 -1022.3791779872196 39.141512 117.147928 50
284 -1129.232322624183 -1046.3872062255907 39.141296 117.150019 50
285 -1101.9135930711864 -1051.2758905100532 39.141252 117.150335 50
286 -1084.7098807333473 -1055.719014976608 39.141212 117.150534 50
287 -1068.6302927802797 -1061.9382394642084 39.141156 117.15072 50
288 -1055.4038134992018 -1069.2672293936737 39.14109 117.150873 50
289 -1046.5862801747135 -1075.1523737850234 39.141037 117.150975 50
290 -1029.7294809988466 -1088.5878031292486 39.140916 117.15117 50
291 -1008.0327430364232 -1114.2358177107976 39.140685 117.151421 50
292 -913.1188649270246 -1228.263084672465 39.139658 117.152519 50
293 -902.4868891057845 -1246.4712905489912 39.139494 117.152642 50
294 -894.3622090997973 -1265.6783593333782 39.139321 117.152736 50
295 -879.6686514151045 -1301.4278604293254 39.138999 117.152906 50
296 -873.5321317967198 -1318.5253383314518 39.138845 117.152977 50
297 -869.9027040321323 -1334.4013339985636 39.138702 117.153019 50
298 -867.7436230894511 -1355.6060350663015 39.138511 117.153044 50
299 -868.350936656534 -1374.7010848618838 39.138339 117.153037 50
300 -869.9945637934363 -1383.1382798705122 39.138263 117.153018 50
301 -874.146319528636 -1399.235445439001 39.138118 117.15297 50
302 -891.6161043158984 -1446.0831228621607 39.137696 117.152768 50
303 -893.519487675959 -1457.517771334948 39.137593 117.152746 50
304 15.587807654843935 -178.86081120821524 39.149111 117.163261 50
305 89.67275250587639 -370.36690142022803 39.147386 117.164118 50
306 170.3312995119952 -557.209327883369 39.145703 117.165051 50
307 20.68795280186397 -153.10454680826783 39.149343 117.16332 50
308 15.760616608409755 -139.22726655373944 39.149468 117.163263 50
309 -0.14505158527456175 -102.36919417010648 39.1498 117.163079 50
310 -17.9523172032061 -65.51108330605489 39.150132 117.162873 50
311 -55.468084873249154 6.873058905006694 39.150784 117.162439 50
312 -135.7704456966227 150.30977477919225 39.152076 117.16151 50
313 -147.3530335183243 174.8450472731377 39.152297 117.161376 50
314 200.24871911426797 -802.2258796872447 39.143496 117.165397 50
315 268.2857764008204 -802.1128298466676 39.143497 117.166184 50
316 350.7603532731625 -805.9952136790023 39.143462 117.167138 50
317 532.1354129858688 -812.5350829090517 39.143403 117.169236 50
318 549.2528190413699 -813.3110307288351 39.143396 117.169434 50
319 555.9095911617864 -813.6436165218131 39.143393 117.169511 50
320 23.88640906119838 -162.3190592475872 39.14926 117.163357 50
321 44.02786107633804 -157.87823881320065 39.1493 117.16359 50
322 125.71723621815165 -141.66867839379105 39.149446 117.164535 50
323 257.02463429692403 -115.57616604630314 39.149681 117.166054 50
324 493.27201772965344 -68.60410910122577 39.150104 117.168787 50
325 516.3520262188125 -64.16188997421341 39.150144 117.169054 50
326 536.0607780126409 -60.38594409948446 39.150178 117.169282 50
327 1423.772050701369 260.12398284881493 39.153064 117.179552 50
328 1420.0556568248726 257.34784906542313 39.153039 117.179509 50
329 1410.1164537567583 249.90782299632957 39.152972 117.179394 50
330 1355.6666861278454 208.4883608296554 39.152599 117.178764 50
331 1321.4409832690603 181.5050508955589 39.152356 117.178368 50
332 1281.0780151199256 152.96662936276903 39.152099 117.177901 50
333 1238.6398374297396 126.53743812434948 39.151861 117.17741 50
334 1201.9068170064945 98.00000048624462 39.151604 117.176985 50
335 909.0635186394671 -817.385263704807 39.143359 117.173596 50
336 899.5541402846055 -819.7177423850832 39.143338 117.173486 50
337 889.6986360775927 -819.2747933560167 39.143342 117.173372 50
338 875.0882969079004 -818.7213455308873 39.143347 117.173203 50
339 573.977495179743 -807.9803863087359 39.143444 117.16972 50
340 556.2549398240335 -807.2045353579476 39.143451 117.169515 50
341 549.8575267773107 -806.8719316812624 39.143454 117.169441 50
342 -7.5792490083826465 -165.5386235371016 39.149231 117.162993 50
343 -196.98003490885804 -232.0361305574162 39.148632 117.160802 50
344 -206.14328794587072 -235.69949963150995 39.148599 117.160696 50
345 191.85881157815965 -632.7012450093291 39.145023 117.1653 50
346 195.31850212319142 -701.75450704059 39.144401 117.16534 50
347 200.0756299674863 -794.8986815476222 39.143562 117.165395 50
348 204.05591321582665 -930.7848672680943 39.142338 117.165441 50
349 206.99923081181456 -1079.7711937223296 39.140996 117.165475 50
350 211.84732599479435 -1326.4533932331587 39.138774 117.165531 50
351 213.40562773981463 -1402.833818575884 39.138086 117.165549 50
352 214.01137708611054 -1422.817062415983 39.137906 117.165556 50
353 186.41058347881227 -551.769067411251 39.145752 117.165237 50
354 142.66604873038153 -461.29009376311694 39.146567 117.164731 50
355 100.65141959932194 -368.3684389337164 39.147404 117.164245 50
356 31.9258022770983 -184.74473308712348 39.149058 117.16345 50
357 28.986665522651162 -176.9734615625041 39.149128 117.163416 50
358 -299.85600897923905 -404.00022575727075 39.147083 117.159612 50
359 -288.35874362750747 -408.2193517598975 39.147045 117.159745 50
360 -284.64157885256645 -409.5517069716733 39.147033 117.159788 50
361 -269.59988364388744 -411.10649434423965 39.147019 117.159962 50
362 -252.2240100325473 -409.3307796291321 39.147035 117.160163 50
363 -237.35502786167254 -405.11254862450994 39.147073 117.160335 50
364 -224.30136378150326 -398.11878047093 39.147136 117.160486 50
365 -210.98835621964577 -390.1258328787238 39.147208 117.16064 50
366 -199.2313681977414 -380.35653054280033 39.147296 117.160776 50
367 -189.11683221461868 -368.1447685249402 39.147406 117.160893 50
368 -181.94144067539656 -353.37950477427853 39.147539 117.160976 50
369 -176.84073628863436 -336.6158582196558 39.14769 117.161035 50
370 -175.02498086279564 -319.18602548512024 39.147847 117.161056 50
371 -176.40770982792492 -301.201029051294 39.148009 117.16104 50
372 -181.24824488611958 -282.99391612299735 39.148173 117.160984 50
373 -196.461879985257 -252.57453220671783 39.148447 117.160808 50
374 -399.3382815064298 -51.17957252610712 39.150261 117.158461 50
375 -405.04363783912794 -53.62168371359084 39.150239 117.158395 50
376 -420.4309457021688 -62.3913236969657 39.15016 117.158217 50
377 -434.0895856404089 -74.04750623448355 39.150055 117.158059 50
378 -444.1178251174005 -88.81238478411265 39.149922 117.157943 50
379 -452.33077048289135 -103.24430003578938 39.149792 117.157848 50
380 -457.43204781061524 -122.33915863904177 39.14962 117.157789 50
381 -457.9518633824032 -142.1003921571979 39.149442 117.157783 50
382 -455.79194020694456 -162.30585451226796 39.14926 117.157808 50
383 -451.55688828955107 -174.6291340567032 39.149149 117.157857 50
384 -449.3961320060987 -180.73526619587017 39.149094 117.157882 50
385 -338.75575639780766 -373.9126853953407 39.147354 117.159162 50
386 -327.34535921633943 -386.6802735387971 39.147239 117.159294 50
387 -313.94652595088223 -396.3394125299907 39.147152 117.159449 50
388 590.5190218906531 -49.280198724211154 39.150278 117.169912 50
389 590.6911051035568 -38.62242402030239 39.150374 117.169914 50
390 533.121067727565 -50.83856637736438 39.150264 117.169248 50
391 513.8445385622246 -54.39243992333307 39.150232 117.169025 50
392 492.7527177314837 -58.39045371278352 39.150196 117.168781 50
393 254.60389665172482 -105.8066310835813 39.149769 117.166026 50
394 122.00000092235082 -132.1211602540882 39.149532 117.164492 50
395 41.52093638522729 -148.99678589336204 39.14938 117.163561 50
396 605.8191425177981 -45.837463180442036 39.150309 117.170089 50
397 613.3395466074696 -44.2826218773593 39.150323 117.170176 50
398 629.0719414325574 -41.83897231184208 39.150345 117.170358 50
399 864.8826642991417 5.144246651507448 39.150768 117.173086 50
400 881.997932383229 7.810592973588179 39.150792 117.173284 50
401 895.9148146734938 10.587629077164245 39.150817 117.173445 50
402 234.14661966980438 -1105.415627587739 39.140765 117.165789 50
403 238.98814594069725 -1107.8578812739302 39.140743 117.165845 50
404 543.5681748252005 -1118.5004352712403 39.140647 117.169368 50
405 551.348296995289 -1107.1760394696173 39.140749 117.169458 50
406 229.1410788520863 -1407.496135605957 39.138044 117.165731 50
407 244.18477510776842 -1408.6058629736895 39.138034 117.165905 50
408 300.9011254377889 -1408.82592906957 39.138032 117.166561 50
409 557.2496232649843 -1422.9112104103442 39.137905 117.169526 50
410 571.3423088554939 -1423.3542692918463 39.137901 117.169689 50
411 581.544377574818 -1423.6865740835274 39.137898 117.169807 50
412 593.9943553561731 -1424.0186957507292 39.137895 117.169951 50
413 897.1168902750414 -1430.6509786535412 39.137835 117.173457 50
414 942.5075023480472 -1431.6448203726218 39.137826 117.173982 50
415 965.8511869314731 -1431.641981473599 39.137826 117.174252 50
416 992.0477920286311 -1430.084459369115 39.13784 117.174555 50
417 569.7265931190801 -604.2622314500088 39.145279 117.169671 50
418 565.8389992267554 -640.4544627864558 39.144953 117.169626 50
419 554.9539787283877 -747.9208956356567 39.143985 117.1695 50
420 1434.0233878404665 -1440.562848158514 39.137745 117.179667 50
421 1418.8917196495045 -1432.3502590062235 39.137819 117.179492 50
422 1408.4302300595675 -1432.019089577252 39.137822 117.179371 50
423 1147.585785108995 -1429.5081609678573 39.137845 117.176354 50
424 1136.6054819594149 -1428.6216144116217 39.137853 117.176227 50
425 1129.6882620808424 -1424.6259613982083 39.137889 117.176147 50
426 1124.6731404791424 -1420.741047953134 39.137924 117.176089 50
427 1120.2630708660433 -1415.7458637770474 39.137969 117.176038 50
428 1117.40801543597 -1402.0910427904641 39.138092 117.176005 50
429 1114.5541366368013 -1396.651561009568 39.138141 117.175972 50
430 1500.7390679826635 -831.3937075784017 39.143232 117.18044 50
431 1467.195625125319 -829.9568155264435 39.143245 117.180052 50
432 1413.422436351291 -827.8573414078905 39.143264 117.17943 50
433 1399.8494615492777 -827.3046838750414 39.143269 117.179273 50
434 1385.2391499419027 -827.1962589554729 39.14327 117.179104 50
435 1103.5839150041297 -852.3310505476145 39.143044 117.175846 50
436 1106.780686482461 -838.564341753899 39.143168 117.175883 50
437 1112.2261746485567 -831.791460523034 39.143229 117.175946 50
438 1125.1066813993325 -826.4607495270084 39.143277 117.176095 50
439 1139.976293961584 -826.2365665598088 39.143279 117.176267 50
440 1367.9502379290996 -835.081585923421 39.143199 117.178904 50
441 1373.050896901416 -835.1917131160217 39.143198 117.178963 50
442 1387.3154171503793 -835.3002218882727 39.143197 117.179128 50
443 1401.4069950919252 -835.1866991871714 39.143198 117.179291 50
444 999.4841053686258 -1437.2996927605923 39.137775 117.174641 50
445 1004.8455911486712 -1445.7363842134575 39.137699 117.174703 50
446 1009.6885669391916 -1455.9494283361119 39.137607 117.174759 50
447 1010.8139125590277 -1466.7180396556707 39.13751 117.174772 50
448 1500.8559280251325 -1442.4376563629328 39.137728 117.18044 50
449 1500.6155260265987 -185.48941938580845 39.14905 117.18044 50
450 1457.3918610529704 -177.5042487826984 39.149122 117.17994 50
451 1402.1535147113145 -174.96089482699588 39.149145 117.179301 50
452 1332.4799251240288 -177.74849695476507 39.14912 117.178495 50
453 1264.1048288887055 -192.1921955762825 39.14899 117.177704 50
454 1199.96689609647 -217.29240994664673 39.148764 117.176962 50
455 1138.2493829444106 -244.94516938946205 39.148515 117.176248 50
456 1100.1296995254493 -263.26862991519124 39.14835 117.175807 50
457 1016.0237356199339 -303.6906388732647 39.147986 117.174834 50
458 1007.7254082289462 -307.2442950596164 39.147954 117.174738 50
459 992.5982248947257 -313.68528540902815 39.147896 117.174563 50
460 964.591268312071 -325.678755957711 39.147788 117.174239 50
461 949.6369059622604 -332.1196420219776 39.14773 117.174066 50
462 712.0060622188008 -432.9494187191316 39.146822 117.171317 50
463 677.5152749163885 -451.49252648220227 39.146655 117.170918 50
464 536.1514396352985 -122.11213680225339 39.149622 117.169283 50
465 547.912011448752 -182.72733391793207 39.149076 117.169419 50
466 542.8159131657967 -242.23350902307718 39.14854 117.16936 50
467 540.4830228251207 -258.5533625332413 39.148393 117.169333 50
468 534.2619571073797 -302.4060213958642 39.147998 117.169261 50
469 529.5974142450312 -354.5849397967604 39.147528 117.169207 50
470 549.0510780432074 -401.211285811982 39.147108 117.169432 50
471 583.6322677172072 -434.7363120019038 39.146806 117.169832 50
472 624.4365575398709 -450.49776638495655 39.146664 117.170304 50
473 652.5321919404918 -453.71500991769796 39.146635 117.170629 50
474 715.8106051962626 -442.4966448963307 39.146736 117.171361 50
475 953.1825398407202 -343.22104215261163 39.14763 117.174107 50
476 966.6673653175869 -337.00236726355405 39.147686 117.174263 50
477 995.1064619167065 -324.0096699816163 39.147803 117.174592 50
478 1010.406483245001 -317.01356111713517 39.147866 117.174769 50
479 1020.4336052247818 -312.4605127147337 39.147907 117.174885 50
480 1103.934491996987 -271.81650558298657 39.148273 117.175851 50
481 1142.1406208582712 -253.27097759938164 39.14844 117.176293 50
482 1202.8207800844484 -225.174273747328 39.148693 117.176995 50
483 1266.353764069264 -200.74024399029335 39.148913 117.17773 50
484 1334.1238389693017 -186.4076472174349 39.149042 117.178514 50
485 1402.5008199342574 -183.50924412741165 39.149068 117.179305 50
486 1456.442787798941 -187.27403801802282 39.149034 117.179929 50
487 1500.6173523013817 -195.03699524629212 39.148964 117.18044 50
488 1211.2438076950282 89.34200328006541 39.151526 117.177093 50
489 1252.1279705948245 105.55710564728395 39.151672 117.177566 50
490 1312.716623726602 144.97853629198625 39.152027 117.178267 50
491 1372.0068789472057 191.172332170304 39.152443 117.178953 50
492 1492.055203521052 281.2301710455433 39.153254 117.180342 50
493 1500.5250149969913 287.6708544090556 39.153312 117.18044 50
494 1500.5218080945024 304.4346339520886 39.153463 117.18044 50
495 1473.0380337076558 284.11305550837005 39.15328 117.180122 50
496 1342.7049210355394 183.72902959930758 39.152376 117.178614 50
497 1310.3805544645552 157.9672969189673 39.152144 117.17824 50
498 1274.6845294141726 133.75940726097562 39.151926 117.177827 50
499 1238.2096480872299 113.77025641474603 39.151746 117.177405 50
500 1500.552007778944 146.56647558372703 39.152041 117.18044 50
501 1498.7359894460117 150.56279031843337 39.152077 117.180419 50
502 1479.1071149548713 186.862078085796 39.152404 117.180192 50
503 1456.2802709714417 222.4947122357953 39.152725 117.179928 50
504 1447.8073610356537 232.26276302050593 39.152813 117.17983 50
505 1414.5203468450104 274.9987755655626 39.153198 117.179445 50
506 1277.742271287499 466.0380110212741 39.154919 117.177863 50
507 1276.4454244954318 467.8140949282682 39.154935 117.177848 50
508 1226.8206130265007 530.9756722586078 39.155504 117.177274 50
509 1205.9865740758758 549.5125230515944 39.155671 117.177033 50
510 1179.6207092290367 568.1596142974112 39.155839 117.176728 50
511 1142.6220177004925 596.0197708942035 39.15609 117.1763 50
512 1117.2932276474821 617.8867595627396 39.156287 117.176007 50
513 1095.9405079986707 640.4204960716878 39.15649 117.17576 50
514 1072.771500201833 672.2795946785793 39.156777 117.175492 50
515 1029.2022455944752 718.4574440988467 39.157193 117.174988 50
516 992.2908940748891 748.9827712021718 39.157468 117.174561 50
517 953.7382100486773 774.4012229929344 39.157697 117.174115 50
518 926.5956935039114 793.9372245498636 39.157873 117.173801 50
519 909.1343238572227 809.366752285474 39.158012 117.173599 50
520 892.3645013601872 824.6853793921257 39.15815 117.173405 50
521 869.6297675437287 849.8840259574129 39.158377 117.173142 50
522 806.2675314017843 916.8214186752925 39.15898 117.172409 50
523 772.8148511563478 951.4558292334646 39.159292 117.172022 50
524 759.0709862683052 963.888561684457 39.159404 117.171863 50
525 710.7529618599555 993.7480180996515 39.159673 117.171304 50
526 652.0629716120125 1030.934127653291 39.160008 117.170625 50
527 572.542819655548 1081.2193182595693 39.160461 117.169705 50
528 516.6201477283927 1114.632017942673 39.160762 117.169058 50
529 491.29545909000626 1125.6212272385867 39.160861 117.168765 50
530 451.9692087076315 1136.7207177155515 39.160961 117.16831 50
531 440.9060206942209 1139.828607501335 39.160989 117.168182 50
532 408.49457278212424 1145.3777802041725 39.161039 117.167807 50
533 355.4266592065215 1147.151492768252 39.161055 117.167193 50
534 307.19907394720724 1142.708713434055 39.161015 117.166635 50
535 294.32114075781976 1140.15479289377 39.160992 117.166486 50
536 269.42953586351473 1135.3801005742928 39.160949 117.166198 50
537 230.45012736028826 1120.6133911425252 39.160816 117.165747 50
538 178.50630253372432 1094.855733891925 39.160584 117.165146 50
539 42.37908497872968 1015.2535247680404 39.159867 117.163571 50
540 -3.7751495950013236 991.9395198645041 39.159657 117.163037 50
541 -46.55878625860856 975.0648410785006 39.159505 117.162542 50
542 -99.54154612541294 958.8566300312165 39.159359 117.161929 50
543 -171.28019319749916 945.4246274201628 39.159238 117.161099 50
544 -248.03187789524245 940.4308455526077 39.159193 117.160211 50
545 -322.96826350500817 943.3200546672894 39.159219 117.159344 50
546 -375.77770536171784 952.9810182284133 39.159306 117.158733 50
547 -449.84852984854456 974.6335286935256 39.159501 117.157876 50
548 -482.08679841393575 986.181370626198 39.159605 117.157503 50
549 1500.6330241470444 -276.96851249703116 39.148226 117.18044 50
550 1498.2139531184328 -284.2961834842754 39.14816 117.180412 50
551 1470.1350344365133 -368.8974436815087 39.147398 117.180087 50
552 1452.4235969650745 -423.29970601994995 39.146908 117.179882 50
553 1416.9989217326731 -526.2201288021415 39.145981 117.179472 50
554 1397.6441948264019 -580.4005140891154 39.145493 117.179248 50
555 1387.882579646619 -620.479837751354 39.145132 117.179135 50
556 399.22969440688325 1477.3228640347936 39.164029 117.1677 50
557 428.4447400873393 1421.593065581184 39.163527 117.168038 50
558 611.4368816235514 1076.3374378939775 39.160417 117.170155 50
559 649.818011385429 1003.8454193322071 39.159764 117.170599 50
560 663.0443025072934 976.5359682949069 39.159518 117.170752 50
561 674.0234669768403 949.1153287469972 39.159271 117.170879 50
562 693.129774515043 894.0518096102876 39.158775 117.1711 50
563 709.1257735195528 827.7751911417047 39.158178 117.171285 50
564 722.4426319114812 761.054290817978 39.157577 117.171439 50
565 729.7937515954793 715.5373922388611 39.157167 117.171524 50
566 731.266646053989 677.9022652019783 39.156828 117.171541 50
567 715.0891173832405 833.7707316024038 39.158232 117.171354 50
568 700.2169888464098 896.8279018986789 39.1588 117.171182 50
569 681.8020832745254 952.0024826006106 39.159297 117.170969 50
570 657.077939149734 1007.3986171431102 39.159796 117.170683 50
571 629.4158600472167 1058.353856356507 39.160255 117.170363 50
572 626.9954377906297 1062.9054226457301 39.160296 117.170335 50
573 526.464070864037 1250.1863349967898 39.161983 117.169172 50
574 437.8649846655164 1426.2563670854229 39.163569 117.168147 50
575 407.4397698425631 1484.9835703865751 39.164098 117.167795 50
576 12.042595033142959 470.374691045831 39.154959 117.16322 50
577 54.2238332274255 482.475879229982 39.155068 117.163708 50
578 84.82249456753412 485.9177221246899 39.155099 117.164062 50
579 105.39448147177845 486.6951006529522 39.155106 117.1643 50
580 159.24446555137854 498.46396401422476 39.155212 117.164923 50
581 -918.6570159788599 205.87158656600403 39.152576 117.152453 50
582 -927.8146448749357 248.28169261770051 39.152958 117.152347 50
583 -933.8612785448739 283.03117095872705 39.153271 117.152277 50
584 -953.9004560718623 404.0436584466562 39.154361 117.152045 50
585 -964.0938606218608 455.00236552869785 39.15482 117.151927 50
586 -976.3603705818533 515.9530078874728 39.155369 117.151785 50
587 -993.204196522621 605.3249793988695 39.156174 117.15159 50
588 -1005.3824576813789 676.8224251912911 39.156818 117.151449 50
589 -1015.5708308784242 761.3088030602705 39.157579 117.151331 50
590 -1022.4784527897478 815.7087627962017 39.158069 117.151251 50
591 -1021.9552957637103 850.6795227967775 39.158384 117.151257 50
592 -1018.7494314762564 911.0731753370574 39.158928 117.151294 50
593 -1010.6182878200303 961.585549897407 39.159383 117.151388 50
594 -997.1286577803394 1010.987068410816 39.159828 117.151544 50
595 -984.7645523724284 1046.400419086659 39.160147 117.151687 50
596 -949.9231688562056 1127.106604312051 39.160874 117.15209 50
597 -922.4325068120859 1177.727784647903 39.16133 117.152408 50
598 -892.3488686947402 1232.456456817728 39.161823 117.152756 50
599 -865.7231678435506 1283.6330352861432 39.162284 117.153064 50
600 -849.9033109113508 1315.937712099434 39.162575 117.153247 50
601 -837.4548124521548 1343.0249079812502 39.162819 117.153391 50
602 -823.5355165117776 1385.5435547048623 39.163202 117.153552 50
603 -809.5296124663522 1431.2817593935306 39.163614 117.153714 50
604 -801.5744549026367 1469.5823614380733 39.163959 117.153806 50
605 -797.0772945497656 1499.112853846516 39.164225 117.153858 50
606 -916.4155149789539 155.02490151038734 39.152118 117.152479 50
607 -911.5764148371449 141.48009470755426 39.151996 117.152535 50
608 -895.9353544832164 100.17945523936731 39.151624 117.152716 50
609 -878.1324289450467 64.7625809318863 39.151305 117.152922 50
610 -873.4656330781021 55.325498475502265 39.15122 117.152976 50
611 -868.8848619922128 49.55203459592652 39.151168 117.153029 50
612 796.3776516659468 426.11875204429134 39.15456 117.172294 50
613 811.5964397696029 370.38906118642365 39.154058 117.17247 50
614 877.493187624353 94.95950691581046 39.151577 117.173232 50
615 892.1093630173733 28.128096715349546 39.150975 117.173401 50
616 890.459264878821 95.96013341334888 39.151586 117.173382 50
617 864.7750729847751 196.98398997136331 39.152496 117.173085 50
618 842.8099713299287 283.57595181077943 39.153276 117.172831 50
619 796.8046969018724 476.74320257953104 39.155016 117.172299 50
620 770.3443347621935 584.8725299421592 39.15599 117.171993 50
621 759.5343568049543 641.6019110342834 39.156501 117.171868 50
622 751.6631739167203 699.7748332395765 39.157025 117.171777 50
623 438.6959510288424 476.49296342634335 39.155014 117.168156 50
624 510.26667330453984 463.73017209907147 39.154899 117.168984 50
625 563.5991485069341 453.7421633277605 39.154809 117.169601 50
626 599.4711445270952 447.08371656367876 39.154749 117.170016 50
627 621.8585784847895 445.19814601412804 39.154732 117.170275 50
628 643.9002096745457 444.0897400181959 39.154722 117.17053 50
629 682.2782618171012 445.98029763423153 39.154739 117.170974 50
630 703.8874133719555 448.2025756670615 39.154759 117.171224 50
631 719.1003004269837 449.20312146054334 39.154768 117.1714 50
632 729.4728052006744 448.98204233056623 39.154766 117.17152 50
633 -1025.0431413654576 1032.306225311101 39.16002 117.151221 50
634 -1110.0899297279266 1041.1992837591142 39.1601 117.150237 50
635 -1319.1621590642467 1064.8786090275198 39.160313 117.147818 50
636 -1411.5544116834874 1076.2185835801101 39.160415 117.146749 50
637 -1499.7979321968708 1086.5596853923216 39.160508 117.145728 50
638 240.23618234116893 485.0327947502556 39.155091 117.16586 50
639 384.49969210270365 480.9308572688568 39.155054 117.167529 50
640 497.3002052082967 477.717662741759 39.155025 117.168834 50
641 542.075182163351 469.2832277128748 39.154949 117.169352 50
642 590.6537280323457 457.74081758933096 39.154845 117.169914 50
643 614.3380019097714 451.8586595750566 39.154792 117.170188 50
644 633.786430001664 451.5271515393891 39.154789 117.170413 50
645 663.9530624266652 451.52964693387923 39.154789 117.170762 50
646 691.6126497030557 455.6397190644954 39.154826 117.171082 50
647 717.715931107529 464.1904837428592 39.154903 117.171384 50
648 738.6325422623341 476.84852759751766 39.155017 117.171626 50
649 755.0537246291806 496.1673000998757 39.155191 117.171816 50
650 763.6092434210891 513.9310796395538 39.155351 117.171915 50
651 764.3870218365718 515.4854136597215 39.155365 117.171924 50
652 770.6926636862545 558.5611897865148 39.155753 117.171997 50
653 58.63216180286712 476.9249888908103 39.155018 117.163759 50
654 71.68415117664577 477.7022263933709 39.155025 117.16391 50
655 79.98210271781494 478.2573988165124 39.15503 117.164006 50
656 172.81550455394077 477.7038025168629 39.155025 117.16508 50
657 328.74799199716995 476.70962182163726 39.155016 117.166884 50
658 405.50431231844664 472.71655037800406 39.15498 117.167772 50
659 429.70698260572584 467.61099066139883 39.154934 117.168052 50
660 436.62203616290105 466.16813281312466 39.154921 117.168132 50
661 485.97802424078463 460.3980765595903 39.154869 117.168703 50
662 535.0749396188752 452.1859076188589 39.154795 117.169271 50
663 563.9454884640012 445.52682394224223 39.154735 117.169605 50
664 579.9366881136089 441.7533631151673 39.154701 117.16979 50
665 612.6103910435186 437.3151094281774 39.154661 117.170168 50
666 643.4687147463853 435.6523035810468 39.154646 117.170525 50
667 696.2816829012104 439.6534773381687 39.154682 117.171136 50
668 726.6212153371024 439.878265952491 39.154684 117.171487 50
669 742.6988055982822 437.54838460715666 39.154663 117.171673 50
670 756.6158529003898 431.2216639184592 39.154606 117.171834 50
671 785.4874563148398 416.6810872908279 39.154475 117.172168 50
672 745.887691632648 535.3559351867417 39.155544 117.17171 50
673 745.6295855455564 522.6998073539014 39.15543 117.171707 50
674 741.1366154688586 504.38133774986187 39.155265 117.171655 50
675 734.3093171371601 491.5025560775241 39.155149 117.171576 50
676 724.5427984682153 482.28711713792023 39.155066 117.171463 50
677 711.5777717406635 476.51297134817503 39.155014 117.171313 50
678 701.032568665629 475.17980053891597 39.155002 117.171191 50
679 687.807646520894 475.7337219721308 39.155007 117.171038 50
680 675.7062072951093 478.6191496642474 39.155033 117.170898 50
681 666.1976232973905 484.61333219507725 39.155087 117.170788 50
682 657.466827830958 492.4949049982858 39.155158 117.170687 50
683 652.5391399689609 501.9310612974665 39.155243 117.17063 50
684 648.5621756700734 512.4774838467321 39.155338 117.170584 50
685 646.9187709472886 525.9105803648513 39.155459 117.170565 50
686 647.4364370010505 537.4565419046728 39.155563 117.170571 50
687 652.794310769887 551.6673478828136 39.155691 117.170633 50
688 660.1404472931727 562.8808266011768 39.155792 117.170718 50
689 672.5863624641399 573.2066003596698 39.155885 117.170862 50
690 288.1830615754433 1182.7856908146491 39.161376 117.166415 50
691 269.6846635124877 1256.390342680466 39.162039 117.166201 50
692 -951.8338975238148 1050.7260767423418 39.160186 117.152068 50
693 -836.9672806605046 1052.2672380173833 39.1602 117.153397 50
694 182.49597157248704 498.4644705089679 39.155212 117.165192 50
695 687.2904832896417 459.08091073941705 39.154857 117.171032 50
696 706.2040190909338 639.265540471861 39.15648 117.171251 50
697 687.2758033100522 626.6077538658747 39.156366 117.171032 50
698 656.0739751859301 610.3963861633858 39.15622 117.170671 50
699 630.7491504437528 600.4026472095337 39.15613 117.170378 50
700 608.3627945823816 594.072826727469 39.156073 117.170119 50
701 583.2966768376073 590.6293504279201 39.156042 117.169829 50
702 553.7359043733627 586.741561830474 39.156007 117.169487 50
703 536.3625334338109 583.2987823860535 39.155976 117.169286 50
704 -1500.0074361263212 -8.970368629628062 39.15064 117.145728 50
705 -1406.4761856428784 -5.879181592060046 39.150668 117.14681 50
706 -1255.1152204597774 -3.6844920233285414 39.150688 117.148561 50
707 -1233.9362840871365 -0.13526449737910795 39.15072 117.148806 50
708 -1200.0500291371386 5.521414848991856 39.150771 117.149198 50
709 -1145.935879379908 14.394792147009918 39.150851 117.149824 50
710 -1130.6353133175626 16.501920850490883 39.15087 117.150001 50
711 -1116.4586451338976 17.610074010888454 39.15088 117.150165 50
712 -1082.572980497365 20.158746858540393 39.150903 117.150557 50
713 -1040.9079937757806 19.375979076807766 39.150896 117.151039 50
714 -1005.2937758688421 19.926426030604507 39.150901 117.151451 50
715 -968.641901427002 23.363383923365667 39.150932 117.151875 50
716 -935.879513007202 30.4645821706545 39.150996 117.152254 50
717 -899.4864457231445 39.11975729652721 39.151074 117.152675 50
718 -733.3398670928698 95.49979816157146 39.151582 117.154597 50
719 -548.8699724913195 155.98973951172974 39.152127 117.156731 50
720 -335.1858839255844 224.47604618134233 39.152744 117.159203 50
721 -241.82998228099797 252.6712862007807 39.152998 117.160283 50
722 -209.06917696165027 260.99672486239353 39.153073 117.160662 50
723 -182.70504880150594 265.2147658560275 39.153111 117.160967 50
724 693.5721182714378 778.9256619160078 39.157738 117.171105 50
725 701.5290963141877 722.1959223546661 39.157227 117.171197 50
726 700.4941348892855 696.9946347509074 39.157 117.171185 50
727 696.7790334674305 679.1203290608662 39.156839 117.171142 50
728 689.4337511495853 660.0245025160868 39.156667 117.171057 50
729 679.6677841138928 646.2573598190152 39.156543 117.170944 50
730 663.8517406893345 627.3828657258925 39.156373 117.170761 50
731 649.8500974811259 616.6129020618384 39.156276 117.170599 50
732 637.3174879373917 609.9507659329098 39.156216 117.170454 50
733 624.0931685570979 605.842019474661 39.156179 117.170301 50
734 610.436570478526 602.843446306905 39.156152 117.170143 50
735 596.2612717496866 600.8440236427114 39.156134 117.169979 50
736 578.7148253096896 600.8427094738246 39.156134 117.169776 50
737 557.27885927675 599.6199541775388 39.156123 117.169528 50
738 535.4974620197745 593.7344585075899 39.15607 117.169276 50
739 513.111228132987 584.0743561663796 39.155983 117.169017 50
740 499.7141969812909 575.7471068701822 39.155908 117.168862 50
741 481.2177432953548 561.9796617337784 39.155784 117.168648 50
742 469.63577449931125 554.0966494759762 39.155713 117.168514 50
743 448.8917507632143 542.438497368615 39.155608 117.168274 50
744 425.64089930616313 532.7785960060068 39.155521 117.168005 50
745 403.5998452464936 528.1146560691965 39.155479 117.16775 50
746 379.3976847467755 526.8922451908162 39.155468 117.16747 50
747 352.515999382715 525.3367327657378 39.155454 117.167159 50
748 730.0622936257107 616.2869021364997 39.156273 117.171527 50
749 742.4284483962713 554.2287439601646 39.155714 117.17167 50
750 261.4117681410153 529.2188132823424 39.155489 117.166105 50
751 737.9988694709232 780.9280489392452 39.157756 117.171619 50
752 729.0054497809308 827.3329395807455 39.158174 117.171515 50
753 711.1947134637259 887.9474086397679 39.15872 117.171309 50
754 698.5715882438885 932.5757171738612 39.159122 117.171163 50
755 681.5404143066305 979.3130167893574 39.159543 117.170966 50
756 665.806492836804 1019.16731762229 39.159902 117.170784 50
757 649.554533569922 1054.3588308493097 39.160219 117.170596 50
758 629.4130709982352 1093.1026599923207 39.160568 117.170363 50
759 604.4309830746878 1141.615801268633 39.161005 117.170074 50
760 582.9935030287047 1180.692710639965 39.161357 117.169826 50
761 546.6882022067681 1252.297071437284 39.162002 117.169406 50
762 539.254364869192 1266.6179528107505 39.162131 117.16932 50
763 479.352684425585 1378.298758800137 39.163137 117.168627 50
764 437.3445859585393 1459.2288635547914 39.163866 117.168141 50
765 417.2917080196885 1496.6410426793577 39.164203 117.167909 50
766 743.5393102883523 689.3383220089091 39.156931 117.171683 50
767 327.70866913828195 526.4458416308753 39.155464 117.166872 50
768 306.96393549350057 525.6678732464775 39.155457 117.166632 50
769 -147.35129837471658 267.2123533674169 39.153129 117.161376 50
770 -72.75410435598339 268.76556446616144 39.153143 117.162239 50
771 -8.011024481923585 270.4305072460203 39.153158 117.162988 50
772 52.496501965642125 271.9849364915359 39.153172 117.163688 50
773 81.54011158908058 272.20722143755575 39.153174 117.164024 50
774 95.71615309361492 272.76247363211155 39.153179 117.164188 50
775 118.10394844202189 271.8746315102444 39.153171 117.164447 50
776 164.43554860772952 265.99149043960097 39.153118 117.164983 50
777 200.13519398880908 258.99816057614004 39.153055 117.165396 50
778 229.61123004900318 252.89295583450308 39.153 117.165737 50
779 255.02469055104825 245.56652636840914 39.152934 117.166031 50
780 269.28739046329713 240.7932117961529 39.152891 117.166196 50
781 296.17051607340557 230.46946958815704 39.152798 117.166507 50
782 346.4795607677404 205.7144279854151 39.152575 117.167089 50
783 385.1195119224093 180.29301805571663 39.152346 117.167536 50
784 417.44955477095743 154.76044273270878 39.152116 117.16791 50
785 479.68997320019116 102.80739946279297 39.151648 117.16863 50
786 522.0486290603964 65.61894892482347 39.151313 117.16912 50
787 547.0322009610325 37.64402262776202 39.151061 117.169409 50
788 575.3014634011108 0.010820062876405245 39.150722 117.169736 50
789 590.3440642287258 -21.747660348644438 39.150526 117.16991 50
790 601.3234264083706 -36.84532257084421 39.15039 117.170037 50
791 612.6493913909508 -62.045611805090395 39.150163 117.170168 50
792 625.9648381577056 -102.45523817346209 39.149799 117.170322 50
793 630.6346138249285 -125.213623768332 39.149594 117.170376 50
794 634.0077124791144 -147.41701901400887 39.149394 117.170415 50
795 635.9983802364234 -177.72486228270046 39.149121 117.170438 50
796 635.1365979238818 -210.58635650846696 39.148825 117.170428 50
797 625.719551337548 -278.53032328155246 39.148213 117.170319 50
798 625.5475192137593 -289.2991130890239 39.148116 117.170317 50
799 626.5856189547808 -298.73558645999117 39.148031 117.170329 50
800 628.9205670923666 -310.1702852000334 39.147928 117.170356 50
801 633.1571428371964 -319.27344541068703 39.147846 117.170405 50
802 639.6412593954941 -327.5992921559714 39.147771 117.17048 50
803 648.8050969663373 -334.48167435063243 39.147709 117.170586 50
804 657.6230360129198 -339.809818566279 39.147661 117.170688 50
805 667.7375276673345 -343.3615497783751 39.147629 117.170805 50
806 680.445268264001 -345.2477689376674 39.147612 117.170952 50
807 689.0034246116363 -345.1360036619573 39.147613 117.171051 50
808 698.4259233121707 -343.69193254826985 39.147626 117.17116 50
809 795.847124793137 -308.60087055990334 39.147942 117.172287 50
810 851.6889254801579 -288.9447662860065 39.148119 117.172933 50
811 933.2901242362666 -260.7368314559788 39.148373 117.173877 50
812 958.5305599817873 -247.96668172050582 39.148488 117.174169 50
813 -805.9279037050615 1156.8434592972003 39.161142 117.153756 50
814 -828.4021951628533 1132.1996816580768 39.16092 117.153496 50
815 -834.7145396390274 1104.334694802954 39.160669 117.153423 50
816 -831.4510749874411 907.3874739783432 39.158895 117.153461 50
817 267.78291107861014 1265.9378748605127 39.162125 117.166179 50
818 265.4489505597055 1277.594745949326 39.16223 117.166152 50
819 262.25056736169137 1293.6923321401391 39.162375 117.166115 50
820 270.1144500878158 1324.7778019304099 39.162655 117.166206 50
821 272.27484621345513 1333.3263076868643 39.162732 117.166231 50
822 281.0027829964722 1368.2974710081307 39.163047 117.166332 50
823 324.3845582097183 1481.8711744179855 39.16407 117.166834 50
824 333.0265627471893 1495.8598817247448 39.164196 117.166934 50
825 743.4760485240786 444.8756749440969 39.154729 117.171682 50
826 759.5541280886564 437.4389801757221 39.154662 117.171868 50
827 771.137494932733 429.8908568619997 39.154594 117.172002 50
828 790.8473453070645 409.2433910191249 39.154408 117.17223 50
829 -1403.6412125175475 378.68802248926505 39.154132 117.146842 50
830 -1492.9365264553294 353.94740075137184 39.153909 117.145809 50
831 -1499.9383990283218 352.0614233287845 39.153892 117.145728 50
832 -1223.3269506472925 406.19039954010026 39.15438 117.148928 50
833 -1491.4705987495565 335.4070457600019 39.153742 117.145826 50
834 -1499.941986869232 333.2993110996566 39.153723 117.145728 50
835 -1294.124780706335 374.4504900008792 39.154094 117.148109 50
836 -1151.2376284381055 407.2896725188078 39.15439 117.149762 50
837 -1156.1609190325773 432.15852538530254 39.154614 117.149705 50
838 -1182.5251933402874 426.72255230581374 39.154565 117.1494 50
839 -1324.9806078414392 389.88720243137686 39.154233 117.147752 50
840 -68.68974053365939 464.4910052907453 39.154906 117.162286 50
841 -10.776789220182053 484.4740311662571 39.155086 117.162956 50
842 28.897754132477885 492.689441742448 39.15516 117.163415 50
843 64.42327175134176 498.0185383641485 39.155208 117.163826 50
844 97.09637985697937 499.1290591959841 39.155218 117.164204 50
845 130.80674815151417 498.57445668750677 39.155213 117.164594 50
846 328.57437374149623 494.4725652882307 39.155176 117.166882 50
847 427.4580673993546 496.03158882293286 39.15519 117.168026 50
848 977.1662016219699 -649.073436081779 39.144875 117.174384 50
849 978.2105156454832 -704.582427217263 39.144375 117.174396 50
850 975.3604230379698 -726.7864292306615 39.144175 117.174363 50
851 969.9166187656135 -747.547513529094 39.143988 117.1743 50
852 951.5918882576672 -770.5305308481708 39.143781 117.174088 50
853 926.7827880876001 -789.8506718661463 39.143607 117.173801 50
854 913.9890327924494 -798.4005758713338 39.14353 117.173653 50
855 903.961688294878 -806.9501406298515 39.143453 117.173537 50
856 893.4151464262313 -811.3920775098551 39.143413 117.173415 50
857 1023.1557412692533 -636.9665839532454 39.144984 117.174916 50
858 1023.3265693839173 -621.0909517859081 39.145127 117.174918 50
859 1022.7182271839287 -596.5559968788373 39.145348 117.174911 50
860 1022.1093247178126 -567.6913288670376 39.145608 117.174904 50
861 1020.1967737211324 -485.53805895053665 39.146348 117.174882 50
862 1019.1485713698768 -402.16346459860563 39.147099 117.17487 50
863 1016.8959771019979 -363.75142731759547 39.147445 117.174844 50
864 1013.2622060499958 -340.32703641896563 39.147656 117.174802 50
865 1139.6293273495698 -818.2433053039672 39.143351 117.176263 50
866 1121.5599514634835 -810.9187068223199 39.143417 117.176054 50
867 1105.3060682716348 -803.4827928562562 39.143484 117.175866 50
868 1094.0664409238998 -796.4902203665167 39.143547 117.175736 50
869 1055.6781973168752 -767.0756503486728 39.143812 117.175292 50
870 1041.4120374840797 -753.6443514400052 39.143933 117.175127 50
871 1034.0621984397906 -741.988409452724 39.144038 117.175042 50
872 1029.219601979809 -731.5533324128492 39.144132 117.174986 50
873 1025.9329634532237 -719.8968483105466 39.144237 117.174948 50
874 1024.374380509264 -700.9129334788715 39.144408 117.17493 50
875 1022.8116082117664 -649.7337273995931 39.144869 117.174912 50
876 385.72969852117546 76.49086179728478 39.151411 117.167543 50
877 357.8945456143865 98.36016214206064 39.151608 117.167221 50
878 320.6373843184823 122.56055718785183 39.151826 117.16679 50
879 278.0212159897325 144.31853387407847 39.152022 117.166297 50
880 231.25626172749958 161.96893907659955 39.152181 117.165756 50
881 185.09673912870454 173.73566318307832 39.152287 117.165222 50
882 131.2442281865458 182.06095653390952 39.152362 117.164599 50
883 88.02404594010203 184.39173868199015 39.152383 117.164099 50
884 20.600625684604758 183.17006956696554 39.152372 117.163319 50
885 -33.33812620580375 182.05992945721246 39.152362 117.162695 50
886 -94.2786250190147 175.510340180753 39.152303 117.16199 50
887 -245.20404964662416 159.08288461569614 39.152155 117.160244 50
888 -310.29437939196157 144.31974408130395 39.152022 117.159491 50
889 -377.2003516258331 126.67075316031666 39.151863 117.158717 50
890 -457.0734457736591 97.8102221355145 39.151603 117.157793 50
891 -736.9790467084713 3.4659123121144333 39.150753 117.154555 50
892 -818.7574291218257 -34.71629326168108 39.150409 117.153609 50
893 -1038.2476247024424 -126.72452276407913 39.14958 117.15107 50
894 -1233.6241383067907 -213.956639735923 39.148794 117.14881 50
895 -1500.2057528022801 -1046.2140228026112 39.141297 117.145728 50
896 -1466.8357728066167 -1052.659387048729 39.141239 117.146114 50
897 -1177.2629870453707 -1371.5523074133966 39.138367 117.149464 50
898 -1169.8340523702464 -1414.5174301201084 39.13798 117.14955 50
899 -1165.8660923839275 -1475.8000166170577 39.137428 117.149596 50
900 515.5321406550305 573.3057244610359 39.155886 117.169045 50
901 504.72846935691155 560.4268809395994 39.15577 117.16892 50
902 499.456649412478 548.1034951008822 39.155659 117.168859 50
903 496.51863121285123 535.2251681658322 39.155543 117.168825 50
904 499.9772981761721 516.2412330601611 39.155372 117.168865 50
905 507.06603481803825 501.80929007991847 39.155242 117.168947 50
906 518.9085505356657 491.5963676924947 39.15515 117.169084 50
907 532.6525681350375 483.49294262571027 39.155077 117.169243 50
908 549.8539727802722 477.1660783851363 39.15502 117.169442 50
909 571.982305361154 471.0616465199959 39.154965 117.169698 50
910 594.6292282166966 465.8454639416532 39.154918 117.16996 50
911 641.0464862306931 459.8541242912677 39.154864 117.170497 50
912 663.2610004104085 458.190694617535 39.154849 117.170754 50
913 -204.40098709509942 278.6485282562264 39.153232 117.160716 50
914 -227.9990501694029 273.5423319628584 39.153186 117.160443 50
915 -271.65127163232955 262.77493691873025 39.153089 117.159938 50
916 -416.7855278455644 216.37561434015726 39.152671 117.158259 50
917 -706.9729598101035 121.25364124160527 39.151814 117.154902 50
918 -906.2270660191077 55.10717803746146 39.151218 117.152597 50
919 -958.0937328235036 41.68011879508164 39.151097 117.151997 50
920 -989.818413049833 37.57637807852708 39.15106 117.15163 50
921 -1018.5171681716622 37.246996658505516 39.151057 117.151298 50
922 -1058.8854936877194 37.585396949456076 39.15106 117.150831 50
923 -1103.230392882433 36.14826936046136 39.151047 117.150318 50
924 -1117.2339679098832 36.26126963945774 39.151048 117.150156 50
925 -1210.8529805963828 20.62157218298272 39.150907 117.149073 50
926 -1234.19281637919 17.62771372550496 39.15088 117.148803 50
927 -1262.9786151353424 14.079707819872016 39.150848 117.14847 50
928 -1363.3384853952332 11.099011972610189 39.150821 117.147309 50
929 -1482.3700156781592 7.790051111746006 39.150791 117.145932 50
930 -1500.0045490628981 6.128127854644195 39.150776 117.145728 50
931 -168.87415749347468 292.524983957342 39.153357 117.161127 50
932 -168.70089249085834 310.50996274452103 39.153519 117.161129 50
933 -164.72387324391337 350.03243414283145 39.153875 117.161175 50
934 -164.72352818565682 366.4631603401615 39.154023 117.161175 50
935 -163.85886939488003 379.67433454692576 39.154142 117.161185 50
936 -160.57397028123958 391.88629336710744 39.154252 117.161223 50
937 -155.30105885333143 401.6558087665941 39.15434 117.161284 50
938 -149.4231827794946 406.87356072081093 39.154387 117.161352 50
939 -137.58106310840753 414.64463412899113 39.154457 117.161489 50
940 -109.31580156183007 423.0815900309077 39.154533 117.161816 50
941 -80.53189451287034 439.40095132596224 39.15468 117.162149 50
942 -33.855582564455915 456.71948695569506 39.154836 117.162689 50
943 1447.458977602594 -1159.2404277806959 39.140279 117.179823 50
944 1450.3159143636344 -1180.4443682677088 39.140088 117.179856 50
945 1447.6460595266983 -1236.064954875158 39.139587 117.179825 50
946 1439.9609331107517 -1287.5787866883657 39.139123 117.179736 50
947 1422.518754124868 -1409.1468165543786 39.138028 117.179534 50
948 1417.9425860595645 -1442.8971510800147 39.137724 117.179481 50
949 1416.3896841655917 -1461.4374555727927 39.137557 117.179463 50
950 1006.9186376923723 -1430.5266374552002 39.137836 117.174727 50
951 1018.5905215313068 -1430.8581851943845 39.137833 117.174862 50
952 1041.5019869843024 -1431.4102678701713 39.137828 117.175127 50
953 1056.0269458139126 -1431.408326343189 39.137828 117.175295 50
954 1092.1668747038282 -1434.6229040984904 39.137799 117.175713 50
955 1128.3066097382891 -1436.2830618640764 39.137784 117.176131 50
956 1291.5401654008347 -1439.8104693907476 39.137752 117.178019 50
957 1333.99150924308 -1442.0237287951245 39.137732 117.17851 50
958 1409.3832228865488 -1442.8986932674516 39.137724 117.179382 50
959 1257.0005887406671 -633.1579808107233 39.145018 117.177621 50
960 1168.6487328326434 -628.6198911940019 39.145059 117.176599 50
961 1036.1211184972613 -621.6443636975623 39.145122 117.175066 50
962 1378.5521763227173 -655.2301951343679 39.144819 117.179027 50
963 1358.2685970198713 657.3363422580582 39.156642 117.178795 50
964 1361.4647482455612 668.5497622267503 39.156743 117.178832 50
965 1372.1807395522715 679.6534771018711 39.156843 117.178956 50
966 1455.752274383167 738.6193559137097 39.157374 117.179923 50
967 1500.431840667366 774.7087846389309 39.157699 117.18044 50
968 1371.3204113696238 -826.8656495432012 39.143273 117.178943 50
969 1368.8133199809354 -826.8660873634735 39.143273 117.178914 50
970 1128.7364274685663 -818.0228436167012 39.143353 117.176137 50
971 1108.3338664341181 -817.6926977955601 39.143356 117.175901 50
972 1099.947854290536 -816.0286047427826 39.143371 117.175804 50
973 1089.313788500646 -812.0334325816925 39.143407 117.175681 50
974 1484.071581250563 446.2020333806655 39.15474 117.18025 50
975 1415.8542762389864 546.9941723438808 39.155648 117.179461 50
976 1387.0630994261876 591.618448488374 39.15605 117.179128 50
977 1370.5482168002177 623.9219187140168 39.156341 117.178937 50
978 1360.9502804218864 644.6807012856934 39.156528 117.178826 50
979 1414.7206290623867 -835.7394007921882 39.143193 117.179445 50
980 1500.7406604639293 -839.7200734776812 39.143157 117.18044 50
981 1396.5610073394598 -808.7652273919249 39.143436 117.179235 50
982 1391.3678900840569 -774.6835555073856 39.143743 117.179175 50
983 1390.0653253143555 -741.9334087793713 39.144038 117.17916 50
984 1393.4249862315164 -674.8777970642798 39.144642 117.179199 50
985 1394.458950157512 -655.5604386404416 39.144816 117.179211 50
986 878.2789898288611 25.018021878954244 39.150947 117.173241 50
987 901.276909687585 -12.725612156813476 39.150607 117.173507 50
988 949.7087567355067 -211.55374570547255 39.148816 117.174067 50
989 955.8494513816445 -237.19823203148286 39.148585 117.174138 50
990 1035.5179962898821 -636.9649619575989 39.144984 117.175059 50
991 1179.1977763082964 -643.494758188149 39.144925 117.176721 50
992 1256.3976302755816 -646.8133220880779 39.144895 117.177614 50
993 1378.728450255322 -674.4363206273263 39.144646 117.179029 50
994 1376.9243635693324 -739.1602703306287 39.144063 117.179008 50
995 1376.5845801011083 -773.464962893916 39.143754 117.179004 50
996 1380.481098508841 -808.8790915216478 39.143435 117.179049 50
997 1500.7063472274726 -660.314618787156 39.144773 117.18044 50
998 1393.2845342811986 -857.6138250855768 39.142996 117.179197 50
999 1409.465611453683 -938.8762607645149 39.142264 117.179384 50
1000 1432.3110393169666 -1058.9938020060395 39.141182 117.179648 50
1001 1444.342242149394 -1135.594133785112 39.140492 117.179787 50
1002 1446.1600849324982 -1148.0278331110944 39.14038 117.179808 50
1003 1161.0219193458213 85.78182144412293 39.151494 117.176512 50
1004 1098.0944966323343 72.22851873646448 39.151372 117.175784 50
1005 952.4443610927069 40.68026554322748 39.151088 117.174099 50
1006 941.0343273533662 38.23648443291239 39.151066 117.173967 50
1007 922.9683498614745 35.01480542779108 39.151037 117.173758 50
1008 906.7176901661367 31.34930419958519 39.151004 117.17357 50
1009 1006.1062879736277 -489.31450003216116 39.146314 117.174719 50
1010 1006.1812031117607 -399.3896812190461 39.147124 117.17472 50
1011 1001.420370182712 -350.3202039986293 39.147566 117.174665 50
1012 975.2605460848773 -618.7656909552627 39.145148 117.174362 50
1013 964.6272341852379 -618.2119143427306 39.145153 117.174239 50
1014 688.680890981604 -610.0256402454559 39.145227 117.171047 50
1015 576.9018826365069 -604.5947618557366 39.145276 117.169754 50
1016 927.4652597983529 18.695636274512232 39.15089 117.17381 50
1017 901.8749868807322 48.33455600322508 39.151157 117.173514 50
1018 1252.907501392367 95.78761289332333 39.151584 117.177575 50
1019 1290.5062354903102 115.33294280194093 39.15176 117.17801 50
1020 1330.0915282526896 143.09415056396898 39.15201 117.178468 50
1021 1427.3238860450988 217.1605069012531 39.152677 117.179593 50
1022 1443.3131065126825 228.9313828100917 39.152783 117.179778 50
1023 1437.9947281848183 -1409.2550135353385 39.138027 117.179713 50
1024 1456.2111917878135 -1268.369649466258 39.139296 117.179924 50
1025 1461.045241321488 -1228.0691645720278 39.139659 117.17998 50
1026 1462.8520395853075 -1180.9971316871797 39.140083 117.180001 50
1027 1461.551405196029 -1160.5700331279618 39.140267 117.179986 50
1028 1457.4833760516137 -1135.5917035905047 39.140492 117.179939 50
1029 1445.7992313241036 -1066.4295458000147 39.141115 117.179804 50
1030 1420.875774627924 -930.1037649173435 39.142343 117.179516 50
1031 1406.5113758644893 -856.0572099912378 39.14301 117.17935 50
1032 364.6691824233488 -594.837891357374 39.145364 117.167299 50
1033 551.4984377140206 -783.2249353461796 39.143667 117.16946 50
1034 148.9790278376372 -583.4100718370843 39.145467 117.164804 50
1035 -118.83927230507163 -588.850480907801 39.145418 117.161706 50
1036 -208.3138609828917 -591.6240717311587 39.145393 117.160671 50
1037 -286.2907405572268 -592.3987414741987 39.145386 117.159769 50
1038 -482.6163354125756 -596.7188325204354 39.145347 117.157498 50
1039 531.6162540638172 -805.874024970461 39.143463 117.16923 50
1040 351.1058401405984 -798.8900321477452 39.143526 117.167142 50
1041 268.3720111232395 -795.7847883291665 39.143554 117.166185 50
1042 547.7845965953484 -834.0715398488312 39.143209 117.169417 50
1043 544.7761968608535 -1084.7508284600533 39.140951 117.169382 50
1044 544.1721794476265 -1101.5146139466544 39.1408 117.169375 50
1045 544.1749432032067 -1141.3701347632946 39.140441 117.169375 50
1046 544.006643292695 -1207.870021313281 39.139842 117.169373 50
1047 551.8787427538443 -1273.8142487408343 39.139248 117.169464 50
1048 571.4273926952925 -1404.4811838763571 39.138071 117.16969 50
1049 571.3419128346596 -1417.9143818385232 39.13795 117.169689 50
1050 571.8624805884027 -1442.893418698714 39.137725 117.169695 50
1051 215.28987723244575 -753.2664444880986 39.143937 117.165571 50
1052 214.85712254384902 -734.9484483947277 39.144102 117.165566 50
1053 898.6032976690194 -66.01472819313136 39.150127 117.173476 50
1054 911.2307136831853 -123.96484670400359 39.149605 117.173622 50
1055 933.284735748969 -215.4413581362797 39.148781 117.173877 50
1056 904.6349273724971 102.06776606839784 39.151641 117.173546 50
1057 888.5496722943104 165.56844238374535 39.152213 117.17336 50
1058 880.3343243480253 196.76368388437095 39.152494 117.173265 50
1059 858.9747204004605 277.9157664538832 39.153225 117.173018 50
1060 853.5268003680105 298.564595843584 39.153411 117.172955 50
1061 825.3364862597748 404.9172252830484 39.154369 117.172629 50
1062 814.6161974440718 424.12229313292113 39.154542 117.172505 50
1063 785.2208410472763 489.6201737372301 39.155132 117.172165 50
1064 776.1417343477954 522.258693280582 39.155426 117.17206 50
1065 753.053610651709 621.8399989676561 39.156323 117.171793 50
1066 967.3601518659309 -346.8829106232619 39.147597 117.174271 50
1067 973.874493717796 -595.6740661679297 39.145356 117.174346 50
1068 981.6057624400855 -203.00140839324558 39.148893 117.174436 50
1069 966.6422638466281 -133.2837548241158 39.149521 117.174263 50
1070 974.3486666414447 -237.1959561907507 39.148585 117.174352 50
1071 996.4767922231932 -223.20486828858333 39.148711 117.174608 50
1072 1026.4711106863406 -207.7694541184564 39.14885 117.174955 50
1073 1126.221492830891 -161.12807003283078 39.14927 117.176109 50
1074 1136.7670286432474 -156.68581568588132 39.14931 117.176231 50
1075 1210.58570183146 -127.25491250155535 39.149575 117.177085 50
1076 1249.397004434289 -115.14782820196297 39.149684 117.177534 50
1077 1277.9220132148187 -106.70583934021305 39.14976 117.177864 50
1078 1305.4963603222611 -99.92918004742477 39.149821 117.178183 50
1079 1331.0829903285398 -96.26127491393837 39.149854 117.178479 50
1080 1358.052881979832 -93.70323039860185 39.149877 117.178791 50
1081 1500.5993867067612 -101.1154870230846 39.14981 117.18044 50
1082 961.7307552292668 -262.065616136505 39.148361 117.174206 50
1083 580.3335468463756 -1418.0247400315786 39.137949 117.169793 50
1084 557.1628027199412 -1417.8043834291077 39.137951 117.169525 50
1085 332.8038237899646 -1403.0516987709925 39.138084 117.16693 50
1086 299.3445878943693 -1401.0547206003876 39.138102 117.166543 50
1087 244.44390657216036 -1400.8345868945057 39.138104 117.165908 50
1088 239.25644141854025 -1400.8347467966332 39.138104 117.165848 50
1089 228.9679623865831 -1400.613017558076 39.138106 117.165729 50
1090 558.0684965765142 -780.2269787046316 39.143694 117.169536 50
1091 561.3513915831356 -748.919604559534 39.143976 117.169574 50
1092 572.4956983078 -641.7861988239003 39.144941 117.169703 50
1093 532.6737218884211 -1101.2933667107993 39.140802 117.169242 50
1094 239.24698488943065 -1090.650057338029 39.140898 117.165848 50
1095 939.2210413608901 21.583512411002612 39.150916 117.173946 50
1096 1083.4879036389539 57.57206269555589 39.15124 117.175615 50
1097 -525.6168694553999 -1125.7178391169318 39.140582 117.157001 50
1098 -538.4987219856564 -1127.1602016579945 39.140569 117.156852 50
1099 -668.1812153417472 -1131.7019736896732 39.140528 117.155352 50
1100 -744.2617965125839 -1135.5807610897855 39.140493 117.154472 50
1101 -803.2243653792784 -1139.2385455614021 39.14046 117.15379 50
1102 -1499.947442909062 304.76757934356175 39.153466 117.145728 50
1103 -1485.33852326946 308.65044396665627 39.153501 117.145897 50
1104 -1388.1766047631274 334.4999386609421 39.153734 117.147021 50
1105 -1229.9878697327856 372.99693149274304 39.154081 117.148851 50
1106 -477.33414985571744 968.4181158184849 39.159445 117.157558 50
1107 -434.03271248808653 953.650136606024 39.159312 117.158059 50
1108 -378.1119639032991 940.5470560968863 39.159194 117.158706 50
1109 -330.74766094526433 930.8863047240525 39.159107 117.159254 50
1110 -275.5176528481354 928.663799904554 39.159087 117.159893 50
1111 -250.10658470347823 929.7731336501996 39.159097 117.160187 50
1112 -187.44326089776715 932.7688858309353 39.159124 117.160912 50
1113 -135.58390317136974 940.5391142784149 39.159194 117.161512 50
1114 -83.37888887099834 951.3071820771584 39.159291 117.162116 50
1115 -40.85435219246719 965.5172161857447 39.159419 117.162608 50
1116 0.5464205044274877 981.059703306017 39.159559 117.163087 50
1117 31.920991020495023 997.3794918115345 39.159706 117.16345 50
1118 111.6964494816005 1043.4529133487113 39.160121 117.164373 50
1119 196.0517215049929 1091.7476335535282 39.160556 117.165349 50
1120 244.97051120971543 1115.8400335780725 39.160773 117.165915 50
1121 279.2828816687022 1125.6108126874092 39.160861 117.166312 50
1122 294.2351275637544 1129.0529344306613 39.160892 117.166485 50
1123 323.2752957073667 1135.6041721551414 39.160951 117.166821 50
1124 384.81323935818756 1137.161209643752 39.160965 117.167533 50
1125 414.2859195763865 1134.8313213912218 39.160944 117.167874 50
1126 460.7857584395783 1124.6202085664022 39.160852 117.168412 50
1127 498.2107408638524 1111.633326169378 39.160735 117.168845 50
1128 516.5345586551449 1101.8648792773238 39.160647 117.169057 50
1129 550.6758498645077 1082.327937980603 39.160471 117.169452 50
1130 681.2792004337801 1001.4056812276622 39.159742 117.170963 50
1131 719.5703058775691 979.09437639318 39.159541 117.171406 50
1132 746.7115392406729 960.8898751913407 39.159377 117.17172 50
1133 771.7790130289061 937.8004492014945 39.159169 117.17201 50
1134 795.204905949437 909.9371413715655 39.158918 117.172281 50
1135 835.3149397283147 858.761776992224 39.158457 117.172745 50
1136 851.1341520709527 840.3344058328709 39.158291 117.172928 50
1137 879.4006124460228 814.9142872688403 39.158062 117.173255 50
1138 917.1755511437816 784.3885268690876 39.157787 117.173692 50
1139 943.5396513608875 769.1821204643081 39.15765 117.173997 50
1140 994.9720542569437 735.549873955723 39.157347 117.174592 50
1141 1034.3039249274639 702.9155277646935 39.157053 117.175047 50
1142 1076.4904869674128 655.6273331643099 39.156627 117.175535 50
1143 1094.1268233685505 629.9845068267205 39.156396 117.175739 50
1144 1127.149747411711 597.9048461899438 39.156107 117.176121 50
1145 1153.2563899257677 577.1481889179402 39.15592 117.176423 50
1146 1180.399736480252 560.8325133451262 39.155773 117.176737 50
1147 1200.9739508997047 545.0710158302744 39.155631 117.176975 50
1148 1220.3385172296594 526.8669784510419 39.155467 117.177199 50
1149 1272.4702336291305 462.1515086303028 39.154884 117.177802 50
1150 1391.4373550667506 295.86610809475894 39.153386 117.179178 50
1151 1411.7556484180693 267.44902582278974 39.15313 117.179413 50
1152 1452.2184194879906 218.05322327784447 39.152685 117.179881 50
1153 1472.4513818858427 185.9726787917824 39.152396 117.180115 50
1154 1493.8961160913668 146.34316844010146 39.152039 117.180363 50
1155 1500.5550446856923 130.69084716228693 39.151898 117.18044 50
1156 -1417.8148959912805 1346.8829792381716 39.162853 117.146676 50
1157 -1447.6515991488945 1242.7530003870388 39.161915 117.146331 50
1158 -1450.073345558875 1233.3168691566657 39.16183 117.146303 50
1159 -1451.6306450917377 1224.768727324286 39.161753 117.146285 50
1160 -1451.6327413834576 1213.4448337327594 39.161651 117.146285 50
1161 -1448.869251082838 1201.3432990162064 39.161542 117.146317 50
1162 -1443.6856934801463 1189.4633568050951 39.161435 117.146377 50
1163 -1426.4913300718108 1161.7055705382625 39.161185 117.146576 50
1164 -1418.8879635083106 1148.27094593197 39.161064 117.146664 50
1165 -1413.3586061784495 1136.3909621891758 39.160957 117.146728 50
1166 -1409.7311893522176 1121.7358603707005 39.160825 117.14677 50
1167 -1408.7828532022916 1108.4134638898372 39.160705 117.146781 50
1168 -533.7535350362687 -1271.5951399771748 39.139268 117.156907 50
1169 -538.5175917274867 -1402.1521312793097 39.138092 117.156852 50
1170 731.8634538165493 766.1620146988366 39.157623 117.171548 50
1171 728.8371229917607 778.4847854528889 39.157734 117.171513 50
1172 735.2458233338175 644.0420030895236 39.156523 117.171587 50
1173 734.6428357796359 622.0602899952764 39.156325 117.17158 50
1174 731.1876114584501 598.5240528265143 39.156113 117.17154 50
1175 729.3744435429717 577.2083397065169 39.155921 117.171519 50
1176 727.3024719145344 550.3416810019485 39.155679 117.171495 50
1177 730.7612977510729 535.5765483114615 39.155546 117.171535 50
1178 733.8739436147988 525.5851783888957 39.155456 117.171571 50
1179 738.1100960635124 517.4812291063968 39.155383 117.17162 50
1180 766.8114480915306 472.5215124616305 39.154978 117.171952 50
1181 782.9788671663562 435.6649884370451 39.154646 117.172139 50
1182 793.095581454186 400.80621741683814 39.154332 117.172256 50
1183 818.8641823962924 304.0008029811391 39.15346 117.172554 50
1184 839.4465535334178 211.52464829855592 39.152627 117.172792 50
1185 855.0166903896818 111.16570793916824 39.151723 117.172972 50
1186 707.3258854325683 659.1379477535435 39.156659 117.171264 50
1187 664.2825260651147 643.8136354618789 39.156521 117.170766 50
1188 620.0291224007256 625.7140023389713 39.156358 117.170254 50
1189 602.829053545518 618.1634059486446 39.15629 117.170055 50
1190 590.7282917680651 615.3870236899429 39.156265 117.169915 50
1191 564.6251913298752 609.3901042502791 39.156211 117.169613 50
1192 537.1388825886472 606.2796569207023 39.156183 117.169295 50
1193 504.98561908429804 593.954471775108 39.156072 117.168923 50
1194 483.6370032337754 577.4113759930221 39.155923 117.168676 50
1195 456.6700905896183 558.4256036289619 39.155752 117.168364 50
1196 443.01354659296567 551.8747316597496 39.155693 117.168206 50
1197 418.7254797543113 542.2147921432725 39.155606 117.167925 50
1198 398.41313087393064 538.4391067912308 39.155572 117.16769 50
1199 372.82804544069256 536.661553789444 39.155556 117.167394 50
1200 204.19070719803472 533.3247976832747 39.155526 117.165443 50
1201 199.00451791148083 533.4356828440023 39.155527 117.165383 50
1202 182.3222772582456 533.7683327042934 39.15553 117.16519 50
1203 84.9948391447252 534.7658403498394 39.155539 117.164064 50
1204 70.47352368085379 534.321622642587 39.155535 117.163896 50
1205 26.99601838546056 528.7704300240448 39.155485 117.163393 50
1206 -20.80338579867245 519.555879920696 39.155402 117.16284 50
1207 -75.86369630790807 498.7957697755897 39.155215 117.162203 50
1208 -127.12103027594522 480.3673714841574 39.155049 117.16161 50
1209 -152.015063400705 471.59735762446644 39.15497 117.161322 50
1210 -159.01651975461334 469.15509076612 39.154948 117.161241 50
1211 -165.24008799139636 464.71448184428345 39.154908 117.161169 50
1212 -169.64848350472275 460.162819985877 39.154867 117.161118 50
1213 -172.32816501405114 454.3899196621762 39.154815 117.161087 50
1214 -173.53849615463764 444.9533792918411 39.15473 117.161073 50
1215 -173.1928543563184 440.0685605244072 39.154686 117.161077 50
1216 -171.20493554464517 433.5184292947416 39.154627 117.1611 50
1217 -165.9324240345926 425.080915124342 39.154551 117.161161 50
1218 -156.07860886220672 421.3060862021258 39.154517 117.161275 50
1219 -136.28435026967088 423.0820122221404 39.154533 117.161504 50
1220 624.4896875790446 -31.95870503233659 39.150434 117.170305 50
1221 607.3742623705389 -34.84652606269588 39.150408 117.170107 50
1222 932.0791661234013 -254.63096809542296 39.148428 117.173863 50
1223 848.4035161937903 -284.5043898844539 39.148159 117.172895 50
1224 697.3016996541107 -338.9182456417371 39.147669 117.171147 50
1225 686.841814781158 -339.9183331078259 39.14766 117.171026 50
1226 674.5664355851203 -339.4753250396781 39.147664 117.170884 50
1227 662.9824291889579 -336.7008550470182 39.147689 117.17075 50
1228 654.8561133511257 -332.038768938616 39.147731 117.170656 50
1229 646.9025891717068 -326.0444404982735 39.147785 117.170564 50
1230 640.5049663930741 -318.3847024986548 39.147854 117.17049 50
1231 635.3175245678206 -309.836714834554 39.147931 117.17043 50
1232 632.8098013603714 -299.95628823728384 39.14802 117.170401 50
1233 631.1663520478252 -287.7444067022486 39.14813 117.170382 50
1234 631.8570754678582 -277.30862991845686 39.148224 117.17039 50
1235 641.3607298814737 -212.02908831318086 39.148812 117.1705 50
1236 642.2224135743554 -178.27944685478315 39.149116 117.17051 50
1237 639.626469164839 -146.1953612253671 39.149405 117.17048 50
1238 636.2530399914641 -120.10632654223879 39.14964 117.170441 50
1239 631.4105161850858 -99.23526983403075 39.149828 117.170385 50
1240 619.3053097047941 -59.60268549744642 39.150185 117.170245 50
1241 595.0116760391564 -17.972683606713588 39.15056 117.169964 50
1242 582.2167252400739 1.676605646884564 39.150737 117.169816 50
1243 551.4404180551929 42.19608427386542 39.151102 117.16946 50
1244 529.1367275228027 67.28469939320307 39.151328 117.169202 50
1245 503.3755988676061 91.26297252049548 39.151544 117.168904 50
1246 409.7554993348673 170.85770316406757 39.152261 117.167821 50
1247 386.2428754416112 187.62028706228463 39.152412 117.167549 50
1248 360.30993839176284 206.38116141865322 39.152581 117.167249 50
1249 328.75865227993455 222.36642463404334 39.152725 117.166884 50
1250 294.70074786754697 238.24070217309298 39.152868 117.16649 50
1251 270.8430820976494 247.232332601621 39.152949 117.166214 50
1252 254.16008938634764 251.89454719702434 39.152991 117.166021 50
1253 231.6856082919657 258.66597377233984 39.153052 117.165761 50
1254 195.03507512604455 266.65830198695755 39.153124 117.165337 50
1255 158.38463682239495 273.6516358880025 39.153187 117.164913 50
1256 112.22597285932989 278.9797232038819 39.153235 117.164379 50
1257 95.02455789680502 279.4235695961397 39.153239 117.16418 50
1258 30.62732942100098 278.2018513583617 39.153228 117.163435 50
1259 -96.35196009265331 275.98201518741064 39.153208 117.161966 50
1260 -148.6477417106576 274.98366620406387 39.153199 117.161361 50
1261 1500.5981125388375 -94.4543866280734 39.14987 117.18044 50
1262 1368.4250962050896 -88.03949234240514 39.149928 117.178911 50
1263 1345.2585809612224 -89.70877447811729 39.149913 117.178643 50
1264 1315.3496999961874 -92.71134174432852 39.149886 117.178297 50
1265 1286.219296131482 -98.82218097911174 39.149831 117.17796 50
1266 1247.926509823287 -109.15307185704222 39.149738 117.177517 50
1267 1212.2271203474454 -120.70457704246948 39.149634 117.177104 50
1268 1162.092748812854 -140.58444641615293 39.149455 117.176524 50
1269 1135.037392832951 -151.46820446270826 39.149357 117.176211 50
1270 1124.3190227188556 -156.2435362947351 39.149314 117.176087 50
1271 1025.8652725736188 -202.21861714750875 39.1489 117.174948 50
1272 994.7468831489867 -215.2117686605585 39.148783 117.174588 50
1273 979.2785082664373 -257.0676210926635 39.148406 117.174409 50
1274 1500.4997417755494 419.7827711642042 39.154502 117.18044 50
1275 1500.4990196737122 423.5573977516117 39.154536 117.18044 50
1276 -1499.7415784629309 1381.2029621586412 39.163162 117.145728 50
1277 -1373.9095258985453 1348.0963698852383 39.162864 117.147184 50
1278 -1299.2395303923374 1327.989280850067 39.162683 117.148048 50
1279 -1240.9028308194604 1315.4347341690907 39.16257 117.148723 50
1280 -1126.9935969146009 1297.09947338944 39.162405 117.150041 50
1281 -1024.5795673541643 1272.772357561545 39.162186 117.151226 50
1282 -970.8237409336746 1252.0050461345945 39.161999 117.151848 50
1283 -933.6620551811856 1230.3519130580503 39.161804 117.152278 50
1284 -923.3777388975411 1224.3556928601681 39.16175 117.152397 50
1285 -891.7466450798391 1208.032303485744 39.161603 117.152763 50
1286 -878.8695819911316 1200.3705690433299 39.161534 117.152912 50
1287 -727.2813412269693 1109.985943329771 39.16072 117.154666 50
1288 -623.1381080144411 1046.8074270705256 39.160151 117.155871 50
1289 -572.9241597422404 1014.8302604201496 39.159863 117.156452 50
1290 -537.5751728738758 995.1774781319832 39.159686 117.156861 50
1291 -509.39946113503504 981.1872631686995 39.15956 117.157187 50
1292 -558.9216750815169 1023.8217513030991 39.159944 117.156614 50
1293 -576.9850344331467 1033.703708858303 39.160033 117.156405 50
1294 -619.4205671805444 1059.685283116542 39.160267 117.155914 50
1295 -661.9422396838715 1085.7781138252817 39.160502 117.155422 50
1296 -785.3573661606997 1159.8388736442491 39.161169 117.153994 50
1297 -872.3860911279081 1212.1378131285285 39.16164 117.152987 50
1298 -885.0902960048287 1219.6884989901 39.161708 117.15284 50
1299 -913.609548492941 1239.2310372652 39.161884 117.15251 50
1300 -925.622424618851 1245.2274485942985 39.161938 117.152371 50
1301 -936.2525187055012 1250.4465831878756 39.161985 117.152248 50
1302 -978.1680600555189 1268.880781935099 39.162151 117.151763 50
1303 -1021.9852427686793 1284.0959139944682 39.162288 117.151256 50
1304 -1134.0791051321287 1308.091334293942 39.162504 117.149959 50
1305 -1291.1141401627901 1335.2041472393103 39.162748 117.148142 50
1306 -1362.4139986699297 1351.9800152856626 39.162899 117.147317 50
1307 -1469.752042712823 1377.6446899783832 39.16313 117.146075 50
1308 -1499.7407928002165 1385.3106500678873 39.163199 117.145728 50
1309 -503.43488193411747 993.731971689705 39.159673 117.157256 50
1310 -1285.6699271138982 -251.1394199589482 39.148459 117.148208 50
1311 -1310.5690600811424 -268.7872119582023 39.1483 117.14792 50
1312 -1338.4071670158344 -284.7691489289373 39.148156 117.147598 50
1313 -1363.8231534545107 -290.64874203269517 39.148103 117.147304 50
1314 -1395.2027584032871 -289.9771141028276 39.148109 117.146941 50
1315 -1439.634345637771 -282.30882269090057 39.148178 117.146427 50
1316 -1500.0579371301167 -273.08298151506796 39.148261 117.145728 50
1317 -1500.19524682263 -991.2600236885664 39.141792 117.145728 50
1318 -1461.2934604246552 -1002.9242755758991 39.141687 117.146178 50
1319 -916.4710627561715 -320.46666483664615 39.147835 117.152479 50
1320 -908.0855455741548 -318.1362555892233 39.147856 117.152576 50
1321 -708.9957577251248 -262.20354707529094 39.14836 117.154879 50
1322 -806.8300948990429 -51.81435526851985 39.150255 117.153747 50
1323 -699.5716659956946 -244.66349928037124 39.148518 117.154988 50
1324 -213.40431054168397 -222.82118042692593 39.148715 117.160612 50
1325 -292.7554505807332 -84.48977832291239 39.149961 117.159694 50
1326 -302.5231010651866 -73.16553650102946 39.150063 117.159581 50
1327 -314.2789612655092 -63.06240474605324 39.150154 117.159445 50
1328 -326.64000243935743 -55.62367042600497 39.150221 117.159302 50
1329 -340.0384354159486 -50.51625700337781 39.150267 117.159147 50
1330 -356.37597738805533 -46.96294459724765 39.150299 117.158958 50
1331 -372.54076658625644 -46.51812018417056 39.150303 117.158771 50
1332 -389.5701310656097 -49.07071504495443 39.15028 117.158574 50
1333 300.36626927579397 1269.4916493797086 39.162157 117.166556 50
1334 358.186881284 1268.1618538924495 39.162145 117.167225 50
1335 410.73551687169805 1264.2787795896297 39.16211 117.167833 50
1336 461.4696060507777 1253.6238174414866 39.162014 117.16842 50
1337 484.2003501599509 1252.84805775591 39.162007 117.168683 50
1338 509.8694229887685 1255.8471858760636 39.162034 117.16898 50
1339 532.1676236801252 1260.955521484405 39.16208 117.169238 50
1340 546.6870489486064 1268.8388388544467 39.162151 117.169406 50
1341 -570.1021070894194 -589.7188126522851 39.14541 117.156486 50
1342 -933.3565435655928 -560.3751847265747 39.145674 117.152284 50
1343 -991.8817656565338 -557.1484739080186 39.145703 117.151607 50
1344 -1114.637548333524 -549.9158060060661 39.145768 117.150187 50
1345 -1151.6376489815725 -551.2426809561391 39.145756 117.149759 50
1346 -1189.07044160855 -555.4557907046294 39.145718 117.149326 50
1347 -1245.8688806119987 -566.8818573954633 39.145615 117.148669 50
1348 -1266.9632442743575 -572.5404104448517 39.145564 117.148425 50
1349 -1291.6888853288747 -580.6407114095111 39.145491 117.148139 50
1350 -1329.8143677963947 -590.0708935281557 39.145406 117.147698 50
1351 -1372.348196121181 -595.8365178511581 39.145354 117.147206 50
1352 -1409.3489157262486 -599.1605058253667 39.145324 117.146778 50
1353 -1451.3628229915118 -597.7096083934208 39.145337 117.146292 50
1354 -1500.1195155464106 -595.1470169500008 39.14536 117.145728 50
1355 -1500.1218716245849 -607.4700430087412 39.145249 117.145728 50
1356 -1446.4367910073277 -606.1479056663013 39.145261 117.146349 50
1357 -1430.2708693804025 -606.37290606906 39.145259 117.146536 50
1358 -1408.9180466799257 -606.8208429030312 39.145255 117.146783 50
1359 -1371.5717475606468 -604.9401506828186 39.145272 117.147215 50
1360 -1330.939577181721 -598.1750355253898 39.145333 117.147685 50
1361 -1291.6040996945092 -590.7433869403362 39.1454 117.14814 50
1362 -1272.3252733979984 -586.1947886561685 39.145441 117.148363 50
1363 -1241.9805932129582 -578.8724461243842 39.145507 117.148714 50
1364 -1200.3109803438956 -570.1084896396535 39.145586 117.149196 50
1365 -1156.912801525906 -563.4539138134232 39.145646 117.149698 50
1366 -1129.6811962685422 -561.2375170993572 39.145666 117.150013 50
1367 -1101.0667579336332 -561.3526035823176 39.145665 117.150344 50
1368 -1014.2731070510788 -566.3601267569549 39.14562 117.151348 50
1369 -935.000440826029 -571.92088819566 39.14557 117.152265 50
1370 -757.5226252609075 -584.3740778679905 39.145458 117.154318 50
1371 -534.5724000864155 -600.8231397219092 39.14531 117.156897 50
1372 289.74658233311544 971.850517349455 39.159476 117.166433 50
1373 291.8186150443093 1034.3540266191246 39.160039 117.166457 50
1374 296.57032967709245 1086.865974194008 39.160512 117.166512 50
1375 -1063.6708232843055 446.2447796786409 39.154741 117.150775 50
1376 -1112.8544597178109 440.92271827842694 39.154693 117.150206 50
1377 -1145.3559004634121 434.3773089458348 39.154634 117.14983 50
1378 -1153.6560587979075 419.7240920907965 39.154502 117.149734 50
1379 -1140.4325447210836 409.73049963267596 39.154412 117.149887 50
1380 -1133.7766093099476 411.28379280251573 39.154426 117.149964 50
1381 -1057.5366718095756 424.70637399401767 39.154547 117.150846 50
1382 230.7899820432435 1319.8917285199002 39.162611 117.165751 50
1383 178.58794647545164 1305.0138761518665 39.162477 117.165147 50
1384 121.02713290257753 1292.5786957732275 39.162365 117.164481 50
1385 65.36753147700364 1283.2524738367908 39.162281 117.163837 50
1386 32.870550317487925 1280.1437501652572 39.162253 117.163461 50
1387 -18.467819153226344 1274.8148113609645 39.162205 117.162867 50
1388 -65.65766334302913 1273.7048786750531 39.162195 117.162321 50
1389 -116.73677261019202 1274.0385283189732 39.162198 117.16173 50
1390 -164.96371412658164 1275.8156915949153 39.162214 117.161172 50
1391 -218.4626697125949 1280.7018166324478 39.162258 117.160553 50
1392 -262.97298259366204 1287.031241611266 39.162315 117.160038 50
1393 -364.95763847692496 1298.6922748368 39.16242 117.158858 50
1394 -455.70632179361957 1311.1311035676958 39.162532 117.157808 50
1395 -492.17836664449703 1319.3486825882542 39.162606 117.157386 50
1396 -524.4152892661542 1328.898370026307 39.162692 117.157013 50
1397 -579.2955244515899 1346.9982610872944 39.162855 117.156378 50
1398 -632.014699134583 1366.6526225131993 39.163032 117.155768 50
1399 -697.2649280378116 1393.0805772503495 39.16327 117.155013 50
1400 -742.0325409548063 1409.5154373468954 39.163418 117.154495 50
1401 -787.7510268750718 1422.2870349895366 39.163533 117.153966 50
1402 -804.7765855554912 1427.0625633553445 39.163576 117.153769 50
1403 -806.3329035113793 1420.8456815090176 39.16352 117.153751 50
1404 -789.2209726135047 1415.4040295188288 39.163471 117.153949 50
1405 -743.416022091318 1402.632415249207 39.163356 117.154479 50
1406 -698.648372771976 1386.1975474275152 39.163208 117.154997 50
1407 -633.3981002148826 1359.6585628654584 39.162969 117.155752 50
1408 -580.6788737505548 1340.1152109366703 39.162793 117.156362 50
1409 -525.7985935809379 1322.01531038444 39.16263 117.156997 50
1410 -493.64807219852673 1312.4656228002796 39.162544 117.157369 50
1411 -457.1759968715662 1304.2480370318854 39.16247 117.157791 50
1412 -366.34080814202997 1291.809187389631 39.162358 117.158842 50
1413 -264.3560647947126 1280.1481363020944 39.162253 117.160022 50
1414 -219.8457170705912 1273.707684963565 39.162195 117.160537 50
1415 -166.34671227221816 1268.9325691193815 39.162152 117.161156 50
1416 -118.11972873653599 1267.155397359 39.162136 117.161714 50
1417 -67.0405746912549 1266.8217387126242 39.162133 117.162305 50
1418 -19.850688882822 1267.93166306575 39.162143 117.162851 50
1419 31.487726591890976 1273.260592762254 39.162191 117.163445 50
1420 63.98473682628202 1276.3693106740516 39.162219 117.163821 50
1421 119.64438875559705 1285.695522699752 39.162303 117.164465 50
1422 177.20525504845608 1298.1306928000154 39.162415 117.165131 50
1423 229.32091121677004 1313.008533282852 39.162549 117.165734 50
