1 2
3 4
4 5
6 7
7 8
8 9
9 10
10 11
12 13
14 15
15 16
16 17
17 18
18 19
20 21
21 22
23 24
24 25
25 26
26 27
27 28
28 29
29 30
30 31
31 32
32 33
33 34
34 35
35 36
36 37
37 38
38 39
39 40
41 42
43 44
44 45
45 46
46 47
47 48
48 49
49 50
50 51
51 52
52 53
54 55
55 56
56 57
57 58
58 59
59 60
61 62
62 63
63 64
64 65
65 66
66 67
68 69
69 70
70 71
71 72
72 73
74 75
75 76
76 77
77 78
78 79
79 80
81 82
82 83
83 84
84 85
85 86
86 87
87 88
88 89
89 90
91 92
92 93
93 94
94 95
95 96
96 97
97 98
98 99
99 100
100 101
101 102
103 104
104 105
105 106
106 107
107 108
108 109
110 111
81 112
112 113
113 114
115 116
116 117
117 118
118 119
119 120
120 121
122 123
123 124
124 125
125 126
126 127
127 128
128 129
130 131
132 133
133 134
134 135
135 136
22 137
137 138
138 139
139 140
141 142
143 144
144 145
145 146
146 147
147 148
148 149
149 150
150 151
151 152
153 154
154 155
155 156
156 157
158 159
159 160
160 161
161 162
162 163
163 164
164 165
158 166
166 167
167 168
168 169
169 170
170 171
171 172
173 174
174 175
175 176
176 177
177 178
178 179
179 180
180 181
181 182
182 183
184 185
185 186
186 187
187 188
188 189
189 190
190 191
191 192
192 193
193 194
194 195
195 196
196 197
197 198
199 200
201 202
202 203
203 204
205 206
206 207
207 208
209 210
210 211
211 212
212 213
213 214
214 215
215 216
216 217
217 218
218 219
219 220
220 221
221 222
222 223
223 224
225 226
226 227
227 228
228 229
229 230
230 231
231 232
232 233
233 234
234 235
235 236
237 238
238 239
239 240
241 242
242 243
243 244
244 245
245 246
246 247
247 248
248 249
249 250
250 251
251 252
252 253
253 254
254 255
255 256
256 257
257 258
258 259
259 260
260 261
261 262
262 263
263 264
264 265
265 266
266 267
267 268
268 269
269 270
270 271
272 273
273 274
274 275
275 276
276 277
277 278
278 279
279 280
280 281
282 283
284 285
285 286
287 288
288 289
289 290
290 291
291 292
282 293
293 294
294 295
295 296
283 297
297 298
298 299
300 301
301 302
302 303
303 304
305 306
306 307
307 308
308 309
309 310
310 311
311 312
312 313
313 314
314 315
315 316
316 317
317 318
318 319
319 320
320 321
321 322
322 323
323 324
324 325
325 326
12 327
327 328
328 329
330 331
331 332
332 333
334 335
335 336
336 337
337 338
338 339
339 340
340 341
342 343
343 344
344 345
345 346
346 347
347 305
13 348
348 349
349 350
350 351
351 352
198 353
353 354
354 355
355 356
356 357
357 358
358 359
359 360
360 361
361 362
362 363
363 364
364 365
365 366
366 199
199 367
368 369
369 370
370 371
371 372
373 374
375 376
376 377
377 378
378 379
379 380
380 381
382 383
384 385
385 386
387 388
388 389
389 390
390 391
392 393
393 394
394 395
395 396
397 398
398 399
399 400
400 401
401 402
403 404
404 405
405 406
406 407
407 408
408 409
410 411
411 412
412 413
413 414
414 415
416 417
417 418
419 420
420 421
421 422
422 423
423 424
425 426
426 427
427 428
428 429
429 430
430 431
431 432
432 433
433 434
435 436
436 437
437 438
438 439
439 440
440 441
441 442
442 443
443 444
444 445
445 446
446 447
447 448
448 449
449 450
450 451
451 452
452 453
453 454
454 455
456 457
457 458
458 459
459 460
460 461
461 462
462 463
463 464
465 466
466 467
467 468
468 469
469 470
470 471
471 472
472 473
474 475
476 477
478 479
479 480
480 481
481 482
482 483
483 484
484 485
485 486
486 487
487 488
488 489
489 490
490 491
492 493
493 494
494 495
110 496
496 497
497 498
498 499
499 500
500 501
501 502
502 503
503 504
504 68
68 505
505 506
506 507
507 508
508 509
509 510
510 115
109 511
511 512
512 513
513 514
514 515
515 516
516 517
517 518
518 519
520 521
522 523
523 524
524 525
526 527
527 528
528 529
529 530
530 531
531 532
532 533
533 534
534 535
535 536
536 537
537 538
538 539
539 540
540 541
541 542
542 543
543 544
544 12
545 546
546 547
547 548
548 549
549 550
550 551
551 552
552 553
553 554
554 555
555 556
556 557
557 558
558 559
559 560
560 561
561 562
562 563
563 564
564 565
565 566
566 567
567 568
569 570
570 571
571 572
573 574
574 575
576 577
577 578
578 579
579 580
581 582
582 583
583 584
584 585
585 586
586 587
588 589
589 590
590 591
591 592
593 594
594 595
595 596
596 597
597 368
598 599
599 600
601 602
603 604
604 605
605 606
606 607
607 608
608 609
609 610
610 611
611 612
612 613
613 614
614 615
615 616
616 617
617 618
618 619
619 620
620 621
621 622
622 623
623 624
624 625
130 626
626 627
392 628
3 629
629 630
630 225
631 632
632 633
633 634
634 635
635 636
636 637
638 639
639 640
641 642
642 643
643 644
645 646
646 647
647 648
648 649
649 650
650 651
651 652
653 654
654 655
655 656
656 657
658 659
659 660
660 661
661 662
662 663
663 664
664 665
665 666
666 667
667 6
668 669
669 670
670 671
671 672
673 674
674 675
675 676
677 678
678 679
679 680
680 681
682 683
684 685
685 686
686 687
688 689
689 690
690 691
691 692
692 684
693 694
694 695
695 392
696 697
697 698
698 699
699 700
701 702
702 703
703 704
704 705
705 706
706 707
708 709
709 710
710 492
711 712
712 713
713 714
714 14
715 716
717 718
718 719
720 721
721 722
723 724
724 725
725 726
726 727
727 728
728 41
719 729
729 730
299 731
286 732
733 734
735 736
736 737
737 738
738 739
740 741
741 742
743 744
744 745
746 747
747 748
748 749
749 750
750 751
751 752
752 753
753 754
754 755
755 756
756 757
757 758
758 759
759 760
760 761
761 762
762 763
763 764
764 765
765 766
766 767
767 768
768 769
770 771
771 772
772 773
773 774
774 775
775 776
777 778
778 779
779 780
780 781
782 783
783 784
785 786
786 787
787 788
788 789
789 790
790 791
791 792
792 793
793 794
794 795
795 796
796 797
797 798
798 799
799 800
800 801
802 803
803 804
804 805
805 806
806 807
807 808
808 809
809 810
810 811
811 812
812 813
813 814
814 815
815 816
816 817
817 818
818 819
819 820
271 821
821 822
822 823
823 824
824 825
825 826
826 827
827 828
828 829
829 830
830 831
831 832
832 833
354 834
834 835
835 836
837 777
838 839
840 841
841 842
842 843
843 844
844 845
845 846
846 847
847 848
848 837
849 850
850 851
851 102
114 852
852 853
853 854
854 855
855 856
856 857
857 849
477 858
858 859
859 860
860 861
862 863
863 864
865 866
864 867
867 90
90 868
868 869
869 870
870 871
871 872
872 873
873 874
866 875
876 877
877 878
878 879
879 880
880 881
881 882
883 884
884 885
885 886
887 696
491 888
889 890
890 891
891 892
892 893
893 894
894 895
477 896
896 897
897 898
898 899
899 900
900 901
901 902
903 904
904 905
906 907
907 908
908 909
909 910
910 911
911 912
912 913
913 914
914 915
915 916
916 917
917 918
918 919
919 920
921 922
922 923
923 924
924 925
925 926
926 927
927 928
928 929
776 930
930 931
931 932
932 933
933 934
934 935
935 936
936 937
937 938
938 939
939 940
940 941
941 942
942 943
943 944
944 945
945 946
946 947
947 948
948 949
949 950
950 951
951 952
952 953
953 954
954 955
955 956
956 957
957 958
958 959
959 960
960 961
961 962
962 963
963 964
964 965
965 966
966 967
967 968
968 969
969 970
970 971
971 972
972 973
973 974
974 975
975 976
976 977
977 978
978 979
979 980
980 981
981 982
982 983
983 984
984 985
985 986
986 987
988 989
989 990
990 991
991 992
992 993
993 994
994 995
995 996
997 998
998 999
999 1000
1000 1001
1001 402
1002 1003
1003 1004
1004 1005
1005 1006
1006 1007
1008 1009
1009 1010
1010 1011
1012 1013
1013 1014
1014 1015
1015 668
1016 1017
1017 1018
1019 1020
1020 1021
1021 1022
1023 1024
1025 1026
1026 1027
1027 1028
1028 1029
1029 1030
1030 731
1031 1032
1033 1034
1034 1035
1035 1036
1037 1038
1038 1039
1039 1040
1040 1041
1042 833
833 1043
1044 1045
1045 1046
1046 1047
1047 1048
1048 1049
1049 1050
1051 1052
1052 1053
1053 1054
1054 1055
1055 1056
1056 1057
1057 1058
1058 1059
1059 1060
1060 1061
1061 1062
1063 1031
836 1064
1064 1065
1065 1066
1066 1067
1067 1068
1068 1069
1069 1070
1070 1071
1071 1072
1072 1073
1073 1074
1074 1075
1075 1076
1077 1078
1078 1079
1079 1080
1080 1081
1081 1082
1082 1083
1083 1084
1084 1085
1085 1086
1086 1087
1087 988
1088 1089
1089 1090
1090 1091
1091 1092
1092 1093
1093 1094
1094 1095
1095 1096
1096 1097
1097 1098
1098 1077
1076 1099
1099 1100
1100 1101
1101 1102
1102 1103
1103 1104
1104 1105
1105 1106
1106 1107
1032 1108
1108 1109
1109 1110
1110 1111
1111 1112
23 1113
1113 1114
141 1115
1115 1116
1116 1117
304 1118
1118 1119
1120 1121
1121 1122
1122 1123
42 1124
1124 1125
1125 1126
1126 1127
1127 1128
1128 1129
1129 1130
1130 1131
1132 1133
1133 1134
1134 1135
1136 1137
1138 715
1139 1140
1140 1141
1141 1142
1142 1143
1143 1144
1145 1146
1146 1147
1147 1148
1148 1149
1149 1150
1150 1151
1151 1152
1152 1153
1153 1154
1154 1155
1155 1156
1156 1157
1157 1158
1158 1159
1159 1160
1160 1161
1161 1162
1162 1163
1163 1164
1164 1165
1165 1166
1166 1167
1167 1168
1168 1169
1169 1170
1170 1171
1171 1172
1172 1173
1173 906
1145 1174
1175 1176
1176 1177
1177 1178
1178 1145
1119 1179
1179 1180
1180 1181
1181 1182
1182 1183
1183 1184
1184 1185
1185 1186
1186 1187
1187 1188
1188 1189
1190 1191
1191 1192
1192 1193
1193 1194
1194 1195
1196 1197
1197 1198
1198 1199
1199 1200
1200 1201
1201 425
41 1202
1202 1203
1203 1204
1204 1205
1205 1206
1206 1207
1208 1209
1209 1210
1210 1211
1211 1212
1213 1214
1214 1215
1216 1217
1218 1219
1219 1220
1220 1221
1221 1222
1222 1223
1223 1224
1225 1226
1226 1227
1227 1228
1228 1229
1217 1225
1230 1231
1231 1232
1232 1233
1233 1234
1234 1235
1235 1236
602 1237
1237 1238
1239 1240
1240 1241
1241 1242
1242 1243
1244 1245
1245 1246
1246 1247
1247 1248
1248 1249
1249 1250
1251 1244
1252 1253
628 1254
1254 1255
1255 1256
1256 1257
1257 1258
1258 1259
1259 1260
1260 1261
1261 1262
1262 1263
1263 1264
1264 1265
1265 1266
1267 1268
1268 1269
1269 392
1270 1271
1271 638
1272 1273
1273 1274
1274 1275
1275 1276
1276 1277
1277 1278
1278 1279
1279 6
895 1280
1280 1281
1281 1282
1282 1283
1283 1284
1284 1285
1285 1286
1286 1287
1287 1288
1288 1289
1289 1290
1290 1291
1291 1292
1292 11
1293 1294
1295 1296
1296 1297
1297 1298
1298 1299
1299 1300
1301 1302
1302 1303
1303 1304
1304 1305
1305 1306
1306 1307
1307 588
67 1308
1308 520
121 1309
1309 1310
1310 1311
1311 1312
1312 1313
1314 1315
1315 1316
1316 1317
1317 1318
739 1319
1319 1320
1320 1321
53 1322
1322 1323
1323 1324
1324 682
1123 1325
1325 1326
1326 1327
1327 1328
1328 1329
1330 1331
1331 1332
1332 1333
1333 1334
1334 1335
1335 1336
1336 1337
1337 1338
1338 1339
1339 1340
1340 1341
1341 1342
1342 1343
391 1344
1344 1345
1345 1346
1346 1347
1347 1348
1348 1349
1349 1350
1350 1351
1352 1353
1353 1354
1354 1355
1355 1356
1356 1357
1357 1358
1295 1359
1359 1360
1360 1361
1361 1362
1363 1364
1364 1365
1365 1366
1366 1367
1368 1369
1369 1370
1370 1371
1371 1372
1372 1373
1373 1374
1374 1375
1375 1376
1376 1377
1377 1378
1378 1379
1379 1380
1380 1381
1381 1382
1382 1383
1383 1384
1384 1385
1385 1386
1253 1387
1387 1388
1388 1389
1389 1390
326 1391
1391 1392
1392 1393
1393 1196
1196 1394
1394 1395
1395 1396
1396 1397
1397 1398
1398 522
272 1399
1399 1400
1400 1401
1401 1402
1402 1403
1403 425
20 1404
1405 1406
1406 141
1117 1407
1407 1408
1408 1409
1409 1410
1410 1411
382 1412
1412 1413
1413 1414
91 862
1415 1416
1417 424
1417 1418
1418 1419
1419 1420
1420 1421
1421 1422
1422 1423
1423 1424
1424 1425
1425 1426
1426 1427
1427 1428
1428 1429
1429 1430
1430 1431
1431 1432
1432 1433
1433 1434
1434 1435
1435 1436
1436 902
1437 1363
1438 1439
1439 1440
1440 1441
1441 1442
1442 1443
1443 1444
1444 1445
1445 1446
1446 1447
1447 1448
1448 1449
1449 1450
1450 1451
1451 1452
1452 1453
1453 1454
1454 1455
1456 1417
1457 1458
1458 1459
1459 1460
1460 1461
1461 1462
1462 1463
1463 1464
1464 1465
1465 1466
1466 1467
1467 1468
1468 1469
1469 1470
1470 1471
1456 1472
1472 1473
1473 1474
1474 1438
1475 1476
1477 1478
1478 1479
1479 1480
1480 1481
1481 1482
1482 1483
1483 1484
1484 1485
1485 1486
1486 1487
1487 1488
1488 1489
1489 1041
299 1490
1490 1491
1491 1492
1492 1493
1493 1494
1494 1023
731 1495
1495 1496
1496 1497
731 1498
1498 1499
1499 1500
1500 282
1501 1502
1502 1503
1503 1504
1504 1505
1505 1506
1506 1507
1507 1508
1508 1509
1509 1510
1510 1511
1511 1512
1512 1513
1513 1514
1514 1515
1515 1516
1516 1517
1517 1518
1518 1519
1520 1521
1521 1522
1522 1523
1523 1524
1524 1016
397 1525
1525 1526
1526 1527
1527 1528
1528 1529
1529 1530
1530 1531
1531 1532
1532 1533
1533 1534
1534 1535
1535 300
300 1536
1536 1537
1537 1538
1538 1007
1007 1539
1539 1540
1540 1541
1541 1542
1542 1543
1543 1544
1544 1520
1520 1545
1545 1022
1022 1546
1546 1547
1547 1548
1548 397
1253 1368
1252 1437
1549 1550
1550 1551
1551 1552
1552 905
1553 1554
1554 1555
1555 1556
1556 1557
1557 1558
1558 1559
1560 1561
1561 1562
1562 1563
1563 1564
1564 1565
1565 1566
1566 1553
1567 1568
1568 1569
1569 1570
1570 1571
1571 1572
1573 1574
1574 1575
1575 1576
1576 1577
1577 1578
1578 1579
1579 1580
1580 1581
1582 1583
641 1584
1584 631
672 876
672 569
1585 382
1586 1587
1587 1588
1588 1589
424 1590
1590 1591
1591 1592
1592 1593
1593 1594
1594 1595
1595 1596
1596 1597
1597 1598
1598 1599
1599 1600
1600 1601
1601 1602
1602 1603
1603 1604
1604 1605
1605 865
1606 1607
1607 1608
715 1609
1609 1610
1611 1612
1612 1613
1613 499
1614 1615
1615 1616
1616 1617
1617 1618
1619 1620
1620 1621
1621 1622
152 1623
1623 1624
1624 1625
1625 1626
1626 1627
1627 1628
1628 1629
1629 1630
1630 32
132 1631
1631 1632
1632 1633
1633 1634
1634 1635
1635 1636
1636 1637
1637 1638
1638 1639
1639 1640
1640 1641
1642 1643
1643 1644
1644 1645
1645 1646
1646 1647
1647 1648
1648 1649
1649 1650
1650 1651
1572 1652
283 1653
1653 717
734 1654
882 1655
1655 1656
1656 1657
1657 283
886 1658
1658 1659
1659 569
1660 1661
1662 1663
1663 1664
1664 1665
1665 209
1666 1667
1667 1668
1668 1669
208 1670
1670 1107
1107 1671
1671 1672
1672 1673
1673 1674
1674 1675
1675 1676
1676 1677
1677 1678
1678 1679
1679 1680
1681 1682
1682 1683
1683 1684
1684 1685
1685 1686
1686 1687
1687 1688
1688 1689
1689 1690
1690 801
1691 1692
1692 1693
1691 1694
1694 1695
1696 1697
1697 1698
1698 1699
341 1700
1700 1701
1701 1702
1702 1703
1703 1704
1705 1706
1707 1708
1708 1709
1709 1710
1225 1711
929 1712
1712 1713
1713 1714
1714 1715
1715 1716
1716 1717
1717 1718
1718 1719
1719 1720
1720 1721
1721 1722
1722 1723
1723 1724
1724 776
1050 1725
1725 1726
1726 1727
996 1728
1728 1729
1729 1730
1730 1172
1731 1732
1732 1733
1734 1735
1736 1737
1738 1736
1737 1739
1739 889
1471 1740
1740 1741
1741 1534
1131 1742
1742 1743
1743 1744
1744 326
281 1745
1745 1195
1746 1747
1747 1748
1748 1749
1749 281
526 1750
1750 1751
1751 1752
1752 1753
1753 1754
1754 1755
1755 720
1756 1757
1757 1758
1759 1760
1760 1761
1761 576
142 1762
1762 1763
1763 1764
1764 1765
1765 140
131 1766
1767 1768
1768 1769
1766 492
1766 1770
1770 1771
492 130
1772 1773
1773 1774
1774 1775
1772 1776
1777 1778
1778 1779
1779 1780
1780 1781
1781 1782
1782 1783
1783 1784
1784 1785
1785 1786
1786 1787
1787 1788
1789 1790
1790 1791
1792 1793
1793 1794
1794 1795
1795 1796
1796 1797
1797 658
1798 1799
1799 1800
1800 1801
1801 1802
1802 1803
1803 1804
1804 1805
1805 1806
1806 1807
1807 1808
1195 526
652 1809
1809 672
1810 1811
1811 1812
1812 1813
1813 1814
1814 1456
2 1815
1815 1816
1816 1817
1818 2
2 1415
1819 1820
1820 1821
1821 1822
1823 1824
1824 1825
1826 1827
1827 1828
1828 282
1829 1830
1652 1831
1831 1832
1832 1833
1833 1834
1834 1835
1835 1836
1836 1837
1837 1838
1838 1839
1839 1840
1840 1841
1841 1842
1842 1843
1843 1844
1844 1792
1041 1845
1845 1846
1846 1847
1847 1848
1848 1849
1849 1850
1850 1851
1851 1852
1852 1853
1853 1854
1854 1855
1855 1856
1856 1857
1857 1858
1858 1859
1859 1860
1860 1861
1861 1862
1863 1864
1864 1696
1865 1033
1866 1867
1867 1868
1868 1869
1869 1870
1870 1871
1872 1208
1873 1874
1874 1875
1876 1877
1878 1879
1608 1880
1881 1882
1882 1883
1880 1878
1883 1213
1884 1885
1885 1886
1886 1887
1888 1884
1879 1888
640 1889
1889 1890
1890 645
1891 1892
1893 1894
1894 1895
1895 1896
1896 375
1651 1897
1898 1899
1899 1900
1900 1901
1901 1902
1902 1903
1904 1905
1905 1417
1906 1907
1907 1904
1908 1909
1909 1910
1910 1911
1911 1912
1912 1913
1913 1914
1914 1915
1915 1916
1916 1917
888 1918
1919 1920
1920 1921
1922 1923
1923 1924
1924 1925
1925 1926
1927 1928
1928 1929
625 1930
1930 1931
1931 1932
1932 1933
1933 1934
1934 1935
1936 746
1610 1937
1938 1939
1939 1940
1940 1585
1941 1942
1942 1943
1943 373
1944 1945
1945 1946
1947 1948
1948 1949
1949 1950
1950 1951
1951 1224
1952 1953
1953 1954
1954 1955
1955 1956
1935 1957
1321 1958
1958 1959
1959 1960
1960 1961
1961 1962
1962 1963
1963 638
1964 1965
1965 1966
1967 1968
1969 1967
638 1970
1970 1969
396 1971
1971 1972
1972 1973
587 1974
1974 1975
1975 628
1250 1976
1976 1977
54 410
1266 1978
1978 54
657 1979
1979 1980
1973 1981
1981 1982
1982 1983
1983 1984
1984 1985
1985 653
1986 1987
1987 581
1988 1989
1989 1990
1990 1991
1991 1992
1992 677
673 1993
1993 1994
1994 1995
1996 1997
1 1998
1998 1999
1999 2000
2000 2001
2001 2002
2002 2003
2003 2004
2004 2005
2005 2006
2006 2007
2007 2008
2008 2009
2009 2010
2010 2011
2011 1996
676 43
681 673
60 2012
2012 677
372 1759
575 2013
2013 2014
2014 2015
2016 2017
2017 2018
2018 2019
2020 2021
2021 2022
2022 2023
2024 2025
2025 2026
580 2027
2027 2028
2028 2020
2026 2029
2029 2030
2030 2031
2031 2032
2032 2033
2033 2034
415 2035
2035 2036
2037 2038
2038 2039
2039 2040
2040 2041
2041 415
2042 2037
2036 2043
2043 2044
2045 2046
2047 2045
2048 2047
2049 2048
2044 2050
2050 2051
2051 2049
2052 2053
2053 2054
2054 1136
2046 2055
2055 2056
2057 2058
2058 2059
2059 2060
2061 2062
2062 2063
2063 2064
2064 2065
2065 2052
2066 2057
2067 2066
2068 2067
2069 2068
2070 1352
1995 2071
2071 2072
2072 2070
2073 110
2074 2073
2075 2076
2076 2077
2077 419
2078 1313
1313 2079
2079 2080
2080 2081
2081 2075
2082 2083
2083 2078
861 2084
2084 2085
2085 2086
2086 2087
2087 2088
2088 2089
2089 2090
2090 2082
1215 1810
874 2091
2091 2092
2092 2093
2093 1456
2093 2094
2094 2095
2095 1606
424 2093
374 1938
1699 373
2096 1586
1586 476
1589 2097
2097 61
61 2098
2098 1941
902 2099
2099 2100
2100 2101
2101 2102
2102 2103
2103 2104
2104 545
551 2105
2105 2106
2106 2107
2107 2108
2108 2109
2109 1738
637 1756
1120 2110
2110 2111
2112 2113
2113 2114
2114 1120
2115 1330
2116 2117
2117 2115
2118 2116
1329 2119
2119 2120
2120 2121
2121 2122
2122 2123
2123 2118
1416 1
2124 2125
2125 1415
1415 2126
2126 1416
2127 2128
2128 2129
2129 2130
2130 2131
2131 2132
2132 2133
2133 2134
2134 478
2135 1123
644 2136
2136 2135
600 645
2137 641
2138 2139
2139 2137
1926 1908
2019 2140
1977 2141
2141 573
2142 2143
2143 2144
2144 2145
2145 2146
2146 2147
2147 2148
2148 1318
2149 2150
2150 2151
2151 2152
2153 2154
2154 2155
2155 2156
2157 2153
2152 2158
2158 2159
2159 1314
2160 2149
2161 2160
2162 1866
2156 2163
2163 2162
2164 2165
2165 1927
2166 2164
2167 2166
521 2168
2168 2169
2169 2170
2170 2171
2171 2172
2172 109
2173 2174
2174 1922
2175 2176
2176 2177
2177 2178
2178 2179
2179 2180
1318 601
1966 1267
1043 2181
2181 1776
1727 2182
2182 1042
1573 2183
2183 1139
2184 2185
2185 2186
2186 2187
2187 1573
1553 2188
2188 2189
2189 2190
2190 2191
2191 2192
2192 2193
2193 2194
2194 2195
2195 2196
2196 2184
1641 2197
2197 2198
2198 2199
2199 2200
2200 2201
2201 23
631 588
645 641
204 2202
2202 802
1293 2203
2203 2204
2204 2205
2205 2206
895 2207
2207 2208
2208 2209
2209 2210
2210 2211
2211 1272
1918 2212
2212 889
2213 2214
2214 2215
2215 2216
2216 715
11 2217
2217 2218
2218 2219
2219 2220
2220 2221
2221 2096
572 2222
2222 2223
2223 2127
2224 2225
2225 2226
2226 2227
2227 603
2228 2229
2229 2230
2231 2232
2232 2233
2233 2234
2234 42
722 2235
2235 2236
2236 723
732 2237
2237 2238
2238 299
1018 2239
2240 2241
2241 305
129 2242
2242 2228
2230 2243
2243 228
1531 2244
2244 2245
2245 2246
2246 2247
2247 1501
329 2248
2248 2249
2249 1529
341 2250
2250 1543
1088 2251
2251 2252
2252 2253
2253 2254
2254 2255
2255 2256
2256 2257
2257 2258
2258 2259
2259 2260
2260 2261
2261 2262
2262 2263
2264 1088
333 2264
352 2265
2265 2266
2266 2267
2267 2268
2268 333
1539 2269
2269 330
2270 2271
2271 2272
2272 2273
1217 2274
2274 2275
920 2276
2276 2270
1224 1952
1952 2277
2277 2278
2278 2279
2279 2280
2280 1225
2281 2282
2282 1217
2283 2281
1710 2283
2284 1230
1216 2285
2285 2286
1236 2287
2287 455
2288 2289
2289 2290
2290 2291
2291 2292
2292 2293
2293 2294
2294 2295
2295 2296
2296 2297
2297 2298
2298 2299
2299 2300
2300 1666
2301 1681
1669 2302
2302 2303
2303 2304
2304 2305
2305 2306
2306 2307
2307 2308
2308 2309
2309 2310
2310 2301
386 2288
2311 158
1112 2312
2312 838
2313 2314
2314 2315
2315 2316
2316 2317
2317 2318
2318 2319
2319 2320
2320 2321
2321 2322
2322 2323
2323 2324
2324 2325
2325 2326
2326 1664
1733 2327
2327 2328
2328 1734
2329 2330
2330 1731
455 2331
2331 2332
2332 2333
1731 2334
2334 2335
2335 2336
2336 2337
2337 2338
2338 921
2239 1025
304 1002
1002 2339
2339 2340
2340 2341
2341 2342
2342 2343
2343 2269
2344 2345
2346 2347
2347 2348
2348 1953
1953 1951
292 2349
2349 2350
2350 1457
2351 2352
2352 2353
2353 2354
2354 2355
2355 2356
2356 2357
2357 2358
2358 2359
2359 2360
2360 887
1680 2361
2361 2362
2362 2363
2363 2364
2364 1662
2333 1707
140 141
140 2365
2365 2366
1404 2367
1011 2368
2368 2369
1622 2370
2370 2371
2371 2372
2372 2373
2373 2374
2374 2375
2376 2377
2377 2378
2378 2379
2379 40
40 2380
2380 2381
2381 2382
2382 2383
2383 2384
2384 2385
2385 2386
2386 2387
2387 2388
2388 2389
2389 2390
2390 2391
2391 2375
2375 2392
2392 2393
142 2394
2394 2395
2396 2397
2398 2399
2399 2400
2400 2401
2401 2402
2402 2403
2403 2404
2404 2405
2405 2406
2406 2407
2407 2408
2408 2409
2409 2410
2411 2412
2412 2413
2413 2414
2414 2415
2415 2398
2395 456
456 2416
475 2417
2417 2418
2418 1766
2419 142
131 2420
2420 1767
2421 2422
2422 2423
2423 130
2424 2425
2425 1893
1212 2426
2426 2427
2427 2428
2428 2429
2429 131
2430 2431
1822 2432
2432 2433
2433 2434
2434 2435
2435 2436
2431 2437
2437 1819
658 2438
2438 2430
2439 1823
569 2440
2440 2138
296 2441
2441 883
1008 2442
2442 2443
2443 2444
2444 2445
2445 1135
1132 2446
2446 2447
2447 2448
2448 2449
2449 1008
2410 2450
2450 2451
2451 2452
2452 1132
996 2453
2453 2454
2454 2455
2455 906
1956 2456
2456 2457
2457 1947
1951 2458
2458 2459
627 2460
2460 1873
2461 2462
2462 2463
2463 2464
2464 2465
2465 2466
2466 237
240 2421
2467 2468
2468 2469
2469 2470
2470 2471
2471 2472
2472 2473
2473 2474
2474 2475
2475 2476
2476 2477
2477 2478
2478 2479
2479 2480
2480 2313
2436 1777
1788 2481
2481 2439
2482 3
1477 2483
2483 740
2484 2485
2485 1477
2273 1218
1706 2344
183 2486
2486 2487
2487 2488
2488 184
165 2489
2489 173
1830 2490
2490 2491
2491 2492
2492 1772
1652 2493
2493 2494
2494 2495
2495 1829
2496 122
2497 2498
2498 1252
1300 2499
2499 2500
2500 1252
1825 1826
1808 2501
2501 2502
2502 1772
730 2503
2503 2231
1207 284
2504 1294
840 2505
2505 2506
2506 2507
2508 2504
2416 2509
2509 2510
2510 2411
2511 2512
2512 2513
2513 2484
2514 2515
2515 2516
2516 2517
2517 1572
2518 2519
2519 2514
1585 2520
2520 1475
2521 2522
2522 382
1362 2523
2523 2524
2524 1253
334 2525
2525 2526
2526 2527
2527 2528
2528 2529
2529 2530
2530 342
1862 2531
2531 2532
2532 334
241 2533
2533 1386
1386 2534
2534 2535
2535 2536
2536 2537
2537 2538
2538 2539
2539 2540
2540 2541
2541 2542
2542 2543
2543 2544
2544 2545
2545 2546
2546 2547
2547 2548
2548 198
2263 2549
2549 241
1024 2550
2550 1019
1367 2551
2551 2552
2552 2553
2553 1862
603 2554
769 2555
2555 2554
1455 2556
2556 2557
2557 629
495 2558
2558 2559
2559 2560
2561 2562
2562 2563
2563 2124
2564 1944
236 2565
2565 14
236 2461
2034 2566
2367 2567
2567 2395
464 2568
2568 2569
2569 2570
2570 1573
402 2240
687 2571
2571 2572
2572 2573
2573 2574
2574 2575
2575 2576
2576 2577
2577 2578
2578 2579
2579 465
2580 2351
2581 2582
2582 2583
2583 2580
700 2584
2584 701
2585 693
2586 2585
2587 1301
2588 2589
2589 2590
2590 2591
2591 2587
1997 2592
2592 2593
2593 2588
2566 2175
2594 2595
2595 2596
2596 387
628 2597
2597 2594
592 2598
2598 2599
2599 2600
2600 593
1980 2601
2601 2602
2602 598
1756 1329
2587 2603
2603 1756
2604 2605
2605 2606
2606 2607
2607 2608
2608 2609
2609 2126
1343 1818
905 416
383 1696
2610 2611
383 2612
2612 91
1661 733
1696 1585
1189 2613
2613 2614
2614 2615
2615 1711
1775 2616
2616 2311
1776 2617
2617 1560
1776 2618
2618 2619
2619 2620
381 2621
2621 2622
2622 1652
1549 2623
2623 2624
2624 418
418 2625
2625 2626
2626 770
1903 2521
1897 1898
1572 2627
2627 1642
707 2628
2628 2586
2629 2482
1946 2630
2630 2561
2631 2629
1817 2632
2632 2633
2633 2634
2634 2631
1877 2635
2635 1881
2636 2637
2637 1876
1887 2638
2638 2639
2639 2640
2640 2641
2642 2643
2644 2645
2645 2646
2643 2647
2647 2648
2648 1872
1875 2649
2649 2650
2650 2651
2651 2652
2652 2653
2653 2644
2641 2654
2654 2642
2646 2655
2655 2656
2656 2657
2657 2658
2658 2636
102 103
73 81
80 2659
2659 1611
111 1614
2611 2660
2660 2661
2661 383
2662 2610
1414 2610
2663 2662
2664 2663
742 1044
1390 2665
2665 2666
2666 2667
2667 1798
1654 735
42 2668
2668 1660
1036 2669
2669 1031
2670 2671
2671 23
1114 2672
2672 2673
2673 2674
2674 2675
2675 2676
2676 2677
2677 2678
2678 2679
2679 2680
2680 2681
2681 2419
2682 2683
2683 2684
2684 2685
2685 2686
2686 2511
2687 1906
172 2688
2688 2689
2689 2690
2690 2691
2691 2692
2692 2693
2693 1037
2140 2694
2694 2142
1704 2695
2695 2696
2696 2697
2697 1017
1986 653
1295 658
2228 2224
629 603
2015 2024
409 2698
2699 2213
2700 2699
2698 2701
2701 1691
1693 2700
1695 2702
2702 2703
2703 2704
2704 2604
2406 2705
2705 2706
2706 2707
2707 2708
2708 2709
653 368
368 2180
2180 1986
2369 1619
1921 2173
745 1919
1929 2710
2710 2711
2711 2712
2712 2713
2713 2714
2714 2715
2715 1239
1871 2716
2716 2717
2717 2161
2718 2016
2709 2719
1144 2720
2720 2721
2721 2722
2722 2723
2723 1865
2719 2724
2724 2725
2725 2726
2726 2727
2727 2728
2728 153
2729 2730
2730 2731
2731 2188
1132 2732
2732 2733
2733 2734
2734 2735
1735 2736
2737 1734
781 2737
2736 2329
568 2738
2738 2112
1411 2739
2739 2740
2740 2670
157 2376
2056 2741
2741 2061
2742 2743
2743 2744
2744 2745
2745 2746
2746 2747
2747 2042
2060 2748
2748 2742
2023 2749
2749 2718
2397 1405
2750 1293
2507 2751
2751 2750
1294 2752
2752 2753
2753 2754
2754 2755
2755 2756
2756 1063
1294 838
838 2750
839 2757
2757 2758
2758 840
2554 3
2554 2564
5 2759
2759 2760
2760 2761
2761 2762
2762 2763
2763 2764
2764 2765
2765 2766
2766 2767
2767 2768
2768 2769
2769 2770
2770 2771
2771 2772
2772 2773
2773 2687
875 1863
1937 2774
2774 1936
1711 1216
2286 2284
2275 2346
1229 2775
2775 2776
2776 2777
2777 2778
2778 2779
2779 2780
2780 2781
2781 1175
1175 1174
1174 2782
2782 2783
2783 1119
2345 2784
2784 2785
2785 920
2459 1705
987 1947
2786 2787
2787 2788
2788 2789
2789 2790
2790 2791
2791 2792
2792 2793
2793 2794
2794 2795
2795 2796
2796 2797
2797 2798
2798 2497
2799 2786
1791 2800
2800 2799
1351 701
1351 2801
2801 688
1476 2802
2802 2803
2803 2804
2804 2424
2805 2806
2806 2135
1758 2805
2135 2807
2807 2111
1497 2808
2808 1789
2809 2664
2393 2809
525 2810
2811 2812
2812 2813
2813 132
136 2814
2814 2815
2816 2817
2817 2818
2819 2811
2818 2820
2820 2819
1559 2821
2821 2822
2822 2823
2823 2824
2824 2825
2825 2826
2826 2827
2827 2828
2828 2829
1583 2830
2830 2831
2831 2832
2832 2729
2620 1567
2735 1582
1135 2833
2829 1135
2833 2834
2834 2835
2835 2836
2836 2518
