0 0 0 55.7944789690392 37.5551383597865 50
1 1500.5294022520034 1399.4497801799182 55.807046 37.579069 50
2 1498.0842436643004 1398.6695680109735 55.807039 37.57903 50
3 1478.7738326288181 1392.2053289988798 55.806981 37.578722 50
4 1464.0402291646217 1387.190114114834 55.806936 37.578487 50
5 1440.4663559353935 1379.2772126239777 55.806865 37.578111 50
6 1433.6324030955516 1377.0481855642774 55.806845 37.578002 50
7 1059.9836310287171 1369.035922702863 55.806774 37.572043 50
8 1060.4854781551064 1368.1453386878138 55.806766 37.572051 50
9 1075.103271432331 1336.5288518265534 55.806482 37.572284 50
10 -1086.4341128993767 1340.6511882114323 55.806519 37.537812 50
11 -1103.6131170792153 1348.2265235487616 55.806587 37.537538 50
12 -1129.2559296258275 1360.257651307847 55.806695 37.537129 50
13 -1142.1713382468913 1366.273296756905 55.806749 37.536923 50
14 -1195.4000773734938 1390.7820473793327 55.806969 37.536074 50
15 -1224.6787629988182 1404.2621394825178 55.80709 37.535607 50
16 -1230.9482623662877 1407.1587078218372 55.807116 37.535507 50
17 -1283.549070172021 1431.3343474151295 55.807333 37.534668 50
18 -1287.9376723732976 1433.3397361933417 55.807351 37.534598 50
19 -1341.6662832563702 1458.1844451112202 55.807574 37.533741 50
20 -993.8727946936972 836.3780140028975 55.80199 37.53929 50
21 -955.3109172102367 810.7615721506426 55.80176 37.539905 50
22 -906.9669328627432 778.2404510802618 55.801468 37.540676 50
23 -891.2910439998699 767.6600764633358 55.801373 37.540926 50
24 -884.017426474409 762.6483707549852 55.801328 37.541042 50
25 -879.1892429697115 759.3072446316196 55.801298 37.541119 50
26 -857.9953394786576 744.495025321934 55.801165 37.541457 50
27 -825.1383981255145 720.6622842580489 55.800951 37.541981 50
28 -824.1978499816125 719.8827382855507 55.800944 37.541996 50
29 -817.0496688647726 713.9804632192601 55.800891 37.54211 50
30 -795.2919717914908 693.3788583107932 55.800706 37.542457 50
31 -787.3914075605876 686.0290980118793 55.80064 37.542583 50
32 -782.5632651284776 681.5746976718899 55.8006 37.54266 50
33 -766.8874319493095 666.9865983941679 55.800469 37.54291 50
34 -766.1976975053499 666.3184475183773 55.800463 37.542921 50
35 -753.406195692128 654.0690089352848 55.800353 37.543125 50
36 -723.9350921129906 627.120155651089 55.800111 37.543595 50
37 -713.3379825878925 617.2093039322278 55.800022 37.543764 50
38 -674.7113982984656 581.2408996272588 55.799699 37.54438 50
39 -645.74105271499 554.1813193611312 55.799456 37.544842 50
40 -586.7959240331343 499.28323872115527 55.798963 37.545782 50
41 -578.2674903342985 491.93377612437155 55.798897 37.545918 50
42 -571.4320650885021 486.9226542021614 55.798852 37.546027 50
43 -517.188320633889 436.7023470473626 55.798401 37.546892 50
44 -504.2073014173311 424.3422857006713 55.79829 37.547099 50
45 -494.80070140601623 415.5454899281339 55.798211 37.547249 50
46 -477.241594857665 399.2881552311434 55.798065 37.547529 50
47 -467.58397871747064 390.825405607995 55.797989 37.547683 50
48 -460.873785191605 385.03510480563057 55.797937 37.54779 50
49 -434.40940886584946 359.2019278243448 55.797705 37.548212 50
50 -410.89224203875415 336.0413061623678 55.797497 37.548587 50
51 -471.77145247801093 -52.18850481971662 55.79401 37.547617 50
52 -476.4747315370718 -42.724254820275306 55.794095 37.547542 50
53 -477.0384294117034 -35.26454149164036 55.794162 37.547533 50
54 -474.7169124128832 -28.58451074370985 55.794222 37.54757 50
55 -445.9854662034754 9.490071107592048 55.794564 37.548028 50
56 -414.49442357167214 50.68204759167441 55.794934 37.54853 50
57 -319.0210397122635 178.37879774380656 55.796081 37.550052 50
58 -299.8266787861416 203.98519830972637 55.796311 37.550358 50
59 -289.85340222059966 214.67298130009374 55.796407 37.550517 50
60 -1033.956757246801 1315.4759237958087 55.806293 37.538649 50
61 -1022.6718645130636 1307.3455563884647 55.80622 37.538829 50
62 -990.3842772840078 1284.179708948287 55.806012 37.539344 50
63 -968.6291668058748 1268.4761037882245 55.805871 37.539691 50
64 -961.4193550610443 1262.6849108280228 55.805819 37.539806 50
65 -953.3316250915263 1257.0048754330905 55.805768 37.539935 50
66 -940.5418364186048 1247.3156560451182 55.805681 37.540139 50
67 -864.0525761609765 1189.960551147244 55.805166 37.541359 50
68 -848.5037211005059 1178.1556285214851 55.80506 37.541607 50
69 -838.0959520634782 1170.3599285848063 55.80499 37.541773 50
70 -812.077385947499 1145.415212900161 55.804766 37.542188 50
71 -805.1183813336189 1137.5089001363722 55.804695 37.542299 50
72 -796.090198631457 1128.600174493466 55.804615 37.542443 50
73 -773.0808056719734 1105.3263204515774 55.804406 37.54281 50
74 -721.4811944796157 1053.099798756165 55.803937 37.543633 50
75 -641.9161987212452 973.2577862519668 55.80322 37.544902 50
76 -627.11899353631 957.8909472089947 55.803082 37.545138 50
77 -581.911605238209 911.1225958507038 55.802662 37.545859 50
78 -573.948645249667 901.6577865378279 55.802577 37.545986 50
79 -569.810397840587 896.7583594872817 55.802533 37.546052 50
80 -557.2701067119227 882.6167772623753 55.802406 37.546252 50
81 -507.79788755416905 826.6075849053113 55.801903 37.547041 50
82 -485.1619568597605 800.3291781431343 55.801667 37.547402 50
83 253.9399608532181 82.1783807559982 55.795217 37.559187 50
84 261.52927007764004 83.6262262151149 55.79523 37.559308 50
85 265.6061150821928 85.29654502082765 55.795245 37.559373 50
86 293.2655027497932 101.88770107493164 55.795394 37.559814 50
87 314.7154991489508 114.69308381218225 55.795509 37.560156 50
88 355.3572408116426 139.07926320574364 55.795728 37.560804 50
89 366.2702121702704 145.7604560451931 55.795788 37.560978 50
90 846.8651831285025 -298.5227225982791 55.791797 37.568639 50
91 864.3689570512665 -312.213855214033 55.791674 37.568918 50
92 881.6219059670099 -325.79362992898734 55.791552 37.569193 50
93 906.7164268048227 -341.37579149441353 55.791412 37.569593 50
94 257.02154486001393 -56.32602186861929 55.793973 37.559236 50
95 253.69693685776554 -52.54072255601861 55.794007 37.559183 50
96 245.4794717235211 -42.07541501561695 55.794101 37.559052 50
97 241.71569884864488 -36.17470769447959 55.794154 37.558992 50
98 237.88921228753895 -30.274000496022403 55.794207 37.558931 50
99 -236.2305657318354 157.9986330344988 55.795898 37.551372 50
100 -225.44309303893644 146.97558681253037 55.795799 37.551544 50
101 -178.0904644589301 98.42997309831621 55.795363 37.552299 50
102 -149.30206526219365 68.70161554284286 55.795096 37.552758 50
103 -113.80209890939634 32.18164537085077 55.794768 37.553324 50
104 -105.2092628097127 23.274381457288293 55.794688 37.553461 50
105 -128.16658993679914 0.8960419247930425 55.794487 37.553095 50
106 -133.93729898404345 -4.002659882619298 55.794443 37.553003 50
107 -140.89966111027542 -5.561172922801262 55.794429 37.552892 50
108 -168.56056107492634 -0.7726502435511051 55.794472 37.552451 50
109 -187.62848973144725 -0.5491925815518783 55.794474 37.552147 50
110 -202.80761815609472 -1.5505534495713356 55.794465 37.551905 50
111 -209.95818773924253 -3.4429613238293904 55.794448 37.551791 50
112 -212.52988471917087 -4.110864828815835 55.794442 37.55175 50
113 -220.809594262465 -8.118623112006922 55.794406 37.551618 50
114 -228.9639069864524 -12.79440072022729 55.794364 37.551488 50
115 -238.81196743892698 -20.921550864518995 55.794291 37.551331 50
116 -256.62661015547457 -39.4026570623191 55.794125 37.551047 50
117 -261.7076394960194 -45.7486246306597 55.794068 37.550966 50
118 -266.0360134618404 -52.428646582118986 55.794008 37.550897 50
119 -278.6455677413923 -83.37984163104011 55.79373 37.550696 50
120 -282.9743967240928 -96.07210223133187 55.793616 37.550627 50
121 -286.11149722043825 -109.09845112339873 55.793499 37.550577 50
122 -290.3781691670947 -129.58437266911227 55.793315 37.550509 50
123 -294.2055003647226 -145.61679663326407 55.793171 37.550448 50
124 -298.5342226007941 -155.19157484597488 55.793085 37.550379 50
125 -301.3572269932103 -160.20159278359134 55.79304 37.550334 50
126 -308.94743450974227 -165.6566247860485 55.792991 37.550213 50
127 -317.5410239165447 -167.660090423082 55.792973 37.550076 50
128 -329.52160136413397 -166.7684939833573 55.792981 37.549885 50
129 -244.7199584269203 -233.24291576160192 55.792384 37.551237 50
130 -233.80471612995814 -218.8809081955397 55.792513 37.551411 50
131 -226.214538970408 -213.9824356357626 55.792557 37.551532 50
132 -212.97902774555666 -209.75225844754988 55.792595 37.551743 50
133 -193.78459535829748 -206.96970543375875 55.79262 37.552049 50
134 -166.87475271961253 -201.9606096675522 55.792665 37.552478 50
135 -152.19663821932212 -197.95297855130758 55.792701 37.552712 50
136 -139.52578783919836 -193.83389579594325 55.792738 37.552914 50
137 -132.37484068759235 -188.8239069769831 55.792783 37.553028 50
138 -119.89208818432698 -180.13990082000663 55.792861 37.553227 50
139 -109.16567566548704 -170.00842015526214 55.792952 37.553398 50
140 -103.08110258206024 -163.32828512976215 55.793012 37.553495 50
141 -101.63836948901255 -161.65824819835916 55.793027 37.553518 50
142 -93.67199805801047 -152.64004421224593 55.793108 37.553645 50
143 -88.71649712406317 -144.1784553976354 55.793184 37.553724 50
144 -85.58002003993312 -134.04675440138476 55.793275 37.553774 50
145 -84.32533262181906 -124.80571942171692 55.793358 37.553794 50
146 43.88773648259182 -383.6672725741462 55.791033 37.555838 50
147 22.748142990193912 -399.36609592421405 55.790892 37.555501 50
148 15.220652007341357 -404.26500175669867 55.790848 37.555381 50
149 10.0141263458992 -407.1598054154932 55.790822 37.555298 50
150 5.434886521922607 -409.1638979245331 55.790804 37.555225 50
151 -0.2107574130068599 -411.27932370222857 55.790785 37.555135 50
152 -8.114662833324445 -411.39065414984043 55.790784 37.555009 50
153 -18.33954178109093 -407.9391444006238 55.790815 37.554846 50
154 -112.10889085933712 20.04574934311452 55.794659 37.553351 50
155 -118.63224147009116 14.924370375846387 55.794613 37.553247 50
156 -123.71299309061936 9.023593304866527 55.79456 37.553166 50
157 -117.30533504291768 374.88047452741716 55.797846 37.553268 50
158 -120.12777081867027 370.4270257059647 55.797806 37.553223 50
159 -121.44499766848753 365.19416938222616 55.797759 37.553202 50
160 -121.1315525626227 359.96126773509104 55.797712 37.553207 50
161 1112.5527211193034 -436.744659875028 55.790555 37.572874 50
162 1145.788463976396 -394.8729276796266 55.790931 37.573404 50
163 1292.6049935321562 -285.72046332182197 55.791911 37.575745 50
164 1266.321872544779 -284.8374972108262 55.791919 37.575326 50
165 1237.9694820043198 -286.5157371492348 55.791904 37.574874 50
166 901.7033295624614 -366.3165536851294 55.791188 37.569513 50
167 934.6347775477739 -360.96537055905696 55.791236 37.570038 50
168 947.7447802090103 -359.6264748917073 55.791248 37.570247 50
169 957.5929590683152 -358.6222737298999 55.791257 37.570404 50
170 1227.696245521148 -336.3980938562878 55.791456 37.57471 50
171 1319.8418544728927 -328.8000988955148 55.791524 37.576179 50
172 694.8536215406637 -944.7553612507973 55.785993 37.566214 50
173 620.0217843397838 -1039.6265923995597 55.785141 37.565021 50
174 424.4906457153392 -1292.4984469410833 55.78287 37.561904 50
175 710.7909219021341 -957.445308401594 55.785879 37.566468 50
176 761.0952716087246 -894.86487044348 55.786441 37.56727 50
177 636.0847075568902 -1052.4281316924357 55.785026 37.565277 50
178 392.76400176476284 -829.1130365330584 55.787032 37.561399 50
179 398.72449129017315 -835.9041088053045 55.786971 37.561494 50
180 404.30864777706324 -843.3632355546749 55.786904 37.561583 50
181 408.1361178746697 -849.709140885271 55.786847 37.561644 50
182 411.02276179010755 -858.170552849703 55.786771 37.56169 50
183 410.8354592229306 -867.7456338934946 55.786685 37.561687 50
184 408.4524853354406 -878.3229631795856 55.78659 37.561649 50
185 403.62286685231743 -889.7912224178951 55.786487 37.561572 50
186 397.1621659977509 -902.2616668962607 55.786375 37.561469 50
187 406.7598491953993 -891.5723370267499 55.786471 37.561622 50
188 414.16218550537053 -885.7820650032152 55.786523 37.56174 50
189 417.29884861105586 -884.2230337885698 55.786537 37.56179 50
190 425.32877042646555 -880.9934550682408 55.786566 37.561918 50
191 436.1820523698683 -880.2130138192176 55.786573 37.562091 50
192 447.03560522798205 -882.1046560688186 55.786556 37.562264 50
193 459.08149689862904 -887.2249457542691 55.78651 37.562456 50
194 468.2414848973666 -891.7888241766568 55.786469 37.562602 50
195 -229.09112808993194 -1236.6215222498058 55.783372 37.551487 50
196 -221.62465007409173 -1231.5003667136975 55.783418 37.551606 50
197 -214.2210186030144 -1228.1606013699268 55.783448 37.551724 50
198 -207.38216444681075 -1226.824878420291 55.78346 37.551833 50
199 -199.7277254770247 -1226.4912232246406 55.783463 37.551955 50
200 -193.2654193646726 -1227.2708805548637 55.783456 37.552058 50
201 -188.55992234395194 -1229.3865070331265 55.783437 37.552133 50
202 -185.3602153645204 -1231.6134023427694 55.783417 37.552184 50
203 -175.3220065927082 -1241.3002146558476 55.78333 37.552344 50
204 128.4088730932109 -1235.5122838150792 55.783382 37.557185 50
205 12.714230074584748 -1344.6252785307724 55.782402 37.555341 50
206 -24.68071954183722 -1378.9172885758453 55.782094 37.554745 50
207 -36.79027519741453 -1388.9376102045928 55.782004 37.554552 50
208 -12.571355247646238 -1415.7701708382674 55.781763 37.554938 50
209 -1.1519607902839653 -1401.0735921022067 55.781895 37.55512 50
210 6.81647221893104 -1390.9418419830758 55.781986 37.555247 50
211 121.25661924337726 -1244.6421955855435 55.7833 37.557071 50
212 -760.3374892073667 108.51327428638868 55.795453 37.543016 50
213 -566.1705958294363 -45.94229845406511 55.794066 37.546112 50
214 400.4817581892863 -162.42034942134882 55.79302 37.561523 50
215 440.2528909191526 -191.69841174249262 55.792757 37.562157 50
216 444.267677399985 -194.70413067670972 55.79273 37.562221 50
217 464.21607360350947 -208.17395017779603 55.792609 37.562539 50
218 482.40799954412665 -219.41711214959446 55.792508 37.562829 50
219 540.8737009378277 -255.3724186022331 55.792185 37.563761 50
220 576.5052806267278 -274.6293195413465 55.792012 37.564329 50
221 588.1732915397988 -279.8606440157688 55.791965 37.564515 50
222 651.4067762742019 -307.57479770699376 55.791716 37.565523 50
223 -847.6046692208024 -642.4456985099124 55.788708 37.541627 50
224 -897.0301884455705 -604.2468484731594 55.789051 37.540839 50
225 -910.8291238838779 -594.0008832327709 55.789143 37.540619 50
226 -651.9636727240087 -792.0063450582481 55.787365 37.544746 50
227 -660.4946041850609 -785.3247794559857 55.787425 37.54461 50
228 -1329.913659271821 -1321.8202630673247 55.782605 37.533942 50
229 -1338.5697310470819 -1314.0239548512563 55.782675 37.533804 50
230 -1418.0820452368562 -1368.1089475285166 55.782189 37.532537 50
231 -1438.7899222547258 -1376.0071310725523 55.782118 37.532207 50
232 -1463.3245874374425 -1382.0111856180747 55.782064 37.531816 50
233 -1487.1056366906091 -1385.7886022523253 55.78203 37.531437 50
234 -1496.9566681370661 -1386.6759238369555 55.782022 37.53128 50
235 -1500.470264733788 -1386.5633745410423 55.782023 37.531224 50
236 -227.66102931444746 -286.12941435536555 55.791909 37.551509 50
237 -554.6902461484935 -31.58116646410653 55.794195 37.546295 50
238 -1191.2738171146914 -1170.2182695431163 55.783967 37.536151 50
239 -1204.011960231912 -1176.8950336027851 55.783907 37.535948 50
240 -1221.08058532855 -1188.3580754077914 55.783804 37.535676 50
241 -1237.9618707209597 -1202.6045507095573 55.783676 37.535407 50
242 -1264.8862052288232 -1231.878664341621 55.783413 37.534978 50
243 -1282.6478916639867 -1251.9142790263681 55.783233 37.534695 50
244 -1325.012818008527 -1299.1088330805032 55.782809 37.53402 50
245 -1115.980526808502 -1151.3108101551697 55.784137 37.537351 50
246 -1066.4110240082234 -1131.616445714598 55.784314 37.538141 50
247 -983.2107178325973 -1099.236731581305 55.784605 37.539467 50
248 -941.4229448837883 -1083.6586759598626 55.784745 37.540133 50
249 -917.3291529015812 -1074.3114431228958 55.784829 37.540517 50
250 -893.5488841099124 -1063.6279572081753 55.784925 37.540896 50
251 -880.6860272183122 -1056.727631794754 55.784987 37.541101 50
252 -868.638679759704 -1049.1590778532986 55.785055 37.541293 50
253 -858.0971203080791 -1041.7015313413494 55.785122 37.541461 50
254 -842.0963427356742 -1029.0121380938006 55.785236 37.541716 50
255 -668.9655677991386 -796.7912935958038 55.787322 37.544475 50
256 -674.5502760490673 -805.1407771846287 55.787247 37.544386 50
257 -689.4842123687008 -823.9545480768145 55.787078 37.544148 50
258 -724.7488744647652 -868.2613146189783 55.78668 37.543586 50
259 -755.9982388969258 -907.5582852339562 55.786327 37.543088 50
260 -796.5982867122004 -959.3231736423722 55.785862 37.542441 50
261 -807.830811310107 -973.0156658464401 55.785739 37.542262 50
262 -818.4358828039046 -985.9288814629235 55.785623 37.542093 50
263 -828.9152230507607 -997.1720260741929 55.785522 37.541926 50
264 -649.7048002224502 -789.2232343555181 55.78739 37.544782 50
265 -639.7909058343424 -777.0888674410168 55.787499 37.54494 50
266 1173.379949344334 -360.2394383278271 55.791242 37.573844 50
267 1185.1063848932017 -346.207664084912 55.791368 37.574031 50
268 1197.021604146716 -334.6252427071579 55.791472 37.574221 50
269 1212.0734459287025 -324.0439570922266 55.791567 37.574461 50
270 1228.1297432805875 -316.57980053709673 55.791634 37.574717 50
271 1246.381973950738 -310.8963639702299 55.791685 37.575008 50
272 1265.1365957062037 -307.3281272531774 55.791717 37.575307 50
273 1283.5782379769162 -306.09800091360376 55.791728 37.575601 50
274 1325.229554869728 -306.08549898805387 55.791728 37.576265 50
275 1391.4698822182138 -305.06275184281634 55.791737 37.577321 50
276 1485.059866541461 -305.03177733331665 55.791737 37.578813 50
277 1501.1180861817509 -304.69224599356835 55.79174 37.579069 50
278 1272.4072301792132 -287.5078327961912 55.791895 37.575423 50
279 1259.1721865100276 -289.1817584726993 55.79188 37.575212 50
280 1239.7278241096787 -293.41819465125866 55.791842 37.574902 50
281 1224.988414187511 -299.10061465030935 55.791791 37.574667 50
282 901.2024922738493 -371.1041928375359 55.791145 37.569505 50
283 900.8281963309976 -381.12469297539513 55.791055 37.569499 50
284 901.4573566474188 -390.142942668798 55.790974 37.569509 50
285 903.6545188376326 -398.0474861462417 55.790903 37.569544 50
286 907.1687492779564 -404.727035432889 55.790843 37.5696 50
287 835.3376528866985 -373.3441128673644 55.791125 37.568455 50
288 853.0273657618069 -374.23138082977954 55.791117 37.568737 50
289 868.6464986137341 -372.4468784683919 55.791133 37.568986 50
290 892.6080256963106 -368.09983980988295 55.791172 37.569368 50
291 987.5028855203973 -307.40008372353424 55.791717 37.570881 50
292 928.0378287615595 -312.0893870398268 55.791675 37.569933 50
293 906.271593217793 -313.8753893443186 55.791659 37.569586 50
294 893.7261764021316 -314.7686917902781 55.791651 37.569386 50
295 884.7558665656911 -313.76848497780327 55.79166 37.569243 50
296 865.9359584840831 -306.20128914937027 55.791728 37.568943 50
297 823.4020617806079 -283.05124376765923 55.791936 37.568265 50
298 803.5777250590115 -269.9170655501841 55.792054 37.567949 50
299 779.6757822902559 -254.22275506479033 55.792195 37.567568 50
300 742.6624320785763 -228.84416283676939 55.792423 37.566978 50
301 734.4443404715836 -223.61267107038117 55.79247 37.566847 50
302 661.987847722633 -176.6396529935023 55.792892 37.565692 50
303 631.3117349070307 -155.37864800963558 55.793083 37.565203 50
304 619.9572690863245 -147.58661824144616 55.793153 37.565022 50
305 617.447991975177 -145.80556646629606 55.793169 37.564982 50
306 607.4109819069239 -139.2380351449009 55.793228 37.564822 50
307 601.5770036858953 -135.56469050236745 55.793261 37.564729 50
308 541.4186309439372 -97.94033467171212 55.793599 37.56377 50
309 -1323.1393618203351 -1328.0572513291754 55.782549 37.53405 50
310 -1290.3327944493512 -1354.4541890099372 55.782312 37.534573 50
311 868.6489019926515 -384.47138497147483 55.791025 37.568986 50
312 892.864636406362 -395.8229558604456 55.790923 37.569372 50
313 1106.1596448225966 1266.6161952564987 55.805854 37.572779 50
314 1095.438012857 1262.827976367359 55.80582 37.572608 50
315 959.8170590547551 1215.3657828422283 55.805394 37.570445 50
316 930.7863151803981 1205.5616965669121 55.805306 37.569982 50
317 906.3327379302361 1196.9834780961933 55.805229 37.569592 50
318 887.8984606365894 1190.4107125716587 55.80517 37.569298 50
319 868.5235986377069 1183.5038223521547 55.805108 37.568989 50
320 860.4977547837063 1180.6074298863914 55.805082 37.568861 50
321 841.6871642355003 1173.700771275323 55.80502 37.568561 50
322 787.951245450101 1153.9838172338298 55.804843 37.567704 50
323 754.5309903757382 1139.726584907376 55.804715 37.567171 50
324 731.394219329686 1127.141403210741 55.804602 37.566802 50
325 707.0034746619411 1112.6633901462772 55.804472 37.566413 50
326 662.235036048866 1082.1496499975087 55.804198 37.565699 50
327 628.5642400930539 1059.2089657848041 55.803992 37.565162 50
328 582.8541598272999 1028.0278804978423 55.803712 37.564433 50
329 576.5211644794427 1023.6848435208653 55.803673 37.564332 50
330 552.3802573763282 1008.4283662843618 55.803536 37.563947 50
331 505.6028163754395 979.1407108524921 55.803273 37.563201 50
332 494.4413022780245 972.570469668447 55.803214 37.563023 50
333 1185.7751782221335 -1418.280564101806 55.781739 37.574037 50
334 1031.2693311493904 -1290.7267708525374 55.782885 37.571575 50
335 806.6184663550426 -1106.7327302089466 55.784538 37.567995 50
336 733.2033642135312 -1047.7366414325647 55.785068 37.566825 50
337 79.07808999179218 -349.597338337072 55.791339 37.556399 50
338 83.02989716938222 -344.92106734766037 55.791381 37.556462 50
339 173.76871201292147 -1182.4025346814435 55.783859 37.557908 50
340 185.75159779514655 -1169.3755056028788 55.783976 37.558099 50
341 -54.1576584721699 -380.1043399287099 55.791065 37.554275 50
342 -177.91795587547264 -284.01631279680873 55.791928 37.552302 50
343 -186.76224652482728 -277.1129831233444 55.79199 37.552161 50
344 -201.12632185221239 -265.9785377569944 55.79209 37.551932 50
345 906.8390957235184 -328.0152016955067 55.791532 37.569595 50
346 539.2857361976692 -95.9365145849086 55.793617 37.563736 50
347 524.2300115848552 -81.35306926214687 55.793748 37.563496 50
348 513.8162593919956 -68.99578662937554 55.793859 37.56333 50
349 511.4324152090529 -66.32395398919508 55.793883 37.563292 50
350 506.162681463488 -58.75358169310455 55.793951 37.563208 50
351 498.2580897343447 -47.17533494881172 55.794055 37.563082 50
352 493.9921513560017 -41.052227533261785 55.79411 37.563014 50
353 491.4200367052217 -37.267024386372384 55.794144 37.562973 50
354 487.9696536634698 -32.25719949676895 55.794189 37.562918 50
355 468.5221845535977 -3.9794661612253677 55.794443 37.562608 50
356 455.09730912259545 15.503272711679475 55.794618 37.562394 50
357 435.2739082659592 44.00379362189696 55.794874 37.562078 50
358 426.1150205554952 57.80880979379327 55.794998 37.561932 50
359 409.7421659899783 81.63358837567539 55.795212 37.561671 50
360 397.0078420063138 100.22586944492927 55.795379 37.561468 50
361 382.8935717768941 120.8221524534046 55.795564 37.561243 50
362 378.31210373870124 152.77578883755936 55.795851 37.56117 50
363 405.1552478033418 169.47892594563754 55.796001 37.561598 50
364 435.38491808678 188.07531532842359 55.796168 37.56208 50
365 471.76053838874134 210.3467365028194 55.796368 37.56266 50
366 478.6593200148275 214.57833965187632 55.796406 37.56277 50
367 485.3072318276701 218.58724950662895 55.796442 37.562876 50
368 542.2530812762209 252.2180971264861 55.796744 37.563784 50
369 552.2875321949045 257.8976055907829 55.796795 37.563944 50
370 582.8297341905334 275.1590054283594 55.79695 37.564431 50
371 588.2232040512563 278.16586182919235 55.796977 37.564517 50
372 624.7229490624677 298.87984952723184 55.797163 37.565099 50
373 648.1779367169511 312.1325235813164 55.797282 37.565473 50
374 649.9339178264948 313.1348291414917 55.797291 37.565501 50
375 682.6702881969741 331.73331873637443 55.797458 37.566023 50
376 705.6231738233555 344.98622471356543 55.797577 37.566389 50
377 724.3115020076389 355.6777618475651 55.797673 37.566687 50
378 782.0689966054379 389.5345713705769 55.797977 37.567608 50
379 800.0670504327379 400.2263109058285 55.798073 37.567895 50
380 809.3483148754815 405.3495849500131 55.798119 37.568043 50
381 1344.9787658179687 1347.1811646201204 55.806577 37.576588 50
382 1340.4611899522697 1356.5321864533164 55.806661 37.576516 50
383 1321.072177131272 1400.9502348137435 55.80706 37.576207 50
384 1319.0643545745413 1405.2918191416409 55.807099 37.576175 50
385 1308.2091921381511 1430.2283206457303 55.807323 37.576002 50
386 1299.0481197506926 1451.8252065838935 55.807517 37.575856 50
387 1290.3889213789628 1472.8655698853797 55.807706 37.575718 50
388 1289.6986681239896 1474.646778189073 55.807722 37.575707 50
389 1129.1283812961733 1194.9202453107014 55.80521 37.573145 50
390 1129.9441993415292 1192.4710151649033 55.805188 37.573158 50
391 1135.6552715977139 1174.1016876595386 55.805023 37.573249 50
392 1143.562976240373 1148.7186342818586 55.804795 37.573375 50
393 1281.3980369178703 705.5195585198709 55.800814 37.575571 50
394 1282.4670221800516 695.8334499701673 55.800727 37.575588 50
395 1285.2355036255387 665.1049239690918 55.800451 37.575632 50
396 1286.8088905745544 646.400572217653 55.800283 37.575657 50
397 1294.4870518539415 555.6622279088922 55.799468 37.575779 50
398 1298.575303021048 516.3610703701399 55.799115 37.575844 50
399 1303.9218689964669 464.0337305385788 55.798645 37.575929 50
400 1313.2920088457977 380.1989170164468 55.797892 37.576078 50
401 1314.1727546371785 371.29213099612974 55.797812 37.576092 50
402 1205.1939294906347 958.4582037107318 55.803086 37.574357 50
403 1187.7450952036393 1015.3472450357181 55.803597 37.574079 50
404 1208.0184637736 949.1065754519744 55.803002 37.574402 50
405 1211.5334401734494 937.528376753165 55.802898 37.574458 50
406 1239.9050244644313 844.0122623476162 55.802058 37.57491 50
407 1244.5499975361972 828.8715914419265 55.801922 37.574984 50
408 1257.6688212855665 787.0121971854295 55.801546 37.575193 50
409 157.26863977691062 -1201.4419422863946 55.783688 37.557645 50
410 -6.861669104117823 -1421.5597519327937 55.781711 37.555029 50
411 1.5460285005627838 -1430.689460878599 55.781629 37.555163 50
412 9.640039173837977 -1439.37380274851 55.781551 37.555292 50
413 -47.20558899607636 -1378.8057644625765 55.782095 37.554386 50
414 202.06317228966952 -1149.6679703308807 55.784153 37.558359 50
415 234.30937458190607 -1109.0280177685495 55.784518 37.558873 50
416 248.98934085612348 -1090.3224334081422 55.784686 37.559107 50
417 277.1570229572943 -1055.4719625568566 55.784999 37.559556 50
418 304.75967200898725 -1021.5120503262029 55.785304 37.559996 50
419 334.93375037113447 -982.5415570154435 55.785654 37.560477 50
420 339.82679105684997 -976.1949154092799 55.785711 37.560555 50
421 365.35821728679764 -943.3481550111837 55.786006 37.560962 50
422 387.8782380461971 -914.2870026557835 55.786267 37.561321 50
423 163.98162515778313 -1193.9820556128295 55.783755 37.557752 50
424 169.00066499932927 -1188.414968832522 55.783805 37.557832 50
425 393.7747887436961 -906.6041547239674 55.786336 37.561415 50
426 395.4684832812874 -904.4885801139433 55.786355 37.561442 50
427 1371.5211932913185 -102.4338248840403 55.793557 37.577004 50
428 1372.4013116333483 -108.66847925892418 55.793501 37.577018 50
429 1390.7606350028782 -244.94043290289665 55.792277 37.57731 50
430 -403.5548357445659 328.80363924931703 55.797432 37.548704 50
431 -385.99512618504025 311.54463211681684 55.797277 37.548984 50
432 -349.99729664755205 276.0247180441663 55.796958 37.549558 50
433 -296.0621879398132 222.4670685487719 55.796477 37.550418 50
434 -1397.368074523073 609.9157953676046 55.799955 37.532857 50
435 -1076.7701281380869 359.0909552413045 55.797703 37.53797 50
436 -880.1167491544333 205.1773681436796 55.796321 37.541106 50
437 -1023.3953720029983 365.4243306012833 55.79776 37.538821 50
438 -1051.4243157927615 390.5934451334574 55.797986 37.538374 50
439 -1125.4768847828545 456.9695391921513 55.798582 37.537193 50
440 572.1988564619262 -916.493403862715 55.786247 37.564259 50
441 257.5596604496606 -669.2418349397551 55.788468 37.559244 50
442 -39.730503322408 -435.3281539882222 55.790569 37.554505 50
443 -57.2946508455328 -421.41070577180915 55.790694 37.554225 50
444 509.2677321321278 742.2133892993661 55.801145 37.563259 50
445 499.04617958679853 736.7566309710654 55.801096 37.563096 50
446 486.5043607102892 730.0749160253695 55.801036 37.562896 50
447 478.85383716003645 725.9545524347056 55.800999 37.562774 50
448 465.4340443891573 718.6047725151309 55.800933 37.56256 50
449 414.07463911890267 691.0990380412718 55.800686 37.561741 50
450 391.5615685000857 679.18376341732 55.800579 37.561382 50
451 374.56695215096727 670.0525328337417 55.800497 37.561111 50
452 368.0450095729661 666.6004913650783 55.800466 37.561007 50
453 360.01800612791754 662.146290969827 55.800426 37.560879 50
454 -115.54987488588574 350.6087114848036 55.797628 37.553296 50
455 -95.54320671671205 327.6725680531087 55.797422 37.553615 50
456 -89.71052939037571 319.6560976046417 55.79735 37.553708 50
457 -89.89883569358996 312.41912244848805 55.797285 37.553705 50
458 -92.6604738768423 218.44979794282239 55.796441 37.553661 50
459 -98.120988020128 48.102610457084104 55.794911 37.553574 50
460 -98.05842353001708 41.088309065232 55.794848 37.553575 50
461 -98.05877527570632 25.50097604825883 55.794708 37.553575 50
462 -281.6993786083363 220.46202744028295 55.796459 37.550647 50
463 -250.71384760853178 250.0760707009284 55.796725 37.551141 50
464 -237.79289223228588 262.2112005056088 55.796834 37.551347 50
465 -128.5950304782495 359.8501440649984 55.797711 37.553088 50
466 -125.20821150454813 360.9634266153214 55.797721 37.553142 50
467 -92.09265417797732 375.8819103404925 55.797855 37.55367 50
468 -88.1412434711468 384.4548659098104 55.797932 37.553733 50
469 -82.18275671327967 399.485399583425 55.798067 37.553828 50
470 -97.04707628258919 389.4652724778362 55.797977 37.553591 50
471 -109.2772919092714 380.1131582207924 55.797893 37.553396 50
472 -90.90149583963412 352.72355067094526 55.797647 37.553689 50
473 -89.7098144631852 354.28225993707423 55.797661 37.553708 50
474 -76.78980162184429 356.063422724811 55.797677 37.553914 50
475 -63.368091907292325 355.1725010900443 55.797669 37.554128 50
476 -88.95683858392783 371.6509953629083 55.797817 37.55372 50
477 354.87571090137055 659.1397366308688 55.800399 37.560797 50
478 331.1081146113014 646.1112916198425 55.800282 37.560418 50
479 288.5268526943466 621.3911768381137 55.80006 37.559739 50
480 256.54355546350746 602.795693331504 55.799893 37.559229 50
481 211.39018958597626 576.7401268446363 55.799659 37.558509 50
482 188.24888002453417 563.3784809140482 55.799539 37.55814 50
483 175.14167963393706 555.8069366317853 55.799471 37.557931 50
484 161.532721525125 547.9013987610612 55.7994 37.557714 50
485 141.40140323704543 536.3215266629475 55.799296 37.557393 50
486 132.3705011788477 530.977009764358 55.799248 37.557249 50
487 597.6861619564327 789.8774083112432 55.801573 37.564669 50
488 587.5902719750483 784.3091203372682 55.801523 37.564508 50
489 554.6686685384487 766.4906782695849 55.801363 37.563983 50
490 538.5526430768134 757.915608328878 55.801286 37.563726 50
491 520.6180071340532 748.3383360886529 55.8012 37.56344 50
492 513.1955784685795 937.3897596417762 55.802898 37.563322 50
493 525.9283918816938 915.1236346020524 55.802698 37.563525 50
494 532.7651893339956 903.8793057620765 55.802597 37.563634 50
495 539.4138627673574 892.8576409656632 55.802498 37.56374 50
496 545.9372044170937 881.3906178367106 55.802395 37.563844 50
497 559.6740136807384 856.8979551816859 55.802175 37.564063 50
498 567.2010901645104 843.5383441454354 55.802055 37.564183 50
499 592.4798303715054 798.895090843459 55.801654 37.564586 50
500 602.5163500519906 780.0803124440224 55.801485 37.564746 50
501 610.9846748602342 764.6054832992793 55.801346 37.564881 50
502 631.308906943719 727.4214268293616 55.801012 37.565205 50
503 680.5526975785388 637.3562574823471 55.800203 37.56599 50
504 690.9035443572448 618.541736811573 55.800034 37.566155 50
505 693.7265165071422 613.4206299237729 55.799988 37.5662 50
506 700.1253449950373 601.3971320237371 55.79988 37.566302 50
507 1099.4698317409375 -298.02080308759184 55.791801 37.572666 50
508 1046.7168490506194 -302.48735105711376 55.791761 37.571825 50
509 1009.0181437692995 -305.6137328095294 55.791733 37.571224 50
510 1197.1972751414828 -289.19927376464227 55.79188 37.574224 50
511 1169.095979804186 -291.76769950097093 55.791857 37.573776 50
512 792.3872307580677 -820.819542808772 55.787106 37.567769 50
513 468.7833923246347 -1262.878020527726 55.783136 37.56261 50
514 685.6341997444065 -963.3502599362962 55.785826 37.566067 50
515 625.9639661739508 -914.8159240610994 55.786262 37.565116 50
516 -82.63101777782032 -86.2827796478824 55.793704 37.553821 50
517 -82.06626404833014 -74.03560216067734 55.793814 37.55383 50
518 -81.43891224629976 -68.35737209135834 55.793865 37.55384 50
519 -76.10704288062374 -51.76809515987371 55.794014 37.553925 50
520 -57.60320839764445 -37.40576748483136 55.794143 37.55422 50
521 -52.77334740337622 -28.164768001188776 55.794226 37.554297 50
522 -50.95427795610035 -21.595842786581702 55.794285 37.554326 50
523 -50.32693440335827 -12.466127145046192 55.794367 37.554336 50
524 -51.01682396714091 -6.453862454956592 55.794421 37.554325 50
525 -53.14933659919871 0.783138766653984 55.794486 37.554291 50
526 -56.66176172946148 7.574806531344866 55.794547 37.554235 50
527 -62.87126650895081 15.03454392793288 55.794614 37.554136 50
528 -67.95178558413284 19.15412974907525 55.794651 37.554055 50
529 -77.5483487584802 23.94182833023089 55.794694 37.553902 50
530 -88.085790782684 26.057452900100312 55.794713 37.553734 50
531 -59.48497137095534 -40.523208406655996 55.794115 37.55419 50
532 918.7754842362725 -413.297624855315 55.790766 37.569785 50
533 914.6966181193343 -406.3955278662461 55.790828 37.56972 50
534 911.8723730284012 -399.6045019321454 55.790889 37.569675 50
535 910.2390809656195 -388.47104180645624 55.790989 37.569649 50
536 910.865018300792 -382.0133051097391 55.791047 37.569659 50
537 913.6235721959786 -374.77575424121653 55.791112 37.569703 50
538 917.2607662205173 -369.65343873868164 55.791158 37.569761 50
539 923.4698059826436 -364.41923637348924 55.791205 37.56986 50
540 -818.8161889095755 -1006.5263259714784 55.785438 37.542087 50
541 -808.5250243341325 -995.0604463185812 55.785541 37.542251 50
542 -799.3631920311703 -983.5943345600406 55.785644 37.542397 50
543 -786.8755344751512 -967.7866274406183 55.785786 37.542596 50
544 -759.5790094274498 -934.9467934895385 55.786081 37.543031 50
545 -743.954075320192 -914.9086674584585 55.786261 37.54328 50
546 -705.4882171394277 -863.9223037669531 55.786719 37.543893 50
547 -672.7958476938285 -819.0582935023042 55.787122 37.544414 50
548 -667.1484752153731 -811.2655072262164 55.787192 37.544504 50
549 -660.7482683307601 -803.2501521283316 55.787264 37.544606 50
550 -907.4755078615909 -1056.9447969851853 55.784985 37.540674 50
551 -921.3422527180433 -1063.9561683575857 55.784922 37.540453 50
552 -979.6318157500895 -1086.9903696012514 55.784715 37.539524 50
553 -985.7180695362595 -1089.4384276362514 55.784693 37.539427 50
554 -1070.4242055057439 -1122.8197647804914 55.784393 37.538077 50
555 -1133.1072354323856 -1146.184835687556 55.784183 37.537078 50
556 -1162.0961570166417 -1157.533647830492 55.784081 37.536616 50
557 -1180.35572490559 -1165.5450564109624 55.784009 37.536325 50
558 -1083.605204506497 -1397.2643791339708 55.781928 37.537868 50
559 -1073.6914075143898 -1396.0421227456525 55.781939 37.538026 50
560 -1072.7502257626181 -1395.9310172604237 55.78194 37.538041 50
561 -1058.1308004056573 -1395.2665734324023 55.781946 37.538274 50
562 -1051.5427754840907 -1395.4908478541042 55.781944 37.538379 50
563 -1043.574390377513 -1395.7154439035012 55.781942 37.538506 50
564 -1029.582722669535 -1396.3868076192794 55.781936 37.538729 50
565 -993.0667220593479 -1399.8467769794888 55.781905 37.539311 50
566 -973.993144136761 -1402.0778497990316 55.781885 37.539615 50
567 -962.511612901872 -1404.641178025577 55.781862 37.539798 50
568 -946.8266470924094 -1409.0981371008702 55.781822 37.540048 50
569 -930.8283350175043 -1415.447850201248 55.781765 37.540303 50
570 -909.1210413829563 -1425.472851287922 55.781675 37.540649 50
571 -899.8987962232164 -1430.9303250962487 55.781626 37.540796 50
572 -885.1560129433501 -1441.176434558061 55.781534 37.541031 50
573 -871.7937382995467 -1452.4242578392552 55.781433 37.541244 50
574 -861.5055707828773 -1462.1127018135335 55.781346 37.541408 50
575 -838.1066744356148 -1487.1682914035182 55.781121 37.541781 50
576 1414.85806269817 -276.44132245809124 55.791994 37.577694 50
577 1409.2117249365633 -273.77104394171766 55.792018 37.577604 50
578 1403.7533604776459 -270.43266907266604 55.792048 37.577517 50
579 1399.6123140617171 -267.2052013180439 55.792077 37.577451 50
580 1396.976513747088 -263.3092176834293 55.792112 37.577409 50
581 1395.2811973912121 -258.0768739597206 55.792159 37.577382 50
582 510.5014304864036 -1218.672181536573 55.783533 37.563275 50
583 518.9078686010789 -1211.4342234154017 55.783598 37.563409 50
584 524.4912494072739 -1206.7573619660488 55.78364 37.563498 50
585 531.5803161891375 -1201.4122820912955 55.783688 37.563611 50
586 538.6693793340947 -1196.1785285008782 55.783735 37.563724 50
587 545.5701056195298 -1190.1654217090727 55.783789 37.563834 50
588 552.2197091361197 -1183.0389568880857 55.783853 37.56394 50
589 632.7017948719275 -1086.6093644518487 55.784719 37.565223 50
590 638.2848111564576 -1081.3756664196842 55.784766 37.565312 50
591 644.1189679746337 -1077.4779788940014 55.784801 37.565405 50
592 649.8905418187018 -1074.6936719840774 55.784826 37.565497 50
593 655.1604148842714 -1073.3568259007304 55.784838 37.565581 50
594 660.6813927746618 -1073.0219764681797 55.784841 37.565669 50
595 666.327967184639 -1073.4664661522875 55.784837 37.565759 50
596 672.4765923002875 -1074.8015741450731 55.784825 37.565857 50
597 677.872370530179 -1076.2481288258043 55.784812 37.565943 50
598 682.5153190192951 -1077.9174709074791 55.784797 37.566017 50
599 712.3180539117125 -1088.2671145727159 55.784704 37.566492 50
600 741.7466035199699 -1110.9751252591423 55.7845 37.566961 50
601 765.5909291623516 -1129.7870965738332 55.784331 37.567341 50
602 776.8857006021606 -1138.8034625228224 55.78425 37.567521 50
603 795.9614861980766 -1154.387317135982 55.78411 37.567825 50
604 854.8211652713769 -1202.3627727289604 55.783679 37.568763 50
605 874.0857546201472 -1218.057583854785 55.783538 37.56907 50
606 1066.0491483830913 -1375.1124857622704 55.782127 37.572129 50
607 1084.4994328999087 -1390.1385330719722 55.781992 37.572423 50
608 1116.0660611720496 -1415.9609260670247 55.78176 37.572926 50
609 1138.0311496324077 -1433.9919635272597 55.781598 37.573276 50
610 1150.771015056015 -1444.565705531697 55.781503 37.573479 50
611 1184.9744069967403 -1472.9476678662018 55.781248 37.574024 50
612 1202.6097101228734 -1487.5280825648083 55.781117 37.574305 50
613 -223.77000332264063 -248.94270981984369 55.792243 37.551571 50
614 -228.16072238890385 -245.60234009736914 55.792273 37.551501 50
615 -220.32142597374863 -276.77739717195084 55.791993 37.551626 50
616 -546.8485224590769 -21.784408970341158 55.794283 37.54642 50
617 -1499.7672844434308 650.0316861584597 55.800315 37.531224 50
618 -1472.0545623801993 629.6473181922183 55.800132 37.531666 50
619 -1451.3639499370001 614.2756864012503 55.799994 37.531996 50
620 -1387.7864943271302 566.8248451721076 55.799568 37.53301 50
621 -1360.0101048894996 546.1071597925609 55.799382 37.533453 50
622 -1278.0587164742137 485.29163642783544 55.798836 37.53476 50
623 -1273.6698369356222 480.94815899049536 55.798797 37.53483 50
624 -1244.3250712152305 458.00399328602157 55.798591 37.535298 50
625 -1216.4848651366683 436.28516739123785 55.798396 37.535742 50
626 -1154.846669896554 388.17026295754454 55.797964 37.536725 50
627 -1130.8306244422945 369.3477983560564 55.797795 37.537108 50
628 -1124.7481467766888 364.78135541108537 55.797754 37.537205 50
629 -1092.141033670213 339.4992774919074 55.797527 37.537725 50
630 -1089.1938470644131 337.16043664231665 55.797506 37.537772 50
631 -1429.7648442867612 691.0918829019689 55.800684 37.53234 50
632 -1448.6370391080934 704.7927338348097 55.800807 37.532039 50
633 -1479.486216818806 721.7265371353765 55.800959 37.531547 50
634 -1499.7389959731756 731.976596471301 55.801051 37.531224 50
635 118.03701912884682 -516.0467894405285 55.789844 37.55702 50
636 84.60106023295259 -496.5634181873034 55.790019 37.556487 50
637 37.80373646569103 -465.7234488704224 55.790296 37.555741 50
638 3.3648452183051347 -445.46009367921255 55.790478 37.555192 50
639 -55.85168226476132 -406.7141059747461 55.790826 37.554248 50
640 -741.0152696438528 131.22291047018416 55.795657 37.543324 50
641 -815.3917130356751 191.69282753691863 55.7962 37.542138 50
642 -966.4572068923609 320.65335819180746 55.797358 37.539729 50
643 -1499.7572143918676 679.2022916998867 55.800577 37.531224 50
644 -1491.6688719779718 674.1892880403924 55.800532 37.531353 50
645 -1439.1895718982348 637.6526577439919 55.800204 37.53219 50
646 135.22571691269036 -529.7408628021017 55.789721 37.557294 50
647 62.017671708796826 -471.4014093228752 55.790245 37.556127 50
648 -72.09896934571904 -430.09485075486816 55.790616 37.553989 50
649 -49.57921434462716 -447.5752344432584 55.790459 37.554348 50
650 248.90311976439304 -680.264799012136 55.788369 37.559106 50
651 278.6402046766874 -703.7553067089884 55.788158 37.55958 50
652 -224.59019050723475 -340.5738738834691 55.79142 37.551558 50
653 -134.45168028837014 -411.0545678353931 55.790787 37.552995 50
654 -8.993077511180871 -509.47944090030575 55.789903 37.554995 50
655 82.7207558287783 -581.4030095817619 55.789257 37.556457 50
656 139.93366208063193 -626.382091275377 55.788853 37.557369 50
657 251.85364233622346 -715.7814423597442 55.78805 37.559153 50
658 296.1461108475975 -751.0727855155565 55.787733 37.559859 50
659 325.25657231740564 -774.3403385616625 55.787524 37.560323 50
660 -749.6725758495372 121.20396555840713 55.795567 37.543186 50
661 -871.3334890913118 217.08877729100226 55.796428 37.541246 50
662 -1066.7322228827031 371.2243377091779 55.797812 37.53813 50
663 -1136.5858099574064 426.24309783747594 55.798306 37.537016 50
664 -1136.9517125431107 465.99091815679645 55.798663 37.53701 50
665 -1282.2335776457494 577.2582022898397 55.799662 37.534693 50
666 -1332.7694765193148 618.0231876814789 55.800028 37.533887 50
667 -1372.1447179237957 648.0967573944383 55.800298 37.533259 50
668 -1401.6129157421142 671.1531713448636 55.800505 37.532789 50
669 916.7577119466807 -661.247780678742 55.788539 37.569752 50
670 854.5385576888095 -722.2736704406967 55.787991 37.56876 50
671 849.7088966674905 -726.6167982052317 55.787952 37.568683 50
672 842.8092192235306 -732.073702175673 55.787903 37.568573 50
673 835.5956612399398 -736.5286137891844 55.787863 37.568458 50
674 794.0065932659473 -756.4659067147115 55.787684 37.567795 50
675 786.7929044713037 -760.6980612453992 55.787646 37.56768 50
676 781.7120748617988 -764.3731308619685 55.787613 37.567599 50
677 777.0079226361428 -769.6068586698016 55.787566 37.567524 50
678 773.1191115395624 -773.7270567657599 55.787529 37.567462 50
679 765.9062958358979 -783.1920605069381 55.787444 37.567347 50
680 707.9520764106147 -861.2497924134836 55.786743 37.566423 50
681 676.339661566661 -902.8952175178058 55.786369 37.565919 50
682 665.3624780136098 -914.030705729606 55.786269 37.565744 50
683 656.8312172347707 -920.1555899318209 55.786214 37.565608 50
684 649.5539870574395 -921.7154147073392 55.7862 37.565492 50
685 638.0101429352709 -919.8243796543577 55.786217 37.565308 50
686 -274.45674001829804 -300.7119940885424 55.791778 37.550763 50
687 -326.7138690951044 -365.3957768638036 55.791197 37.54993 50
688 -358.20691963432364 -404.47294180593593 55.790846 37.549428 50
689 -439.7652606254168 -505.671708168803 55.789937 37.548128 50
690 -485.37706969375125 -564.2306415112797 55.789411 37.547401 50
691 -535.6955498439545 -626.908019066914 55.788848 37.546599 50
692 -572.7137213749908 -672.32919504628 55.78844 37.546009 50
693 -582.627219497795 -684.6863928063312 55.788329 37.545851 50
694 -604.3995013745896 -712.0725610611347 55.788083 37.545504 50
695 -626.6112607694101 -739.9039076946699 55.787833 37.54515 50
696 -647.5058624036058 -767.62399817035 55.787584 37.544817 50
697 -649.1999945661099 -769.6278287654027 55.787566 37.54479 50
698 -209.84524578937146 -262.4153080661035 55.792122 37.551793 50
699 -224.7740624734503 -257.1816734200341 55.792169 37.551555 50
700 -231.54860408188722 -257.292655783615 55.792168 37.551447 50
701 -239.89143629779582 -259.4076261107236 55.792149 37.551314 50
702 -244.21983307355532 -263.30421658958454 55.792114 37.551245 50
703 756.8514711559591 -1022.792894233613 55.785292 37.567202 50
704 747.5633215388298 -1005.982475481871 55.785443 37.567054 50
705 746.5589209325166 -1002.5311724910985 55.785474 37.567038 50
706 746.4329097345561 -999.413732263673 55.785502 37.567036 50
707 746.5578118714038 -996.0735730759586 55.785532 37.567038 50
708 747.0591214704069 -992.6220112645342 55.785563 37.567046 50
709 747.6860015201642 -989.7271174069572 55.785589 37.567056 50
710 748.6265692986489 -986.8321694280648 55.785615 37.567071 50
711 749.5672126197352 -984.3825729263374 55.785637 37.567086 50
712 750.6333686178777 -982.1556303926093 55.785657 37.567103 50
713 752.0131730659531 -979.7059574774996 55.785679 37.567125 50
714 753.5184704093792 -977.3676002909933 55.7857 37.567149 50
715 755.2120367914337 -975.3632236489861 55.785718 37.567176 50
716 770.7674739780946 -955.765017303677 55.785894 37.567424 50
717 780.5522680688548 -943.4047605772075 55.786005 37.56758 50
718 790.8386586858383 -929.7083351186774 55.786128 37.567744 50
719 798.9288114707176 -913.8968684485567 55.78627 37.567873 50
720 805.7645069537707 -899.8670261399545 55.786396 37.567982 50
721 808.2098418064091 -892.4069300212684 55.786463 37.568021 50
722 810.9060301471907 -884.5014338726025 55.786534 37.568064 50
723 816.8601558743067 -853.5483698696937 55.786812 37.568159 50
724 820.1824636083282 -839.2964865932047 55.78694 37.568212 50
725 826.7038726459183 -823.0399099790379 55.787086 37.568316 50
726 844.5146547431087 -791.8618578507619 55.787366 37.5686 50
727 1143.0776096741267 -343.5468093764357 55.791392 37.573361 50
728 846.7700619019874 -1098.2634125730478 55.784614 37.568635 50
729 796.8846271439772 -1056.4097900298966 55.78499 37.56784 50
730 1019.3315874584146 1454.4226841836537 55.807541 37.571395 50
731 1021.7154862585162 1449.3016812603692 55.807495 37.571433 50
732 1024.5384928741848 1443.4014149542652 55.807442 37.571478 50
733 1028.1770378412998 1435.8312686377826 55.807374 37.571536 50
734 1041.2257742028928 1408.4451498168467 55.807128 37.571744 50
735 -566.7265168149441 19.969921149706984 55.794658 37.546103 50
736 -621.3521829503572 63.510584094273526 55.795049 37.545232 50
737 -631.2612141100851 71.30567928506491 55.795119 37.545074 50
738 -716.6153097952241 138.90114766122682 55.795726 37.543713 50
739 -806.168361360267 210.06189672979704 55.796365 37.542285 50
740 -854.7690781775477 248.81685366621218 55.796713 37.54151 50
741 -954.162700379482 327.99895844432206 55.797424 37.539925 50
742 -1005.2691182660484 368.4262291903456 55.797787 37.53911 50
743 -1033.6750901106109 390.92320084910284 55.797989 37.538657 50
744 -1044.2096780743266 399.27608141276244 55.798064 37.538489 50
745 -1048.9125921303673 403.06271148592873 55.798098 37.538414 50
746 -1070.4210159641384 418.2099464383436 55.798234 37.538071 50
747 -574.2652900657608 -70.76962787228385 55.793843 37.545983 50
748 -561.9097890045238 -80.23497957568571 55.793758 37.54618 50
749 -498.24985735966123 -128.78614404553304 55.793322 37.547195 50
750 1501.1055490277613 -268.39604695586695 55.792066 37.579069 50
751 1458.5151407463784 -272.75273387790367 55.792027 37.57839 50
752 1452.9325877858678 -273.311294163338 55.792022 37.578301 50
753 253.5626136254915 99.54710272797219 55.795373 37.559181 50
754 249.92351899257847 120.70113199638821 55.795563 37.559123 50
755 246.84966098225738 129.3853287281628 55.795641 37.559074 50
756 240.45134285119144 142.30019071444408 55.795757 37.558972 50
757 232.48494265531082 156.88504988419754 55.795888 37.558845 50
758 226.7141154039926 166.01447031721975 55.79597 37.558753 50
759 225.0832406056812 168.4638240644215 55.795992 37.558727 50
760 215.86266167372028 180.26519654226576 55.796098 37.55858 50
761 202.37709427149323 192.73441677100288 55.79621 37.558365 50
762 187.76265436605647 204.75827766419607 55.796318 37.558132 50
763 185.19101836878875 206.98492972835749 55.796338 37.558091 50
764 160.41586472950365 222.2372672686542 55.796475 37.557696 50
765 864.1831211229124 -8.594993151249188 55.794401 37.568916 50
766 865.878765748782 -19.1717739179306 55.794306 37.568943 50
767 887.7952835769839 -146.09275856984797 55.793166 37.569292 50
768 889.554061173677 -158.11690991302464 55.793058 37.56932 50
769 896.7818133956226 -227.36769663489542 55.792436 37.569435 50
770 898.2273131738189 -240.83930233389088 55.792315 37.569458 50
771 902.3742964633142 -274.5738716402449 55.792012 37.569524 50
772 905.2646287356622 -297.95425953732047 55.791802 37.56957 50
773 237.8872374714766 5.799539172789455 55.794531 37.558931 50
774 243.02917899880293 30.405541752308544 55.794752 37.559013 50
775 245.97637995568377 44.21163121975022 55.794876 37.55906 50
776 235.69284289848557 -11.235307758264387 55.794378 37.558896 50
777 236.31961904525042 -2.77357913734658 55.794454 37.558906 50
778 1389.4461444945882 -253.62522146483352 55.792199 37.577289 50
779 1388.6949843665104 -258.52433582097296 55.792155 37.577277 50
780 1350.8364721887137 52.65365366218566 55.79495 37.576675 50
781 1351.9683907405497 43.30160522143131 55.794866 37.576693 50
782 1357.0612846100348 3.7781683728119972 55.794511 37.576774 50
783 1359.953565369914 -18.599883862705024 55.79431 37.57682 50
784 1363.1597406144178 -41.75720159313409 55.794102 37.576871 50
785 1370.1380148536873 -92.19115812043114 55.793649 37.576982 50
786 1314.8647428314853 364.3893748794913 55.79775 37.576103 50
787 1322.847887088144 305.49391803613645 55.797221 37.57623 50
788 1324.294260015221 292.9131486193493 55.797108 37.576253 50
789 1326.9984980678382 268.9762738455085 55.796893 37.576296 50
790 1334.985538673112 198.50168349010403 55.79626 37.576423 50
791 1339.9540625915802 154.4133166269389 55.795864 37.576502 50
792 1341.463497038087 141.05320831363818 55.795744 37.576526 50
793 1349.5788367097934 62.896368303916944 55.795042 37.576655 50
794 847.3728231156653 314.950257608157 55.797307 37.568649 50
795 847.4992165005033 310.05140406810096 55.797263 37.568651 50
796 847.68813373774 306.15460602023353 55.797228 37.568654 50
797 849.7068354161595 246.3664219274566 55.796691 37.568686 50
798 850.147770027271 236.68009093965242 55.796604 37.568693 50
799 851.0928888434421 214.63532689687156 55.796406 37.568708 50
800 851.6608201552029 197.0440146863437 55.796248 37.568717 50
801 851.8503789841927 189.918412080493 55.796184 37.56872 50
802 852.2285376616364 180.56608415475938 55.7961 37.568726 50
803 853.9946781116494 129.90758854083205 55.795645 37.568754 50
804 855.0667949623981 100.18052440313313 55.795378 37.568771 50
805 855.4442230416948 94.61369340658325 55.795328 37.568777 50
806 857.9651538620365 33.60091150484877 55.79478 37.568817 50
807 858.2173211801642 27.14335180694836 55.794722 37.568821 50
808 862.424805490701 1.7590998205529225 55.794494 37.568888 50
809 863.4921660029279 -3.584916514073438 55.794446 37.568905 50
810 1369.946395476156 -280.2412061390511 55.79196 37.576978 50
811 979.1084079402982 -356.50205695234945 55.791276 37.570747 50
812 997.6130682392837 -355.27313009692676 55.791287 37.571042 50
813 1366.0713586278664 -325.0003194127553 55.791558 37.576916 50
814 1501.1218550094713 -315.603372930019 55.791642 37.579069 50
815 -1392.5334068374798 627.505677802641 55.800113 37.532934 50
816 -1439.1813839405518 662.3697353142466 55.800426 37.53219 50
817 -1480.249547144337 690.1067458172361 55.800675 37.531535 50
818 -1499.7494888725878 701.581268546797 55.800778 37.531224 50
819 1400.5284256671762 1366.1262317798903 55.806747 37.577474 50
820 1386.1080914563788 1361.3340591003566 55.806704 37.577244 50
821 1333.1919134235645 1342.278645609008 55.806533 37.5764 50
822 1302.846138336104 1332.2489907424497 55.806443 37.575916 50
823 1263.09547236882 1319.0993307245724 55.806325 37.575282 50
824 1232.9373924244842 1309.4042341263437 55.806238 37.574801 50
825 1208.9237743436847 1301.3811271891984 55.806166 37.574418 50
826 1175.254402158157 1290.1267194141597 55.806065 37.573881 50
827 1154.1247033652737 1283.2180798346344 55.806003 37.573544 50
828 1115.8152136689805 1270.6268432737127 55.80589 37.572933 50
829 236.63983306942112 -123.90938987151397 55.793366 37.558911 50
830 234.69559659026334 -128.4743560600851 55.793325 37.55888 50
831 233.94318639311115 -133.92996187646673 55.793276 37.558868 50
832 234.63352050386888 -140.49887050655724 55.793217 37.558879 50
833 -1500.4735310100955 -1396.027091830239 55.781938 37.531224 50
834 -1495.8304650040131 -1395.9173542179683 55.781939 37.531298 50
835 -1480.144030314898 -1394.363993843699 55.781953 37.531548 50
836 -1465.461203743563 -1391.9195357242186 55.781975 37.531782 50
837 -1448.142980287979 -1388.9192174667546 55.782002 37.532058 50
838 -1431.13798498974 -1384.3599969922236 55.782043 37.532329 50
839 -1415.8893324525975 -1378.2414081250806 55.782098 37.532572 50
840 -1399.699286979554 -1371.2323660294064 55.782161 37.53283 50
841 -1376.6685618291854 -1358.7698799436457 55.782273 37.533197 50
842 -1363.1132986656085 -1349.9784602492734 55.782352 37.533413 50
843 -1350.1854148478642 -1340.852789742855 55.782434 37.533619 50
844 -1339.0142434420104 -1331.2811883919508 55.78252 37.533797 50
845 397.1379982586617 -1324.455001179961 55.782583 37.561468 50
846 371.6673923460803 -1358.192627022464 55.78228 37.561062 50
847 330.51205001485835 -1412.306150342418 55.781794 37.560406 50
848 278.0625886805243 -1481.116612001673 55.781176 37.55957 50
849 1000.0594322930242 -355.0498917609357 55.791289 37.571081 50
850 1308.6002279723853 -284.713633800631 55.79192 37.576 50
851 1148.3336471266061 -293.7773202066319 55.791839 37.573445 50
852 1072.8513983914952 -463.5871042413566 55.790314 37.572241 50
853 1037.2944516233638 -509.91234900928225 55.789898 37.571674 50
854 1016.1605397955169 -537.1951529877847 55.789653 37.571337 50
855 1000.6703880422017 -556.5715593340649 55.789479 37.57109 50
856 962.414698500158 -604.1215231644746 55.789052 37.57048 50
857 492.5226694201049 -911.3816178363516 55.786293 37.562989 50
858 526.9684371009544 -939.1007239859291 55.786044 37.563538 50
859 569.5086178669446 -973.2761028261868 55.785737 37.564216 50
860 668.8344079490805 -1053.202580978515 55.785019 37.565799 50
861 690.6702604821523 -1070.7905563845666 55.784861 37.566147 50
862 -87.70273942016475 358.6244066479678 55.7977 37.55374 50
863 -87.07542260715995 365.30468283108655 55.79776 37.55375 50
864 -97.17273857524398 379.333503606088 55.797886 37.553589 50
865 -103.13091105294824 380.8923750358823 55.7979 37.553494 50
866 -113.66760316478593 378.10918416382407 55.797875 37.553326 50
867 695.3598107368335 -971.5877216320569 55.785752 37.566222 50
868 921.0293135742161 -688.4133443983924 55.788295 37.56982 50
869 946.1781138172107 -654.8952102475691 55.788596 37.570221 50
870 976.9707436862788 -613.8046805486274 55.788965 37.570712 50
871 1012.9681239510157 -566.7004681999923 55.789388 37.571286 50
872 1076.181142075954 -483.9611373629814 55.790131 37.572294 50
873 1099.760045273346 -453.3372806771215 55.790406 37.57267 50
874 785.4126953529731 -1107.627317036779 55.78453 37.567657 50
875 797.20940788389 -1116.8662155491554 55.784447 37.567845 50
876 838.1217381737123 -1148.5898213829637 55.784162 37.568497 50
877 902.0021259847898 -1201.6852105861858 55.783685 37.569515 50
878 1023.6802113411584 -1302.085028120391 55.782783 37.571454 50
879 1249.480083233901 -1487.1808492899982 55.78112 37.575052 50
880 565.6129953732395 -927.9620733503143 55.786144 37.564154 50
881 923.1046902326771 -417.4162142493501 55.790729 37.569854 50
882 924.9242483835641 -419.3085737379845 55.790712 37.569883 50
883 948.7040596417914 -443.6864738709529 55.790493 37.570262 50
884 991.621911523238 -490.2161827262619 55.790075 37.570946 50
885 997.9592560522451 -497.0063506655614 55.790014 37.571047 50
886 1003.9828895144685 -503.4625677611408 55.789956 37.571143 50
887 1091.6036755069658 1299.9026646086559 55.806153 37.572547 50
888 1102.8340085064128 1275.5224134798777 55.805934 37.572726 50
889 1056.3449205776487 1376.82871826572 55.806844 37.571985 50
890 -557.70073737427 -29.576695636297828 55.794213 37.546247 50
891 -550.4861775440518 -19.2231737153921 55.794306 37.546362 50
892 -564.3517405693422 -47.05591585992037 55.794056 37.546141 50
893 -239.2037472839819 -301.38210574715674 55.791772 37.551325 50
894 904.9620023380915 -350.83989000493625 55.791327 37.569565 50
895 903.3325647152914 -358.0772010766632 55.791262 37.569539 50
896 913.3664090498013 -345.04855404494583 55.791379 37.569699 50
897 919.5772558968113 -348.49872327973526 55.791348 37.569798 50
898 926.7289696212719 -351.61466898952335 55.79132 37.569912 50
899 933.6924360714909 -354.39662927159475 55.791295 37.570023 50
900 939.7774699300974 -356.06538811987116 55.79128 37.57012 50
901 947.0543039623652 -357.5112028234051 55.791267 37.570236 50
902 27.264925866898693 -443.67860122265563 55.790494 37.555573 50
903 23.5638174176608 -435.21693369919086 55.79057 37.555514 50
904 20.929137809961844 -428.9820182578775 55.790626 37.555472 50
905 19.549060707100324 -423.5264618260102 55.790675 37.55545 50
906 18.67082788794488 -419.18428297219623 55.790714 37.555436 50
907 1010.8229738584214 -513.9267548574655 55.789862 37.571252 50
908 1013.2079415353621 -519.0477477444327 55.789816 37.57129 50
909 1014.9653704728589 -523.1668438465139 55.789779 37.571318 50
910 1016.0330992229615 -528.733494559923 55.789729 37.571335 50
911 1212.5073242953138 -305.33904530136977 55.791735 37.574468 50
912 1200.340391930058 -313.58143800339656 55.791661 37.574274 50
913 1186.6060009461614 -324.7190138100931 55.791561 37.574055 50
914 1173.2483603137182 -337.5265148551588 55.791446 37.573842 50
915 1085.4562120407227 -447.7739759822568 55.790456 37.572442 50
916 1381.5311731782642 1359.88520303309 55.806691 37.577171 50
917 1368.4274390352743 1355.5388612633865 55.806652 37.576962 50
918 1356.3268377868453 1351.5268870763603 55.806616 37.576769 50
919 723.6504748261865 558.8698004048274 55.799498 37.566677 50
920 736.1973851517444 536.270258028731 55.799295 37.566877 50
921 756.6491501937696 499.3094978484887 55.798963 37.567203 50
922 790.025052958974 439.6381813361585 55.798427 37.567735 50
923 796.5497566565559 428.06020392378156 55.798323 37.567839 50
924 805.4585634780458 412.14048967222885 55.79818 37.567981 50
925 -68.20372684829013 -47.64871745159553 55.794051 37.554051 50
926 -61.55488884154458 -42.193250790426916 55.7941 37.554157 50
927 -1380.3046910906812 -1349.4163458381838 55.782357 37.533139 50
928 -1399.5074730542465 -1360.0986410750909 55.782261 37.532833 50
929 -1316.294009310761 -1306.905133474261 55.782739 37.534159 50
930 -1283.4061477925627 -1270.0621302608786 55.78307 37.534683 50
931 -1257.2967681528432 -1239.674518396799 55.783343 37.535099 50
932 -1231.7525478917776 -1209.7319398678633 55.783612 37.535506 50
933 -1215.5612786237662 -1195.039896111833 55.783744 37.535764 50
934 -428.0562113299587 -88.15522965967412 55.793687 37.548314 50
935 -527.2772427114637 -9.762314554419067 55.794391 37.546732 50
936 -420.2880236450615 -188.24890874380168 55.792788 37.548438 50
937 -402.9140982102836 -201.49978301088498 55.792669 37.548715 50
938 -393.12946807526384 -209.07166689326846 55.792601 37.548871 50
939 -130.9267776335587 -10.905712988609004 55.794381 37.553051 50
940 -130.29987520870628 -22.039540323770588 55.794281 37.553061 50
941 -126.59948310164823 -32.72810568519261 55.794185 37.55312 50
942 -120.07644536490542 -41.85801351276907 55.794103 37.553224 50
943 -111.23253044592427 -48.87254794345204 55.79404 37.553365 50
944 -100.82041806205584 -53.214987081481965 55.794001 37.553531 50
945 -89.59280697888377 -54.55129001541634 55.793989 37.55371 50
946 -82.81857232246446 -53.77205785211089 55.793996 37.553818 50
947 -277.08540886887823 -208.1899110157937 55.792609 37.550721 50
948 -317.980708007653 -175.89907469094885 55.792899 37.550069 50
949 358.89215255644456 -133.47608665932984 55.79328 37.56086 50
950 356.9475555196628 -132.14019003120177 55.793292 37.560829 50
951 347.85189455365827 -126.12867203144603 55.793346 37.560684 50
952 343.1472252219906 -122.67756598850676 55.793377 37.560609 50
953 314.91938228666936 -102.19349854494021 55.793561 37.560159 50
954 299.3000964617315 -90.94945712481439 55.793662 37.55991 50
955 285.18631158002916 -80.15061314043395 55.793759 37.559685 50
956 268.50076282362966 -67.23645935963394 55.793875 37.559419 50
957 19.549021644084803 -414.8420963671914 55.790753 37.55545 50
958 25.696451243253563 -405.15565660811137 55.79084 37.555548 50
959 351.1791961189787 -161.53390887861883 55.793028 37.560737 50
960 356.63580175912466 -154.964518831671 55.793087 37.560824 50
961 359.64623946622885 -150.17673402140946 55.79313 37.560872 50
962 361.21395469889757 -145.05505305892888 55.793176 37.560897 50
963 361.4644216896145 -139.8221431966124 55.793223 37.560901 50
964 360.64872238107864 -136.59340707638478 55.793252 37.560888 50
965 259.4682173637 -63.451513456977864 55.793909 37.559275 50
966 260.6604147939059 -70.68841709763373 55.793844 37.559294 50
967 261.28818856324415 -79.48408735801381 55.793765 37.559304 50
968 259.65798052215246 -90.06130209219049 55.79367 37.559278 50
969 257.2748874960448 -97.6324327577288 55.793602 37.55924 50
970 255.33067137073425 -101.97473221411326 55.793563 37.559209 50
971 252.32014567521415 -106.65110702769965 55.793521 37.559161 50
972 245.04450917307707 -114.89054054065585 55.793447 37.559045 50
973 382.98018646433115 -150.28607829045376 55.793129 37.561244 50
974 368.61671395449264 -158.52633705341265 55.793055 37.561015 50
975 376.26918896471034 -157.74631475767274 55.793062 37.561137 50
976 379.9700177648418 -157.8573308020571 55.793061 37.561196 50
977 390.69623085887986 -159.08109836793886 55.79305 37.561367 50
978 1393.5233722036724 -253.5125778899996 55.7922 37.577354 50
979 1387.9436091881807 -262.7554217804242 55.792117 37.577265 50
980 1386.4393270780524 -266.4300576047944 55.792084 37.577241 50
981 1383.3670354434662 -270.6618825601359 55.792046 37.577192 50
982 1379.7926001861856 -273.8918223430557 55.792017 37.577135 50
983 1375.4026320487924 -276.8993412658573 55.79199 37.577065 50
984 1179.3979007364771 1040.8414321644746 55.803826 37.573946 50
985 1264.1344860301522 765.3031210409854 55.801351 37.575296 50
986 1269.5952497515186 748.937995677668 55.801204 37.575383 50
987 1279.0732200605771 720.5495316133789 55.800949 37.575534 50
988 1280.3918023662636 715.0943477508617 55.8009 37.575555 50
989 1168.540833791925 1072.4585649976561 55.80411 37.573773 50
990 1166.4070880056806 1078.6929344885575 55.804166 37.573739 50
991 51.72878428187933 -377.09824283408165 55.791092 37.555963 50
992 192.5899307287075 -1161.136203755764 55.78405 37.558208 50
993 512.4634648800484 -831.215992282295 55.787013 37.563307 50
994 385.79160273623404 -730.3568909378989 55.787919 37.561288 50
995 251.09544658346366 -622.4802610101787 55.788888 37.559141 50
996 235.28618087504012 -609.7886152019336 55.789002 37.558889 50
997 198.46099527678803 -580.3972235299232 55.789266 37.558302 50
998 122.83786243267079 525.187144772005 55.799196 37.557097 50
999 107.28455013112395 515.945664577789 55.799113 37.556849 50
1000 60.8750834802683 488.1102241401907 55.798863 37.556109 50
1001 8.82051278634006 457.82582585174714 55.798591 37.555279 50
1002 -8.113058312310699 447.91672810491 55.798502 37.555009 50
1003 -52.26616431499363 420.0824952966267 55.798252 37.554305 50
1004 -250.99760632746396 -319.19552646234064 55.791612 37.551137 50
1005 824.6564643085101 378.7426446691469 55.79788 37.568287 50
1006 838.4590872002273 354.5849077829494 55.797663 37.568507 50
1007 842.9765581795448 345.5673919653195 55.797582 37.568579 50
1008 845.8634507021541 336.10421065082835 55.797497 37.568625 50
1009 847.1826257223245 325.4160058636206 55.797401 37.568646 50
1010 847.3094094097446 318.5130657662709 55.797339 37.568648 50
1011 -303.7510378734221 590.6628750192718 55.799784 37.550295 50
1012 -294.90893364351336 580.3078148209555 55.799691 37.550436 50
1013 -252.89266613243547 531.4277058186292 55.799252 37.551106 50
1014 -230.6299641187997 504.92798208528257 55.799014 37.551461 50
1015 -201.59391155894986 471.7477640078169 55.798716 37.551924 50
1016 -178.82883613907154 445.6936373940009 55.798482 37.552287 50
1017 -162.20955302854915 426.09746923111595 55.798306 37.552552 50
1018 -151.98705059069457 414.0725787594238 55.798198 37.552715 50
1019 -122.1971807980171 380.67019311074193 55.797898 37.55319 50
1020 -444.65467365967845 755.2328666307096 55.801262 37.548048 50
1021 -425.27872441480724 732.406593944726 55.801057 37.548357 50
1022 -407.2821164032332 711.1392723804696 55.800866 37.548644 50
1023 -349.46587041098235 644.888009288197 55.800271 37.549566 50
1024 -365.89533963645795 664.373545873228 55.800446 37.549304 50
1025 -373.85925504157416 673.05860320666 55.800524 37.549177 50
1026 -459.95477209337673 771.9351913128656 55.801412 37.547804 50
1027 -454.24860226748814 765.6996510270192 55.801356 37.547895 50
1028 -381.3214882040023 681.075601998296 55.800596 37.549058 50
1029 -119.06198986071017 354.8396558189336 55.797666 37.55324 50
1030 -109.59171026707907 347.2684127862481 55.797598 37.553391 50
1031 -102.75541684848871 346.48887872858165 55.797591 37.5535 50
1032 -96.16993575186049 348.3814764353458 55.797608 37.553605 50
1033 283.37464467480095 -192.82485387357315 55.792747 37.559656 50
1034 339.19900254070546 -167.10176356388718 55.792978 37.560546 50
1035 251.19480248311868 -170.7818976730582 55.792945 37.559143 50
1036 261.2947893070344 -189.2634197824097 55.792779 37.559304 50
1037 264.1804314843971 -193.16007729009095 55.792744 37.55935 50
1038 268.2577757158027 -195.386588625181 55.792724 37.559415 50
1039 273.6522366744594 -195.38625227448304 55.792724 37.559501 50
1040 -928.3284150868999 -580.1912693548861 55.789267 37.54034 50
1041 -967.9676501380159 -547.4492501807129 55.789561 37.539708 50
1042 -1021.7179917617598 -503.0130824438881 55.78996 37.538851 50
1043 -1087.0081222907222 -452.78379885656943 55.790411 37.53781 50
1044 -1152.6110985062073 -405.225559913733 55.790838 37.536764 50
1045 -1188.4241806252264 -385.62042123718396 55.791014 37.536193 50
1046 -1192.6890827965592 -383.1698162200196 55.791036 37.536125 50
1047 -1227.185442468769 -366.9048595106615 55.791182 37.535575 50
1048 -295.28561843226026 -348.47464553269305 55.791349 37.550431 50
1049 -291.0824435385577 -343.019365573459 55.791398 37.550498 50
1050 -287.2557228406623 -338.677436963174 55.791437 37.550559 50
1051 -283.3035459400016 -334.224175102138 55.791477 37.550622 50
1052 -279.53964060408117 -330.9956158812179 55.791506 37.550682 50
1053 -274.9603235572626 -328.5464712900629 55.791528 37.550755 50
1054 -270.318345822408 -327.0993680714812 55.791541 37.550829 50
1055 -265.111858396455 -326.32032257231276 55.791548 37.550912 50
1056 -259.2781376450927 -326.3206745411508 55.791548 37.551005 50
1057 -252.69173052120126 -327.21176678273974 55.79154 37.55111 50
1058 -245.66628619376496 -329.21625421978047 55.791522 37.551222 50
1059 -237.82544123852634 -332.5568313915468 55.791492 37.551347 50
1060 914.0700506909882 -409.8471384104183 55.790797 37.56971 50
1061 -1199.6221561423608 -1184.2445485363576 55.783841 37.536018 50
1062 -1187.5742346062457 -1177.90159684542 55.783898 37.53621 50
1063 -1422.5455381895272 1096.2493637476043 55.804323 37.532453 50
1064 -1323.9831026433633 1050.3468418051334 55.803911 37.534025 50
1065 -1303.4176844695942 1040.6541942094045 55.803824 37.534353 50
1066 -1293.448798496456 1034.7502869263271 55.803771 37.534512 50
1067 -674.2319375568616 -775.0795777350795 55.787517 37.544391 50
1068 -695.5591552807399 -759.0435502826128 55.787661 37.544051 50
1069 -759.351760220125 -711.4915604379084 55.788088 37.543034 50
1070 -768.6351328776288 -704.5869742397383 55.78815 37.542886 50
1071 -1255.0797360311285 -1383.9690451704828 55.782047 37.535135 50
1072 -1247.8659017620237 -1389.7606909181359 55.781995 37.53525 50
1073 -1215.246456529193 -1415.4889783172766 55.781764 37.53577 50
1074 -1204.9587714698782 -1423.8421815128474 55.781689 37.535934 50
1075 -1197.7443748135015 -1428.0750138822082 55.781651 37.536049 50
1076 -1189.9645354482398 -1429.6358805632672 55.781637 37.536173 50
1077 184.64239136240053 -166.22037460762454 55.792986 37.558082 50
1078 170.59247846363712 -183.58968606702388 55.79283 37.557858 50
1079 161.56046356053457 -198.286654680475 55.792698 37.557714 50
1080 155.91545318021372 -208.3072857690855 55.792608 37.557624 50
1081 152.8420946836331 -215.09901617748852 55.792547 37.557575 50
1082 146.00583319056867 -242.93376375659946 55.792297 37.557466 50
1083 145.06519613246675 -250.95013464951313 55.792225 37.557451 50
1084 143.18358878933597 -257.18512762623186 55.792169 37.557421 50
1085 138.66745548049875 -264.19957090482325 55.792106 37.557349 50
1086 132.7713595512849 -272.99546048487116 55.792027 37.557255 50
1087 112.95016339249878 -298.60377022519384 55.791797 37.556939 50
1088 -1001.0258518077633 -542.0975374544183 55.789609 37.539181 50
1089 -937.3643698963117 -592.1024951666823 55.78916 37.540196 50
1090 -919.6140127747008 -605.3555083613876 55.789041 37.540479 50
1091 -1129.6614866764921 -441.0824290660231 55.790516 37.53713 50
1092 -1056.2815143455523 -498.43996086573304 55.790001 37.5383 50
1093 -1216.5905458249713 -389.2867824156116 55.790981 37.535744 50
1094 -1199.9695508994373 -397.3077415489006 55.790909 37.536009 50
1095 -1157.00671539628 -422.3704474989262 55.790684 37.536694 50
1096 -905.5642717437911 -616.2695815157808 55.788943 37.540703 50
1097 -775.6003549316282 -714.6061543485288 55.78806 37.542775 50
1098 -689.4773775697498 -780.8667599160065 55.787465 37.544148 50
1099 -682.514678023848 -786.3234189213567 55.787416 37.544259 50
1100 -1500.1019610903859 -319.5005565766599 55.791607 37.531224 50
1101 -1466.6696603925936 -324.74485632854646 55.79156 37.531757 50
1102 -1382.2414930025448 -337.1310525469919 55.791449 37.533103 50
1103 -1351.4435078501867 -342.3736269454216 55.791402 37.533594 50
1104 -1318.639184108693 -351.0680713589566 55.791324 37.534117 50
1105 -1271.0326536000962 -366.2242283646048 55.791188 37.534876 50
1106 -1228.3821038124152 -383.93924006815274 55.791029 37.535556 50
1107 724.5368277356941 -996.0772996907855 55.785532 37.566687 50
1108 426.8912266114777 -820.4254582659571 55.78711 37.561943 50
1109 372.85683453808474 135.51791002318964 55.795696 37.561083 50
1110 -85.72920406418632 -1337.49882833405 55.782466 37.553772 50
1111 -65.7773251899373 -1358.8760460021779 55.782274 37.55409 50
1112 -365.81246197685186 -1331.6947117607863 55.782518 37.549308 50
1113 -346.4239502612268 -1318.892445325824 55.782633 37.549617 50
1114 -323.33373922135297 -1305.867693356215 55.78275 37.549985 50
1115 -310.53376555255716 -1298.2976513204737 55.782818 37.550189 50
1116 -294.9730556568031 -1288.835015869475 55.782903 37.550437 50
1117 -277.21630376019044 -1277.1457076644458 55.783008 37.55072 50
1118 -263.16147710074716 -1266.5694829581166 55.783103 37.550944 50
1119 -255.69482238503565 -1260.0009937515329 55.783162 37.551063 50
1120 -509.0066635038635 -1463.0589734143482 55.781338 37.547026 50
1121 -404.77871023401497 -1364.3132522125256 55.782225 37.548687 50
1122 -389.2171901121975 -1350.7314541491521 55.782347 37.548935 50
1123 -374.59700469100454 -1338.2628977516965 55.782459 37.549168 50
1124 -517.8546448291706 -1471.408266729484 55.781263 37.546885 50
1125 -832.244656961903 -1019.7729882247903 55.785319 37.541873 50
1126 -1177.095581229419 -1174.2302965675858 55.783931 37.536377 50
1127 -1160.5933058199435 -1168.4451634969246 55.783983 37.53664 50
1128 -1133.2986192874605 -1158.3206169855373 55.784074 37.537075 50
1129 -1346.6031422531291 -1321.703786916375 55.782606 37.533676 50
1130 -1364.30164124725 -1337.9535974205523 55.78246 37.533394 50
1131 -849.6855251315503 -1017.9882069698631 55.785335 37.541595 50
1132 -864.6824486185596 -1030.5664343893775 55.785222 37.541356 50
1133 -887.0204570840167 -1046.0379037399168 55.785083 37.541 50
1134 -624.7318447286926 -758.0522666018875 55.78767 37.54518 50
1135 -610.5513185341209 -739.9061934698533 55.787833 37.545406 50
1136 -351.1194523000037 -416.1640123682793 55.790741 37.549541 50
1137 -347.4180571550577 -411.7107890457796 55.790781 37.5496 50
1138 -328.4720410721761 -388.7766297801736 55.790987 37.549902 50
1139 -318.6227018611154 -376.8641943912078 55.791094 37.550059 50
1140 -562.9909302657577 -678.8994060609787 55.788381 37.546164 50
1141 -493.4725449720497 -591.5075381770168 55.789166 37.547272 50
1142 -431.6108577552136 -511.68477790350187 55.789883 37.548258 50
1143 -418.2476747864238 -495.9874257628042 55.790024 37.548471 50
1144 -388.1337910677436 -460.3620565467071 55.790344 37.548951 50
1145 -1179.924874583534 -1427.4118602495537 55.781657 37.536333 50
1146 -1171.6418770562368 -1424.5193164808609 55.781683 37.536465 50
1147 -1152.1894870060348 -1417.955582600521 55.781742 37.536775 50
1148 -1140.392575894357 -1413.9505306711956 55.781778 37.536963 50
1149 -1108.2649010112905 -1402.9363926867677 55.781877 37.537475 50
1150 -1097.0957886926708 -1400.044441669383 55.781903 37.537653 50
1151 -1077.4678704699534 327.4710944586006 55.797419 37.537959 50
1152 -1040.3451995359421 298.95948331147673 55.797163 37.538551 50
1153 -970.0496550119116 242.3834489026676 55.796655 37.539672 50
1154 -952.6166276093247 228.12831153985476 55.796527 37.53995 50
1155 -888.1506407583729 177.45581065174426 55.796072 37.540978 50
1156 -824.3730036782026 127.22975322334483 55.795621 37.541995 50
1157 -786.3062912792284 97.82943765816904 55.795357 37.542602 50
1158 -668.2779158615829 3.2836384223791093 55.794508 37.544484 50
1159 -635.2265133197966 -22.99710737498981 55.794272 37.545011 50
1160 224.2208063478471 -135.04385505946885 55.793266 37.558713 50
1161 228.54883685398292 -134.59827732658744 55.79327 37.558782 50
1162 231.6224592279238 -136.04550943909018 55.793257 37.558831 50
1163 149.4552616931772 -226.7896293727239 55.792442 37.557521 50
1164 -1285.2355949387568 1029.2922746573195 55.803722 37.534643 50
1165 -1259.7181302795225 1012.2500471328108 55.803569 37.53505 50
1166 -1241.8495117860668 1000.3317093260555 55.803462 37.535335 50
1167 -1415.2052644928547 1491.831956823639 55.807876 37.532568 50
1168 -1423.5433808655819 1495.6201846746706 55.80791 37.532435 50
1169 -1078.8477721124136 1337.1978099954392 55.806488 37.537933 50
1170 -1064.4899642262412 1331.29333772683 55.806435 37.538162 50
1171 -1055.2736294653198 1326.3922036483616 55.806391 37.538309 50
1172 -1402.7294496271422 1486.0383168959122 55.807824 37.532767 50
1173 -1499.6008939085 1132.0148649670346 55.804644 37.531224 50
1174 -1489.3812354908148 1127.3351416403798 55.804602 37.531387 50
1175 -1144.6047051203407 936.1741692041031 55.802886 37.536886 50
1176 -1127.6760230040484 924.5905649325952 55.802782 37.537156 50
1177 -1100.0881084359762 906.658035095747 55.802621 37.537596 50
1178 -1085.1654851285625 896.8565172285709 55.802533 37.537834 50
1179 -1062.4679519077483 881.8202454223451 55.802398 37.538196 50
1180 -1052.8120089780202 875.5829536952028 55.802342 37.53835 50
1181 -1047.4824474992174 872.018842008044 55.80231 37.538435 50
1182 -1013.310314937462 849.29773842054 55.802106 37.53898 50
1183 -1239.6551088215099 998.883685306929 55.803449 37.53537 50
1184 -1205.1086924182907 976.2722998912247 55.803246 37.535921 50
1185 -1166.4865330797293 950.8766376237957 55.803018 37.536537 50
1186 686.5368326396368 -322.93403901531724 55.791578 37.566083 50
1187 709.810460339123 -332.06001885292926 55.791496 37.566454 50
1188 719.6593322388591 -335.287202035526 55.791467 37.566611 50
1189 739.1690672734924 -342.52089961034744 55.791402 37.566922 50
1190 763.0700785536255 -350.97845904351993 55.791326 37.567303 50
1191 795.4400407247583 -362.10645778281645 55.791226 37.567819 50
1192 798.6394088318115 -363.2192513030785 55.791216 37.56787 50
1193 107.7300550298405 254.07834581308424 55.796761 37.556856 50
1194 95.3113704972478 261.5377103531038 55.796828 37.556658 50
1195 68.78068930471646 277.3472240840174 55.79697 37.556235 50
1196 28.514633156949827 301.50714853222894 55.797187 37.555593 50
1197 -5.040071677062826 321.5479228102712 55.797367 37.555058 50
1198 -14.008846940093747 326.89217321412286 55.797415 37.554915 50
1199 -52.58060154110129 349.8281261920391 55.797621 37.5543 50
1200 -56.34368222030909 351.72092182181706 55.797638 37.55424 50
1201 -37.214666738875934 340.69823961432724 55.797539 37.554545 50
1202 -45.93249135048188 345.81987763220343 55.797585 37.554406 50
1203 -321.6253507958903 -264.1898815332304 55.792106 37.550011 50
1204 -296.2848566959085 -283.6758406038811 55.791931 37.550415 50
1205 -289.6988112437526 -288.90917255945226 55.791884 37.55052 50
1206 -336.36535752570353 -252.4982708480574 55.792211 37.549776 50
1207 -329.08945065823224 -258.2884063195677 55.792159 37.549892 50
1208 -625.8817092144564 -30.23543885057685 55.794207 37.54516 50
1209 -1407.1303580895933 675.3858064779222 55.800543 37.532701 50
1210 -1479.851259078686 1122.878353824527 55.804562 37.531539 50
1211 235.26081767625087 -141.27820304348796 55.79321 37.558889 50
1212 216.56859372758174 -140.8338225435188 55.793214 37.558591 50
1213 197.31254176081958 -155.7540400266726 55.79308 37.558284 50
1214 -1237.9107292707554 -362.2256202727011 55.791224 37.535404 50
1215 -1276.1082231187543 -347.62928929640265 55.791355 37.534795 50
1216 -1322.5224918203146 -331.8054109781533 55.791497 37.534055 50
1217 -1391.8958084624974 -318.86853265604213 55.791613 37.532949 50
1218 -1500.0960811074492 -302.46583801051685 55.79176 37.531224 50
1219 1032.2763290571654 -511.3609379301513 55.789885 37.571594 50
1220 1026.8189292222798 -512.14159682539 55.789878 37.571507 50
1221 1020.8592881697978 -511.2522967733469 55.789886 37.571412 50
1222 1012.8289871071706 -508.0253734698996 55.789915 37.571284 50
1223 943.4119685524696 -627.7293433341525 55.78884 37.570177 50
1224 1124.170555795381 1210.5063195973307 55.80535 37.573066 50
1225 1161.4498894318965 1090.9388157937221 55.804276 37.57366 50
1226 1109.485721353283 1256.0399053815102 55.805759 37.572832 50
1227 1114.192334443532 1241.5671318261075 55.805629 37.572907 50
