1 2
2 3
3 4
4 5
5 6
7 8
8 9
10 11
11 12
12 13
13 14
14 15
15 16
16 17
17 18
18 19
20 21
21 22
22 23
23 24
24 25
25 26
26 27
27 28
28 29
29 30
30 31
31 32
32 33
33 34
34 35
35 36
36 37
37 38
38 39
39 40
40 41
41 42
42 43
43 44
44 45
45 46
46 47
47 48
48 49
49 50
51 52
52 53
53 54
54 55
55 56
56 57
57 58
58 59
60 61
61 62
62 63
63 64
64 65
65 66
66 67
67 68
68 69
69 70
70 71
71 72
72 73
73 74
74 75
75 76
76 77
77 78
78 79
79 80
80 81
81 82
83 84
84 85
85 86
86 87
87 88
88 89
90 91
91 92
92 93
94 95
95 96
96 97
97 98
59 99
99 100
100 101
101 102
102 103
103 104
105 106
106 107
107 108
108 109
109 110
110 111
111 112
112 113
113 114
114 115
115 116
116 117
117 118
118 119
119 120
120 121
121 122
122 123
123 124
124 125
125 126
126 127
127 128
129 130
130 131
131 132
132 133
133 134
134 135
135 136
136 137
137 138
138 139
139 140
140 141
141 142
142 143
143 144
144 145
146 147
147 148
148 149
149 150
150 151
151 152
152 153
104 154
154 155
155 156
156 105
157 158
158 159
159 160
161 162
163 164
164 165
166 167
167 168
168 169
170 171
172 173
173 174
175 176
177 175
178 179
179 180
180 181
181 182
182 183
183 184
184 185
185 186
186 187
187 188
188 189
189 190
190 191
191 192
192 193
193 194
195 196
196 197
197 198
198 199
199 200
200 201
201 202
202 203
204 205
205 206
206 207
208 209
209 210
210 211
211 204
212 213
214 215
215 216
216 217
217 218
218 219
219 220
220 221
221 222
223 224
224 225
226 227
228 229
230 231
231 232
232 233
233 234
234 235
236 237
238 239
239 240
240 241
241 242
242 243
243 244
244 229
245 246
246 247
247 248
248 249
249 250
250 251
251 252
252 253
253 254
255 256
256 257
257 258
258 259
259 260
260 261
261 262
262 263
226 264
264 265
162 266
266 267
267 268
268 269
269 270
270 271
271 272
272 273
273 274
274 275
275 276
276 277
163 278
278 279
279 280
280 281
166 282
282 283
283 284
284 285
285 286
287 288
288 289
289 290
290 166
291 292
292 293
293 294
294 295
295 296
296 90
90 297
297 298
298 299
299 300
300 301
301 302
302 303
303 304
304 305
305 306
306 307
307 308
228 309
309 310
287 311
311 312
312 286
313 314
314 315
315 316
316 317
317 318
318 319
319 320
320 321
321 322
322 323
323 324
324 325
325 326
326 327
327 328
328 329
329 330
330 331
331 332
333 334
334 335
335 336
337 338
339 340
153 341
341 342
342 343
343 344
293 345
345 93
308 346
346 347
347 348
348 349
349 350
350 351
351 352
352 353
353 354
354 355
355 356
356 357
357 358
358 359
359 360
360 361
89 362
362 363
363 364
364 365
365 366
366 367
367 368
368 369
369 370
370 371
371 372
372 373
373 374
374 375
375 376
376 377
377 378
378 379
379 380
381 382
382 383
383 384
384 385
385 386
386 387
387 388
389 390
390 391
391 392
393 394
394 395
395 396
396 397
397 398
398 399
399 400
400 401
402 403
402 404
404 405
405 406
406 407
407 408
204 409
208 410
410 411
411 412
413 207
207 208
414 415
415 416
416 417
417 418
418 419
419 420
420 421
421 422
409 423
423 424
424 339
422 425
425 426
426 186
427 428
428 429
50 430
430 431
431 432
432 433
433 59
434 435
435 436
436 212
437 438
438 439
440 441
441 442
442 443
443 236
444 445
445 446
446 447
447 448
448 449
449 450
450 451
451 452
452 453
454 455
455 456
456 457
457 458
458 459
459 460
460 461
59 462
462 463
463 464
464 465
465 466
466 160
467 468
468 469
469 470
470 471
456 472
473 474
474 475
475 476
453 477
477 478
478 479
479 480
480 481
481 482
482 483
483 484
484 485
485 486
487 488
488 489
489 490
490 491
491 444
332 492
492 493
493 494
494 495
495 496
496 497
497 498
498 499
499 487
487 500
500 501
501 502
502 503
503 504
504 505
505 506
507 508
508 509
509 291
510 511
512 172
513 177
514 515
461 104
145 516
516 517
517 518
518 519
520 521
521 522
522 523
523 524
524 525
525 526
526 527
527 528
528 529
529 530
530 461
531 520
532 533
533 534
534 535
535 536
536 537
537 538
538 539
539 167
540 541
541 542
543 544
544 545
545 546
546 547
547 548
548 549
550 551
551 552
552 553
553 554
554 555
555 556
556 557
557 238
558 559
559 560
560 561
561 562
562 563
563 564
564 565
565 566
566 567
567 568
568 569
569 570
570 571
571 572
572 573
573 574
574 575
576 577
577 578
578 579
579 580
580 581
513 582
582 583
583 584
584 585
585 586
586 587
587 588
588 589
589 590
590 591
591 592
592 593
593 594
594 595
595 596
596 597
597 598
598 599
599 600
600 601
601 602
602 603
603 604
604 605
605 606
606 607
607 608
608 609
609 610
610 611
611 612
344 613
613 614
614 129
336 440
615 616
617 618
618 619
619 620
620 621
621 622
622 623
623 624
624 625
625 626
626 627
627 628
628 629
629 630
631 632
632 633
633 634
635 636
636 637
637 638
638 639
639 615
640 641
641 642
642 437
643 644
644 645
645 434
646 635
635 647
648 649
649 650
650 651
652 653
653 654
654 655
655 656
656 657
657 658
658 659
659 178
660 661
661 662
662 663
439 664
664 665
665 666
666 667
667 668
669 670
670 671
671 672
672 673
673 674
674 675
675 676
676 677
677 678
678 679
679 680
680 681
681 682
682 683
683 684
684 685
685 515
686 687
687 688
688 689
689 690
690 691
691 692
692 693
693 694
694 695
695 696
696 697
698 699
699 700
700 701
701 702
702 686
703 704
704 705
705 706
706 707
707 708
708 709
709 710
710 711
711 712
712 713
713 714
714 715
715 716
716 717
717 718
718 719
719 720
720 721
721 722
722 723
723 724
724 725
725 726
727 170
728 729
729 703
730 731
731 732
732 733
733 734
735 736
736 737
737 738
738 739
739 740
740 741
741 742
742 743
743 744
744 745
745 746
746 439
747 748
748 749
750 751
751 752
83 753
753 754
754 755
755 756
756 757
757 758
758 759
759 760
760 761
761 762
762 763
763 764
765 766
766 767
767 768
768 769
769 770
770 771
771 772
772 293
773 774
774 775
775 83
98 776
776 777
777 773
429 778
778 779
780 781
781 782
782 783
783 784
784 785
785 427
401 786
786 787
787 788
788 789
789 790
790 791
791 792
792 793
793 780
794 795
795 796
796 797
797 798
798 799
799 800
800 801
801 802
802 803
803 804
804 805
805 806
806 807
807 808
808 809
809 765
576 810
811 812
813 814
663 815
815 816
816 817
817 818
6 819
819 820
381 821
821 822
822 823
823 824
824 825
825 826
826 827
827 828
828 313
829 830
830 831
831 832
833 834
834 835
835 836
836 837
837 838
838 839
839 840
840 841
841 842
842 843
843 844
844 228
845 846
846 847
847 848
174 845
812 849
849 727
810 850
850 163
851 507
165 510
669 512
852 853
853 854
854 855
855 856
194 857
857 858
858 859
859 860
860 861
473 862
862 863
863 476
467 864
864 865
865 471
471 866
866 157
867 514
176 726
726 868
868 869
869 870
870 871
871 872
872 873
873 161
874 875
875 876
876 877
877 878
878 879
880 874
532 881
881 882
882 883
883 884
884 885
885 886
9 887
887 888
888 313
734 889
889 7
237 890
890 660
616 891
891 640
213 892
892 893
93 894
894 895
895 166
93 896
896 897
897 898
898 899
899 900
900 901
901 169
902 903
903 904
904 905
905 906
886 907
907 908
908 909
909 910
910 854
752 576
281 911
911 912
912 913
913 914
914 915
915 852
820 916
916 917
917 918
918 381
506 919
919 920
920 921
921 922
922 923
923 924
924 380
519 925
925 926
926 531
927 928
928 230
228 929
929 930
930 931
931 932
932 933
128 934
934 51
51 935
749 936
936 937
937 938
105 939
939 940
940 941
941 942
942 943
943 944
944 945
945 946
946 519
129 947
947 948
948 128
949 950
950 951
951 952
952 953
953 954
954 955
955 956
956 94
906 957
957 958
958 146
959 960
960 961
961 962
962 963
963 964
964 949
94 965
965 966
966 967
967 968
968 969
969 970
970 971
971 972
972 829
949 973
973 214
959 974
974 975
975 976
976 977
977 214
581 978
978 429
779 979
979 980
980 981
981 982
982 983
983 810
403 984
408 985
985 986
986 987
987 988
988 393
984 989
989 990
146 991
991 337
340 992
992 414
861 599
169 811
515 993
993 994
995 996
996 997
997 646
486 998
998 999
999 1000
1000 1001
1001 1002
1002 1003
1003 469
686 1004
994 995
380 1005
1005 1006
1006 1007
1007 1008
1008 1009
1009 1010
1010 794
1004 652
1011 1012
1012 1013
1013 1014
1014 1015
1015 1016
1016 1017
1017 1018
1018 1019
1019 157
1020 1021
1021 1022
1011 1023
1023 1024
1024 1025
82 1026
1026 1027
1027 1020
1022 1028
1028 1025
160 1029
1029 454
454 1030
1030 1031
1031 1032
1032 472
1033 1034
1034 959
1035 1036
1036 1037
1037 1038
1038 1039
1039 1033
225 1040
1040 1041
1041 1042
1042 1043
1043 1044
1044 1045
1045 1046
1046 1047
1048 1049
1049 1050
1050 1051
1051 1052
1052 1053
1053 1054
1054 1055
1055 1056
1056 1057
1057 1058
1058 1059
1059 652
697 227
286 1060
1060 532
933 1061
1061 1062
1063 1064
1064 1065
1065 1066
227 1067
1067 1068
1068 1069
1069 1070
1070 223
310 1071
1071 1072
1072 1073
1073 1074
1074 1075
1075 1076
178 194
902 153
1077 1078
1078 1079
1079 1080
1080 1081
1082 1083
1083 1084
1084 1085
1085 1086
1086 1087
1087 338
1088 1089
1089 1090
255 549
549 226
1091 1092
1092 1088
1093 1094
1094 1095
1095 1091
1090 1096
1096 1097
1097 1098
1098 1099
1099 255
1100 1101
1101 1102
1102 1103
1103 1104
1104 1105
1105 1106
1106 1093
703 1107
1107 867
651 1108
1108 880
647 902
361 1109
1109 89
893 648
1110 1111
1111 413
203 1110
1112 1113
1113 1114
1114 1115
1115 1116
1116 1117
1117 1118
1118 1119
1119 195
1120 1121
1121 1122
1122 1123
1123 1112
1124 1120
542 543
254 1125
1125 540
1062 1126
1126 1127
1127 1128
1128 245
229 1129
1129 1130
1130 927
263 1131
1131 1132
1132 1133
1133 550
265 1134
1134 1135
1136 1137
1137 1138
1138 1139
1139 1048
1135 1140
1140 1141
1141 1142
1142 1143
1143 1144
1144 1136
1076 1145
1145 1146
1146 1147
1147 1148
1148 1149
1149 1150
1150 558
630 1151
1151 1152
1152 1153
1153 1154
1154 1155
1155 1156
1156 1157
1157 1158
1158 1159
171 813
1160 1161
1161 1162
1162 832
1081 1163
1163 1082
1066 1164
1164 1165
1165 1166
1167 1168
10 1169
1169 1170
1170 1171
1171 60
472 473
476 467
511 851
19 1172
1172 1167
1173 1174
1175 1176
1176 1177
1177 1178
1178 1179
1179 1180
1180 1181
1181 1182
1182 20
1166 1183
1183 1184
1184 1185
1185 1175
222 1186
1186 1187
1187 1188
1188 1189
1189 1190
1190 1191
1191 1192
1192 287
764 1193
1193 1194
1194 1195
1195 1196
1196 1197
1197 1198
1199 1200
1200 475
1198 1201
1201 1202
1202 1199
1203 1204
1204 1205
1205 686
938 1206
1206 1207
1207 1203
1159 1208
1208 747
935 735
227 255
668 1209
1209 631
1174 1210
1210 1063
832 1211
1211 1035
829 1160
1160 1212
1212 1213
1213 1077
1047 1214
1214 1215
1215 1216
1216 1217
1217 1218
853 1219
1219 1220
1220 1221
1221 1222
1222 886
856 1223
1223 669
1224 389
392 1225
1225 990
313 1226
1226 1227
1227 1224
