0 0 0 24.828224923453096 67.06012872211133 50
1 -729.0226234599015 194.6512455893635 24.829982 67.052917 50
2 -642.3887246656166 216.13638919256323 24.830176 67.053774 50
3 -559.0911380623107 234.40987165870004 24.830341 67.054598 50
4 -476.8045041266378 257.0039368373951 24.830545 67.055412 50
5 293.17786229807933 526.8354747635483 24.832981 67.063029 50
6 278.7223668857349 535.6968075359788 24.833061 67.062886 50
7 240.30901627109535 572.8041717036084 24.833396 67.062506 50
8 210.58924561685578 608.6932999037466 24.83372 67.062212 50
9 206.64681872802737 614.7856131694269 24.833775 67.062173 50
10 202.6032903542693 622.2071711317726 24.833842 67.062133 50
11 188.24877837905308 650.1211134598034 24.834094 67.061991 50
12 177.53334529295066 681.1366899184884 24.834374 67.061885 50
13 161.1566320429152 761.8881328517864 24.835103 67.061723 50
14 143.16257748692473 861.1382508917683 24.835999 67.061545 50
15 136.59172476669255 902.8986445988054 24.836376 67.06148 50
16 123.6524502468163 970.1361911375316 24.836983 67.061352 50
17 113.948118583038 1015.5519987668035 24.837393 67.061256 50
18 101.81800288889485 1044.0199149908772 24.83765 67.061136 50
19 87.1608714734898 1074.481695224363 24.837925 67.060991 50
20 65.93342739267086 1116.3528187808975 24.838303 67.060781 50
21 16.60538890172134 1213.387619438916 24.839179 67.060293 50
22 -1.3870426319736566 1247.2833817224787 24.839485 67.060115 50
23 -1189.5551581450022 507.1665214880293 24.832803 67.048361 50
24 -1140.2241422187299 518.2393956869446 24.832903 67.048849 50
25 -1096.251033361611 525.9897590806486 24.832973 67.049284 50
26 -1057.1301649803759 532.9652409110062 24.833036 67.049671 50
27 -972.4189738440236 547.9130136667043 24.833171 67.050509 50
28 -886.4948290398206 564.5227850689556 24.833321 67.051359 50
29 -802.1882691944007 581.0224156124781 24.83347 67.052193 50
30 -711.7157059484098 597.1899309840418 24.833616 67.053088 50
31 -628.0161029617274 612.9152651321416 24.833758 67.053916 50
32 -548.2589590011369 630.1920494723969 24.833914 67.054705 50
33 -462.1337409787019 644.5890495729774 24.834044 67.055557 50
34 -376.514080126276 660.7589282379695 24.83419 67.056404 50
35 -220.74138015391685 691.328192928245 24.834466 67.057945 50
36 -134.31360537576478 708.3857264356914 24.83462 67.0588 50
37 -51.52509508403348 724.7791923696182 24.834768 67.059619 50
38 22.77212271709807 736.8530920122569 24.834877 67.060354 50
39 35.710942323095864 739.8439211318096 24.834904 67.060482 50
40 90.09438930372212 747.4873290653486 24.834973 67.06102 50
41 167.12059852099662 762.9959081832034 24.835113 67.061782 50
42 245.15747729185347 778.5049356632587 24.835253 67.062554 50
43 398.1982248178535 808.1949828108848 24.835521 67.064068 50
44 475.8302213803881 824.5914680813055 24.835669 67.064836 50
45 -223.47027634431592 715.8085015398975 24.834687 67.057918 50
46 -218.6177995097332 741.6179343565925 24.83492 67.057966 50
47 -211.4405702981486 756.3502902344358 24.835053 67.058037 50
48 -197.79390796313706 774.6272098160415 24.835218 67.058172 50
49 -186.2701602605565 784.7071592720786 24.835309 67.058286 50
50 -122.1822754590996 838.6516482195102 24.835796 67.05892 50
51 -92.56450662469237 868.8917499939042 24.836069 67.059213 50
52 -847.1601092095896 765.1255499679066 24.835132 67.051748 50
53 -840.2871745784363 751.9434476901843 24.835013 67.051816 50
54 -837.5582031828851 746.8478417182037 24.834967 67.051843 50
55 -835.3347397609198 740.31225128653 24.834908 67.051865 50
56 -832.1007757021248 728.0165377944434 24.834797 67.051897 50
57 -828.5638045585462 711.511530701182 24.834648 67.051932 50
58 -817.0434153224045 656.2364009276089 24.834149 67.052046 50
59 -773.9936187585356 433.6961692249442 24.83214 67.052472 50
60 -772.6800239451422 424.1698418466881 24.832054 67.052485 50
61 -745.293267067167 280.05606789010614 24.830753 67.052756 50
62 -731.2459434496311 206.50379199360228 24.830089 67.052895 50
63 -927.6636295389676 165.1982589208293 24.829716 67.050952 50
64 -938.6814544526509 177.71605476213776 24.829829 67.050843 50
65 -941.1073939632017 180.48547904257453 24.829854 67.050819 50
66 -953.2370922144569 194.11106625771552 24.829977 67.050699 50
67 -970.0164464025374 213.27550872462052 24.83015 67.050533 50
68 -976.8899728950626 220.14375638232076 24.830212 67.050465 50
69 -1021.9720475350192 265.2305624632121 24.830619 67.050019 50
70 -1072.6130485485637 318.07187590176807 24.831096 67.049518 50
71 -1093.3342005142842 341.00297127747814 24.831303 67.049313 50
72 -1110.214295283319 359.83528453343865 24.831473 67.049146 50
73 -1116.2789894263515 366.5927674074711 24.831534 67.049086 50
74 -1122.0404609287846 372.7963764099324 24.83159 67.049029 50
75 -1130.430067602007 380.5509884032586 24.83166 67.048946 50
76 -1152.1613075421799 410.57156163121584 24.831931 67.048731 50
77 -1173.8918116859313 448.1245569446323 24.83227 67.048516 50
78 -1182.4830512575109 461.30696788758894 24.832389 67.048431 50
79 -1191.1752269590227 476.0401786876487 24.832522 67.048345 50
80 -1192.4887576014735 482.90805693138896 24.832584 67.048332 50
81 -1192.0838085912096 489.88655713281116 24.832647 67.048336 50
82 -1190.566623302924 500.1880734064606 24.83274 67.048351 50
83 -1189.8577001767342 515.4743278349439 24.832878 67.048358 50
84 -1186.8244751916407 522.895683607709 24.832945 67.048388 50
85 -1182.6794298531274 528.8769294624514 24.832999 67.048429 50
86 -1177.826918081406 533.3073304868848 24.833039 67.048477 50
87 -1154.6769817331447 547.9270668671835 24.833171 67.048706 50
88 -1130.3139914358599 563.4329061752085 24.833311 67.048947 50
89 -1111.0056554777225 575.0622305887384 24.833416 67.049138 50
90 -1078.2521414435998 597.1029435062885 24.833615 67.049462 50
91 -1071.8833690776462 601.9763453721423 24.833659 67.049525 50
92 -1060.3587105873698 613.7171186985466 24.833765 67.049639 50
93 -1047.5196669646975 629.3347665848044 24.833906 67.049766 50
94 -1045.295570399003 632.2146287518149 24.833932 67.049788 50
95 -1025.6830919910562 658.0226644768643 24.834165 67.049982 50
96 -1010.8221598925782 677.2956211615984 24.834339 67.050129 50
97 -1000.6115356155585 691.5842616330727 24.834468 67.05023 50
98 -992.7262819409112 700.3345556413783 24.834547 67.050308 50
99 -984.8410066248819 709.5279359644909 24.83463 67.050386 50
100 -977.865755662759 715.1767316087372 24.834681 67.050455 50
101 -973.8221937114067 717.6133949999844 24.834703 67.050495 50
102 -970.6884423679435 719.3855009962421 24.834719 67.050526 50
103 -954.2111048416077 727.0275110025739 24.834788 67.050689 50
104 -938.1381993453806 733.5618639371324 24.834847 67.050848 50
105 -922.2675596949167 738.8777744057209 24.834895 67.051005 50
106 -916.6066542697447 741.4251170231307 24.834918 67.051061 50
107 -827.7177074894691 1334.8169173847955 24.840275 67.05194 50
108 -807.400930300626 1328.9448760229943 24.840222 67.052141 50
109 -777.0774742723216 1317.9768537889563 24.840123 67.052441 50
110 -727.4482608083098 1294.7123403783366 24.839913 67.052932 50
111 -671.0466367288166 1268.124559952632 24.839673 67.05349 50
112 -641.6325673868914 1259.2615200916848 24.839593 67.053781 50
113 -634.455899812501 1257.8211715845055 24.83958 67.053852 50
114 -627.1780945296689 1257.5992977249566 24.839578 67.053924 50
115 -619.7991186010702 1259.3712921807885 24.839594 67.053997 50
116 -611.9147113474525 1261.8078911643395 24.839616 67.054075 50
117 -603.6258918430274 1266.3491164964018 24.839657 67.054157 50
118 -595.1348877616863 1271.55496112524 24.839704 67.054241 50
119 -581.8928059318952 1283.7391515055472 24.839814 67.054372 50
120 -564.5062342493496 1301.1293983242695 24.839971 67.054544 50
121 -550.2533246789147 1315.3074473195336 24.840099 67.054685 50
122 -529.7331415768992 1338.014598491671 24.840304 67.054888 50
123 -502.3391007083706 1374.013990567575 24.840629 67.055159 50
124 -494.1512462478307 1384.6476644071845 24.840725 67.05524 50
125 -485.6602587870058 1392.6228401119788 24.840797 67.055324 50
126 -471.1043918191503 1403.6993871838608 24.840897 67.055468 50
127 -463.2199928734701 1409.1268756324148 24.840946 67.055546 50
128 -453.9205219287545 1413.44661676402 24.840985 67.055638 50
129 -433.9065847205219 1418.873728172063 24.841034 67.055836 50
130 -416.41972224633133 1421.9747637463431 24.841062 67.056009 50
131 -370.6304467145185 1430.6135580794166 24.84114 67.056462 50
132 -335.555705711177 1436.9265800119447 24.841197 67.056809 50
133 -292.6978328797291 1445.565704851341 24.841275 67.057233 50
134 -247.61625457728871 1454.9803165361432 24.84136 67.057679 50
135 -193.5386686136614 1465.5026517868102 24.841455 67.058214 50
136 -182.5209808653039 1469.2686995449508 24.841489 67.058323 50
137 -161.39525938500555 1483.3362933929611 24.841616 67.058532 50
138 -851.2031357095624 770.7750911689392 24.835183 67.051708 50
139 -847.2596758434727 789.8273638230764 24.835355 67.051747 50
140 -839.7787300066691 801.5685730358432 24.835461 67.051821 50
141 -829.6687790873586 827.1559335704861 24.835692 67.051921 50
142 -818.8513584346936 851.4140148933873 24.835911 67.052028 50
143 -794.4837033369151 963.7338315234584 24.836925 67.052269 50
144 -792.5623382384556 977.4692584753991 24.837049 67.052288 50
145 -789.6297754547401 997.7400855300194 24.837232 67.052317 50
146 -788.618511546722 1005.3831899442562 24.837301 67.052327 50
147 -776.484105712879 1085.137242341393 24.838021 67.052447 50
148 -775.978240439171 1093.2234588506708 24.838094 67.052452 50
149 -789.0144492210261 1152.0433251824634 24.838625 67.052323 50
150 -802.6569882081246 1211.6386366599131 24.839163 67.052188 50
151 833.6924045242497 410.7701772964858 24.831933 67.068376 50
152 840.0613564415657 403.0166364610072 24.831863 67.068439 50
153 846.1269794887171 396.4815542946151 24.831804 67.068499 50
154 910.7273306619719 310.0847701726617 24.831024 67.069138 50
155 915.1755429667833 304.7680865306677 24.830976 67.069182 50
156 928.2172723041809 283.83335722392235 24.830787 67.069311 50
157 931.1492553877805 277.40887322854735 24.830729 67.06934 50
158 939.2385472498563 244.28908105294522 24.83043 67.06942 50
159 944.1933400521473 222.79996825465884 24.830236 67.069469 50
160 947.732361079219 209.2862265493042 24.830114 67.069504 50
161 -477.83211897458654 -226.06546742829997 24.826184 67.055402 50
162 -463.57869197745663 -240.79840420026392 24.826051 67.055543 50
163 -427.59122240071486 -279.34763112669657 24.825703 67.055899 50
164 -303.9582292663043 -395.88125417587014 24.824651 67.057122 50
165 -270.39607784690423 -430.9961314719822 24.824334 67.057454 50
166 -135.53915062021832 -566.5809236394457 24.82311 67.058788 50
167 13.17046758526142 -709.3644342662302 24.821821 67.060259 50
168 160.7711643431674 -857.2417598655959 24.820486 67.061719 50
169 726.5082276657504 -901.5316522626467 24.820086 67.067315 50
170 673.6321778032257 -849.6938741519161 24.820554 67.066792 50
171 668.0716231836977 -844.2664037481131 24.820603 67.066737 50
172 574.0483735364525 -752.774429022184 24.821429 67.065807 50
173 538.1581082884852 -717.8832515485294 24.821744 67.065452 50
174 506.918544817275 -687.0903080753299 24.822022 67.065143 50
175 497.6175189663052 -679.2259594778047 24.822093 67.065051 50
176 489.1252433526962 -670.8077246577524 24.822169 67.064967 50
177 426.94993685166537 -608.1138282622195 24.822735 67.064352 50
178 417.54787183830297 -598.8094147423897 24.822819 67.064259 50
179 379.43428937009674 -562.3671012487896 24.823148 67.063882 50
180 325.2466267658537 -510.63877258586035 24.823615 67.063346 50
181 269.7451048882812 -456.251766998182 24.824106 67.062797 50
182 236.88925247417052 -426.01208509574985 24.824379 67.062472 50
183 175.5249461151069 -364.0924148355533 24.824938 67.061865 50
184 122.65302628428807 -312.36326106119174 24.825405 67.061342 50
185 -28.378544380571476 -169.69162739403936 24.826693 67.059848 50
186 -52.539252891552614 -144.43592496132618 24.826921 67.059609 50
187 -107.83558679835863 -84.39809028118047 24.827463 67.059062 50
188 -195.78329160884272 -5.1963371736650785 24.828178 67.058192 50
189 -198.00707504451503 8.539216129593893 24.828302 67.05817 50
190 1500.3993157994628 -870.7858372576187 24.820363 67.07497 50
191 1458.348576913166 -921.4123349386584 24.819906 67.074554 50
192 1420.4419862796701 -966.942845743741 24.819495 67.074179 50
193 1389.813098750848 -1001.94934956662 24.819179 67.073876 50
194 1322.5907533989148 -1078.941243736366 24.818484 67.073211 50
195 1255.0646140429158 -1158.7020850619763 24.817764 67.072543 50
196 1186.12204983347 -1235.4719152448372 24.817071 67.071861 50
197 1180.8654115562674 -1241.4539552674846 24.817017 67.071809 50
198 1121.1213958058142 -1309.6933601026576 24.816401 67.071218 50
199 1112.3265622562324 -1319.995696657607 24.816308 67.071131 50
200 1095.2422932716922 -1339.824921358237 24.816129 67.070962 50
201 1045.2020673777645 -1394.9923380628725 24.815631 67.070467 50
202 988.792737499423 -1459.0216384536675 24.815053 67.069909 50
203 39.75219056634583 1480.1230610008347 24.841587 67.060522 50
204 54.004390458252914 1469.5999091666627 24.841492 67.060663 50
205 63.404790721650386 1462.3998648520824 24.841427 67.060756 50
206 72.50196458523055 1454.8675138291705 24.841359 67.060846 50
207 162.05925539775583 1369.0211215380032 24.840584 67.061732 50
208 206.83828829550473 1328.1474011404448 24.840215 67.062175 50
209 250.40438063710639 1300.4554961867193 24.839965 67.062606 50
210 453.68098080761524 1184.9270540940843 24.838922 67.064617 50
211 462.2730587457837 1179.9426672837023 24.838877 67.064702 50
212 481.17567140148236 1168.4231827967365 24.838773 67.064889 50
213 576.5988106786511 1114.0385332748956 24.838282 67.065833 50
214 627.4442884263976 1085.0188866853662 24.83802 67.066336 50
215 686.6799281502867 1053.5628932301931 24.837736 67.066922 50
216 733.5835436230622 1026.4265422827286 24.837491 67.067386 50
217 773.108060754482 1003.720754820003 24.837286 67.067777 50
218 839.2183535968602 966.727283325344 24.836952 67.068431 50
219 900.8811822059478 932.1707891854595 24.83664 67.069041 50
220 936.6659813322893 912.1237200996904 24.836459 67.069395 50
221 946.7746995046268 906.4751170378693 24.836408 67.069495 50
222 969.9238605684002 891.1904027724654 24.83627 67.069724 50
223 1002.8785174134265 871.2540781548008 24.83609 67.07005 50
224 1011.9764480854997 865.7162201426542 24.83604 67.07014 50
225 1219.2550253043817 1362.9816821351126 24.840529 67.072191 50
226 1217.3353172086763 1353.78755986225 24.840446 67.072172 50
227 1206.7244605021806 1324.653982762067 24.840183 67.072067 50
228 1178.1248947309557 1252.650681685843 24.839533 67.071784 50
229 1076.8604937188024 1014.9289425968143 24.837387 67.070782 50
230 334.62395423551504 494.7130011242054 24.832691 67.063439 50
231 384.76362801047594 464.69553055308336 24.83242 67.063935 50
232 400.73566224920006 452.51124177482006 24.83231 67.064093 50
233 438.9473517615705 423.3797914199836 24.832047 67.064471 50
234 472.81284853107104 382.8389484329571 24.831681 67.064806 50
235 529.7276598846748 311.8372023687418 24.83104 67.065369 50
236 535.8943971690273 301.8681067413226 24.83095 67.06543 50
237 591.3949303243836 223.88803410851622 24.830246 67.065979 50
238 596.5506516760801 218.90358971491287 24.830201 67.06603 50
239 611.9170985113265 196.08556812430857 24.829995 67.066182 50
240 630.8219039894025 168.83691132469303 24.829749 67.066369 50
241 647.4016550763008 143.3604976698376 24.829519 67.066533 50
242 651.5468195622458 132.39442785051452 24.82942 67.066574 50
243 544.3934389762325 107.57722402363919 24.829196 67.065514 50
244 509.01518638993053 27.15660338094542 24.82847 67.065164 50
245 496.78428721696207 0.3497359480227331 24.828228 67.065043 50
246 426.02594573998414 -150.18950253345014 24.826869 67.064343 50
247 371.743248244948 -269.6014630113509 24.825791 67.063806 50
248 302.70045473005945 -407.1798504992252 24.824549 67.063123 50
249 283.594572711184 -440.7436507636702 24.824246 67.062934 50
250 1500.4572685371152 -1403.8119452472429 24.815551 67.07497 50
251 1486.911502746603 -1419.3212320886553 24.815411 67.074836 50
252 1448.2958976649948 -1464.5195572588711 24.815003 67.074454 50
253 1444.151324586818 -1469.836958299235 24.814955 67.074413 50
254 1453.9260900135853 -206.61231644914298 24.826359 67.074511 50
255 1435.3274320897397 -227.549852167224 24.82617 67.074327 50
256 1359.0116570172343 -313.0722529971833 24.825398 67.073572 50
257 1319.4889610773512 -358.9349903827562 24.824984 67.073181 50
258 1268.9479502227753 -416.54027963947317 24.824464 67.072681 50
259 1221.641233250906 -471.0435259733697 24.823972 67.072213 50
260 1173.5253821930542 -525.4359050147583 24.823481 67.071737 50
261 1168.6733564882786 -531.0856004145173 24.82343 67.071689 50
262 1099.3293626636148 -611.5105086269053 24.822704 67.071003 50
263 1031.1973613500572 -687.393389797541 24.822019 67.070329 50
264 964.3792941735098 -769.5897387804149 24.821277 67.069668 50
265 895.1338839597687 -848.1304962183888 24.820568 67.068983 50
266 830.3357035017686 -922.6829038965215 24.819895 67.068342 50
267 824.0680688567868 -928.7756412929962 24.81984 67.06828 50
268 792.4269413586397 -966.5501358119077 24.819499 67.067967 50
269 760.5834092484566 -1003.6599459541522 24.819164 67.067652 50
270 729.8516858468986 -1038.9972989926355 24.818845 67.067348 50
271 698.3110613603168 -1075.1100143205622 24.818519 67.067036 50
272 666.2648559666754 -1112.7734629301617 24.818179 67.066719 50
273 632.6009059868321 -1150.547679795183 24.817838 67.066386 50
274 599.3411712689654 -1188.4325653570604 24.817496 67.066057 50
275 572.1469260152426 -1219.8924488896926 24.817212 67.065788 50
276 563.0484112050783 -1229.419057799691 24.817126 67.065698 50
277 492.3831405448212 -1311.5024517324648 24.816385 67.064999 50
278 443.8570538513273 -1365.00608257997 24.815902 67.064519 50
279 395.7349923867617 -1418.5095275848184 24.815419 67.064043 50
280 390.6801206286292 -1423.715868346415 24.815372 67.063993 50
281 -1412.674886457941 -697.9935413445836 24.821923 67.046155 50
282 -1400.1381721221908 -688.9116596580734 24.822005 67.046279 50
283 -1357.0694100650826 -665.7649828285528 24.822214 67.046705 50
284 -1326.7392886966452 -648.4877747577534 24.82237 67.047005 50
285 -1320.1679822598358 -646.9376217379071 24.822384 67.04707 50
286 -1287.715830217119 -638.9652313986749 24.822456 67.047391 50
287 -1255.6680537703528 -630.5496468346928 24.822532 67.047708 50
288 -727.7668745675888 -912.497836972284 24.819987 67.05293 50
289 -721.7008249443085 -907.7350365375848 24.82003 67.05299 50
290 -615.2450847440992 -885.8076928426381 24.820228 67.054043 50
291 -512.934561825777 -861.9962798129166 24.820443 67.055055 50
292 -409.31018162077396 -839.5133890084056 24.820646 67.05608 50
293 -307.70803877369065 -816.1435124165604 24.820857 67.057085 50
294 -235.12087954970428 -801.3017303202294 24.820991 67.057803 50
295 -193.46926364564695 -792.6622996184568 24.821069 67.058215 50
296 -185.68493342680776 -796.0962836600208 24.821038 67.058292 50
297 -40.10687364834452 -770.398781866789 24.82127 67.059732 50
298 903.0511263496458 211.38786586510548 24.830133 67.069062 50
299 906.2867861513395 198.7602567496625 24.830019 67.069094 50
300 871.2140542172737 119.77873282745888 24.829306 67.068747 50
301 867.6764370476914 111.80304460045707 24.829234 67.068712 50
302 865.9581506641822 108.14751507634308 24.829201 67.068695 50
303 834.4221812549857 44.3418524250137 24.828625 67.068383 50
304 804.2001691583238 -20.792900646089855 24.828037 67.068084 50
305 780.0424817890789 -71.30555791358464 24.827581 67.067845 50
306 770.8443656465524 -91.35550368025831 24.8274 67.067754 50
307 743.2498030026657 -150.5083684305319 24.826866 67.067481 50
308 739.9142247561582 -158.48401039161382 24.826794 67.067448 50
309 693.3161759022912 -257.4043155436047 24.825901 67.066987 50
310 688.1609378407566 -266.3769679874723 24.82582 67.066936 50
311 646.8185926540868 -357.21060896026654 24.825 67.066527 50
312 601.0278691028335 -454.24744587233096 24.824124 67.066074 50
313 556.2473700219571 -549.5117544043565 24.823264 67.065631 50
314 524.6075206537084 -617.3043909610354 24.822652 67.065318 50
315 513.5890557915828 -639.7911664291705 24.822449 67.065209 50
316 -913.2286249211024 1379.1305198060859 24.840675 67.051094 50
317 -928.7944934298271 1385.5562492507338 24.840733 67.05094 50
318 -939.7110699585503 1386.2216118076794 24.840739 67.050832 50
319 -985.0962842235105 1381.018564344056 24.840692 67.050383 50
320 -1024.214661016385 1374.7074942946017 24.840635 67.049996 50
321 -1038.1640474356373 1369.9454050176498 24.840592 67.049858 50
322 -1055.3484777368262 1358.980428194232 24.840493 67.049688 50
323 -1067.8829244026065 1352.2243916199589 24.840432 67.049564 50
324 1385.5072276026897 599.7888745006743 24.833639 67.073835 50
325 1370.444858086823 605.990513010976 24.833695 67.073686 50
326 1343.150498465094 618.9479669246241 24.833812 67.073416 50
327 1148.7532009583342 738.6732368183627 24.834893 67.071493 50
328 966.8945725634743 845.3312236637357 24.835856 67.069694 50
329 -3.711859128287159 1406.9036870884056 24.840926 67.060092 50
330 29.03799264066828 1389.5127456314947 24.840769 67.060416 50
331 43.79567110024203 1380.9834547428468 24.840692 67.060562 50
332 440.0357684639402 1161.000186175578 24.838706 67.064482 50
333 446.9094311176046 1157.2342105848575 24.838672 67.06455 50
334 569.9284680627543 1088.4502750066322 24.838051 67.065767 50
335 769.5737977541455 938.698294977124 24.836699 67.067742 50
336 690.1257233926325 873.7826042797286 24.836113 67.066956 50
337 567.212677642819 762.1203949853841 24.835105 67.06574 50
338 559.2272883181529 755.2523019008689 24.835043 67.065661 50
339 241.11934105029005 479.092423290924 24.83255 67.062514 50
340 181.07464791327618 427.6940409362524 24.832086 67.06192 50
341 163.38457167470042 417.2814032790346 24.831992 67.061745 50
342 135.78798888629083 402.10556063958273 24.831855 67.061472 50
343 89.89455828354832 388.8127386822322 24.831735 67.061018 50
344 -1473.7568714604602 56.02622970055282 24.82873 67.04555 50
345 -1446.5631713769824 61.78340893395411 24.828782 67.045819 50
346 -1407.7441684714272 67.87176151467253 24.828837 67.046203 50
347 -1369.4306360223977 74.07104390104197 24.828893 67.046582 50
348 -1068.890051086324 95.5339279283163 24.829087 67.049555 50
349 -1042.0042501578685 43.2482681153884 24.828615 67.049821 50
350 -1020.6768622581739 9.018638836776429 24.828306 67.050032 50
351 -966.4988574430046 -79.37998740305892 24.827508 67.050568 50
352 -978.5293739035947 -89.7915496602403 24.827414 67.050449 50
353 -1007.9472618917914 -96.76796174682569 24.827351 67.050158 50
354 -1054.9542497731645 -94.3274996781473 24.827373 67.049693 50
355 -1135.9275463559811 -90.22256726856189 24.82741 67.048892 50
356 -1168.2764133236863 -88.55831056727568 24.827425 67.048572 50
357 -1196.1774098544763 -88.33437863114695 24.827427 67.048296 50
358 -1214.5758956776217 -88.2220005645691 24.827428 67.048114 50
359 -1237.6245403862715 -87.99841119669131 24.82743 67.047886 50
360 -1247.430622229366 -91.2098672660138 24.827401 67.047789 50
361 -1274.018825392801 -105.93989003706083 24.827268 67.047526 50
362 -1301.6180253866983 -121.00207689824636 24.827132 67.047253 50
363 -1322.6460423865415 -132.63096007591906 24.827027 67.047045 50
364 -1349.8409737072775 -147.58231841696428 24.826892 67.046776 50
365 -1396.0421704015257 -173.05489215319497 24.826662 67.046319 50
366 -1419.5977665651035 -186.01261450699363 24.826545 67.046086 50
367 -1425.360305438417 -189.2243592592497 24.826516 67.046029 50
368 -1439.1095180418827 -196.7553127371406 24.826448 67.045893 50
369 -1477.8298254911579 -218.12988816713676 24.826255 67.04551 50
370 -1480.7616479250903 -219.68035804165572 24.826241 67.045481 50
371 -1497.948265787982 -229.31551896845755 24.826154 67.045311 50
372 -1500.0713112499932 -230.42299130378433 24.826144 67.04529 50
373 1500.2684979417004 332.06882850850775 24.831222 67.07497 50
374 1495.9217091363744 332.2898971692463 24.831224 67.074927 50
375 1482.072274174479 336.3869062016464 24.831261 67.07479 50
376 1476.107790318249 339.3770669006948 24.831288 67.074731 50
377 1465.190057946906 342.0343920076334 24.831312 67.074623 50
378 1450.6334142133371 342.4759349617408 24.831316 67.074479 50
379 1442.142344139329 339.8165554439929 24.831292 67.074395 50
380 1405.9539689343421 330.50810740745266 24.831208 67.074037 50
381 1395.3400996288929 327.29468863462347 24.831179 67.073932 50
382 1192.0574871543872 274.8812351024162 24.830706 67.071921 50
383 966.9388335161259 214.0506851855356 24.830157 67.069694 50
384 941.8693366163734 207.73503987751903 24.8301 67.069446 50
385 894.2574591394784 195.54713114805804 24.82999 67.068975 50
386 794.5856302812361 169.7315356675525 24.829757 67.067989 50
387 1443.850035113474 442.9439650044092 24.832223 67.074412 50
388 1395.633509423812 424.6618872412999 24.832058 67.073935 50
389 -328.51459529129176 -9.292317006070771 24.828141 67.056879 50
390 -261.997185983839 -1.318276736403547 24.828213 67.057537 50
391 -32.421716473569155 33.350388714459086 24.828526 67.059808 50
392 44.204274791953644 44.427455454317766 24.828626 67.060566 50
393 271.3520913644989 77.88269726983603 24.828928 67.062813 50
394 412.6744853896229 98.37871547275304 24.829113 67.064211 50
395 514.9762913226999 112.67153048191157 24.829242 67.065223 50
396 560.6682554729636 120.9810883222184 24.829317 67.065675 50
397 633.6293345911752 670.6269108326253 24.834279 67.066397 50
398 672.347466896739 618.3451052371445 24.833807 67.06678 50
399 689.2298509584211 596.0810849257251 24.833606 67.066947 50
400 740.4836802346566 532.3907554176255 24.833031 67.067454 50
401 779.0003011796241 482.43542534950825 24.83258 67.067835 50
402 817.6183272912357 431.81558945786554 24.832123 67.068217 50
403 1366.4006789496207 613.6332705297227 24.833764 67.073646 50
404 1373.3771993693954 597.3507122643223 24.833617 67.073715 50
405 1374.5908670689842 590.9261491237824 24.833559 67.073727 50
406 1378.8405070903518 550.4953731372307 24.833194 67.073769 50
407 1380.3579938083076 538.5323208629177 24.833086 67.073784 50
408 1393.812624681467 437.7326094855735 24.832176 67.073917 50
409 1404.638488104683 343.6896486559938 24.831327 67.074024 50
410 1484.4039247360724 -664.7549360748933 24.822223 67.074812 50
411 1422.4404391720823 -739.0882963794653 24.821552 67.074199 50
412 1416.375510944805 -746.842836913286 24.821482 67.074139 50
413 781.8366868767484 -1406.7514134569483 24.815525 67.067862 50
414 800.6423378787518 -1423.9197070246273 24.81537 67.068048 50
415 803.9788324588875 -1427.02107694842 24.815342 67.068081 50
416 814.0894257019227 -1436.3251758383435 24.815258 67.068181 50
417 817.021497932011 -1438.983485860707 24.815234 67.06821 50
418 822.9867529546527 -1444.4108681162684 24.815185 67.068269 50
419 868.9900236777739 -1484.2852960987116 24.814825 67.068724 50
420 1500.3937150687234 -819.2776848250774 24.820828 67.07497 50
421 1474.0052832392976 -797.0157142092403 24.821029 67.074709 50
422 1419.9141712019318 -749.9440396941272 24.821454 67.074174 50
423 1278.0913679057319 -902.8208178889265 24.820074 67.072771 50
424 1073.995490202395 -1136.2310237814672 24.817967 67.070752 50
425 1068.6377770870886 -1142.6561103648435 24.817909 67.070699 50
426 1004.4457035971802 -1216.6554109700517 24.817241 67.070064 50
427 1270.7106732612942 -895.8429762564413 24.820137 67.072698 50
428 1407.9835592008894 -736.7636045785886 24.821573 67.074056 50
429 807.5183071718241 -1443.4148509925196 24.815194 67.068116 50
430 995.6495716152481 -1209.3452173424027 24.817307 67.069977 50
431 1059.7405344348656 -1135.0136542233727 24.817978 67.070611 50
432 1065.1993640828262 -1128.8101035926722 24.818034 67.070665 50
433 -1058.2673985656888 -1114.5212834366882 24.818163 67.049661 50
434 -1021.5708266267103 -1142.327365598815 24.817912 67.050024 50
435 -974.461893441721 -1183.4265097351974 24.817541 67.05049 50
436 -896.21611309484 -1253.9924133900904 24.816904 67.051264 50
437 -890.0493776478517 -1258.866699900855 24.81686 67.051325 50
438 -678.5591104572027 -1447.741832375406 24.815155 67.053417 50
439 1477.9330825918996 -657.5555648477807 24.822288 67.074748 50
440 1500.3738166217802 -636.2852546030335 24.82248 67.07497 50
441 -1063.0194469831454 -1120.170197460667 24.818112 67.049614 50
442 -1187.765057700449 -1009.0575187375889 24.819115 67.04838 50
443 -1222.4388101065035 -979.14653539344 24.819385 67.048037 50
444 -1252.563069803394 -949.4574180378115 24.819653 67.047739 50
445 -1280.7660124444394 -916.002225128298 24.819955 67.04746 50
446 -1304.8239474323325 -883.4335275931779 24.820249 67.047222 50
447 -1327.7692733403132 -846.3233148633662 24.820584 67.046995 50
448 -1347.0752822796046 -811.8719035574198 24.820895 67.046804 50
449 -1365.2691312659445 -777.3098036538249 24.821207 67.046624 50
450 -1425.813643983043 -663.0995627527947 24.822238 67.046025 50
451 -1485.1477814389991 -583.7818021300858 24.822954 67.045438 50
452 -1500.107733360543 -565.392320513153 24.82312 67.04529 50
453 -1500.1065771672747 -554.7583756553096 24.823216 67.04529 50
454 -1445.3206095679025 -621.6694595547413 24.822612 67.045832 50
455 -1417.9284508933051 -665.0942399492417 24.82222 67.046103 50
456 -1376.487448042459 -744.1883891523547 24.821506 67.046513 50
457 -1330.0932364168748 -833.3629749879382 24.820701 67.046972 50
458 -1303.7111642427346 -875.790487850626 24.820318 67.047233 50
459 -1273.4870398608407 -915.8921288069884 24.819956 67.047532 50
460 -1247.103514447854 -945.9132660459879 24.819685 67.047793 50
461 -1135.0964835608552 -1047.499211193569 24.818768 67.048901 50
462 -1500.105830456986 -547.890619528088 24.823278 67.04529 50
463 -1495.6583067937804 -553.5403858045421 24.823227 67.045334 50
464 -1442.2873101290716 -617.2389669495997 24.822652 67.045862 50
465 -1431.673834820054 -631.197124253145 24.822526 67.045967 50
466 -1390.8392823975937 -707.300460437458 24.821839 67.046371 50
467 -1355.7660717553201 -776.6461195236707 24.821213 67.046718 50
468 -1354.85636292315 -778.1969921312362 24.821199 67.046727 50
469 -1341.1096961543685 -802.3462453291081 24.820981 67.046863 50
470 -1305.4287237503893 -864.3809929632082 24.820421 67.047216 50
471 -1247.3049373248455 -937.3839417998295 24.819762 67.047791 50
472 -1235.5787731834587 -949.3481795425971 24.819654 67.047907 50
473 -1215.866645442156 -969.5101084973733 24.819472 67.048102 50
474 -1188.7746860363316 -993.4388335599172 24.819256 67.04837 50
475 -1083.4386561937104 -1086.7160126894164 24.818414 67.049412 50
476 -1053.313411450024 -1112.1954887088732 24.818184 67.04971 50
477 -1000.9490593069169 -1174.0091483569638 24.817626 67.050228 50
478 -1028.8509076554742 -1155.7300163135505 24.817791 67.049952 50
479 -1039.5668016634925 -1148.5291512877234 24.817856 67.049846 50
480 -1144.1960631060754 -1057.024696049863 24.818682 67.048811 50
481 -1199.4921902649673 -1007.1734106386482 24.819132 67.048264 50
482 -1201.9183244819937 -1004.8470252790225 24.819153 67.04824 50
483 -1207.983632204937 -998.7541344871472 24.819208 67.04818 50
484 -1252.8668031491684 -954.3312795570673 24.819609 67.047736 50
485 -1259.7407809635713 -947.5736709133993 24.81967 67.047668 50
486 -1302.1964952381747 -894.6215676307895 24.820148 67.047248 50
487 -1324.83844103652 -856.2929165046538 24.820494 67.047024 50
488 -1369.4141202299647 -777.9740141817025 24.821201 67.046583 50
489 -1375.17551462778 -767.339498827684 24.821297 67.046526 50
490 -1452.196495785816 -635.5150187849296 24.822487 67.045764 50
491 -1500.1093712942893 -580.4570754920896 24.822984 67.04529 50
492 -918.9765703112707 66.50129500121093 24.828825 67.051038 50
493 -926.7606256275656 64.06486822513264 24.828803 67.050961 50
494 -932.826086655815 62.73603295327521 24.828791 67.050901 50
495 -941.4187117088427 62.515076032255585 24.828789 67.050816 50
496 -557.6764979445736 219.67735580550914 24.830208 67.054612 50
497 -629.5509522778486 206.16646460431457 24.830086 67.053901 50
498 -638.9522628364701 204.39457109036124 24.83007 67.053808 50
499 -389.46424943424387 261.6535497780803 24.830587 67.056276 50
500 -472.4583075144693 239.7236098591533 24.830389 67.055455 50
501 -374.7073139321526 190.87087767010559 24.829948 67.056422 50
502 -355.8064992165148 84.19852691479116 24.828985 67.056609 50
503 -346.608507563973 38.782452016576286 24.828575 67.0567 50
504 -342.16109634593937 17.18212493179196 24.82838 67.056744 50
505 18.021627915126274 368.8737881538325 24.831555 67.060307 50
506 -38.58729686069341 352.9228951996088 24.831411 67.059747 50
507 -150.59246460136472 323.1264310662617 24.831142 67.058639 50
508 1500.3703113785782 -604.051111618234 24.822771 67.07497 50
509 1499.2575626727782 -597.5157875736 24.82283 67.074959 50
510 1493.0835061264988 -530.0573690411658 24.823439 67.074898 50
511 1492.2737367755635 -520.641984146748 24.823524 67.07489 50
512 1490.5534906654957 -505.3558733436806 24.823662 67.074873 50
513 1477.9063373434003 -407.8793928368448 24.824542 67.074748 50
514 1457.7709850298795 -238.95683991084726 24.826067 67.074549 50
515 1451.9031058106598 -195.64626897901283 24.826458 67.074491 50
516 1447.8556123924936 -159.09249152354406 24.826788 67.074451 50
517 1441.3797484186275 -101.38183400436006 24.827309 67.074387 50
518 1440.6715695805615 -96.17570283842866 24.827356 67.07438 50
519 1440.165341288242 -88.75414404986881 24.827423 67.074375 50
520 1439.35606139449 -83.43725296748622 24.827471 67.074367 50
521 1437.6350160724435 -59.40027171203796 24.827688 67.07435 50
522 1428.6302819763973 14.814915529179467 24.828358 67.074261 50
523 1427.820668594298 23.454918070970763 24.828436 67.074253 50
524 1421.8513454549447 72.19325190552559 24.828876 67.074194 50
525 1416.7923782950843 115.94701884927764 24.829271 67.074144 50
526 1413.757331261495 139.09771112468786 24.82948 67.074114 50
527 1410.72185254163 166.56844860958444 24.829728 67.074084 50
528 1409.406555369254 177.75612035918883 24.829829 67.074071 50
529 1410.9120528818235 283.65274443439534 24.830785 67.074086 50
530 1416.3763738034581 229.37582328576582 24.830295 67.07414 50
531 1436.3098369857178 46.2744894867602 24.828642 67.074337 50
532 1446.3269805442203 -42.11919179321692 24.827844 67.074436 50
533 1450.2736829760738 -81.88532488345996 24.827485 67.074475 50
534 1450.8807973855394 -87.31300692580896 24.827436 67.074481 50
535 1451.690280118285 -94.51299277675923 24.827371 67.074489 50
536 1452.1963515629595 -100.38376659960115 24.827318 67.074494 50
537 1456.0414352394168 -134.83293071745481 24.827007 67.074532 50
538 1500.3616023093678 -523.9642147923312 24.823494 67.07497 50
539 794.7871311807231 181.47320528295444 24.829863 67.067991 50
540 846.3414294953176 196.4302708164097 24.829998 67.068501 50
541 891.3250678293975 208.2855329914193 24.830105 67.068946 50
542 916.3945721759816 214.8226271681878 24.830164 67.069194 50
543 937.6227098974148 221.13796457979893 24.830221 67.069404 50
544 1037.2938492632445 247.6192174287168 24.83046 67.07039 50
545 1178.0055114697495 283.6308873042775 24.830785 67.071782 50
546 1287.5821366486384 312.21943744509923 24.831043 67.072866 50
547 1393.519157605051 340.808490910885 24.831301 67.073914 50
548 1453.159060542187 357.09789125299335 24.831448 67.074504 50
549 1462.0548077830683 356.5449793816946 24.831443 67.074592 50
550 1469.3332285008128 355.32727857214593 24.831432 67.074664 50
551 1474.5899737306208 353.44474303413926 24.831415 67.074716 50
552 1480.5544511782243 350.45458162759815 24.831388 67.074775 50
553 1490.2592981556602 346.24635221642325 24.83135 67.074871 50
554 1494.3030121466918 344.25292282563186 24.831332 67.074911 50
555 1500.0651060056769 343.2566148259717 24.831323 67.074968 50
556 1500.2672809467963 343.25663681436885 24.831323 67.07497 50
557 713.2102961213651 148.34840930724448 24.829564 67.067184 50
558 625.7694313721148 125.52547250059658 24.829358 67.066319 50
559 201.29743462172942 56.613591009839645 24.828736 67.06212 50
560 42.78905695300244 32.353483924747955 24.828517 67.060552 50
561 -31.006487432465878 21.165648217319553 24.828416 67.059822 50
562 701.6857161542216 157.09867631932073 24.829643 67.06707 50
563 770.0207993825381 174.4932678806956 24.8298 67.067746 50
564 -334.27739965526473 -36.984761522248625 24.827891 67.056822 50
565 -346.20586689180124 -29.67362547949064 24.827957 67.056704 50
566 -355.2028496592417 -27.90107143689748 24.827973 67.056615 50
567 -368.5467611587716 -28.122262028840723 24.827971 67.056483 50
568 -407.47025247208177 -155.61780855310508 24.82682 67.056098 50
569 -371.8852102548669 -119.8400015856055 24.827143 67.05645 50
570 -332.35772824680976 -80.29600581122583 24.8275 67.056841 50
571 -331.1444232634122 -71.21286835631925 24.827582 67.056853 50
572 -330.73981156450293 -60.800467407996635 24.827676 67.056857 50
573 -315.6764976827567 -24.135841368742405 24.828007 67.057006 50
574 -308.1960208983588 -32.886866692589315 24.827928 67.05708 50
575 -297.17740772368427 -43.18874915824816 24.827835 67.057189 50
576 -728.8895220630217 -1112.8810663415522 24.818178 67.052919 50
577 -730.1020317022829 -1100.2532010829352 24.818292 67.052907 50
578 -729.7976772657815 -1080.2038132191003 24.818473 67.05291 50
579 -732.6172154824409 -869.1864262171224 24.820378 67.052882 50
580 -738.782586928681 -841.0504615933876 24.820632 67.052821 50
581 -766.9817572881475 -721.306304136919 24.821713 67.052542 50
582 -811.9576487910748 -525.7942367843408 24.823478 67.052097 50
583 1434.707725682731 -101.05021860848393 24.827312 67.074321 50
584 1426.2172841903812 -112.4604421712004 24.827209 67.074237 50
585 1296.6326489854096 -259.13312292208025 24.825885 67.072955 50
586 1124.4893633870374 -457.8701252651964 24.824091 67.071252 50
587 1112.1571095398494 -471.9389497046642 24.823964 67.07113 50
588 1107.6083757721976 -477.8101400811727 24.823911 67.071085 50
589 973.0639564203826 -634.0063543162871 24.822501 67.069754 50
590 767.4504941754444 -868.1876003352154 24.820387 67.06772 50
591 762.2949046271717 -874.058707726254 24.820334 67.067669 50
592 665.1466577869696 -985.8308754461176 24.819325 67.066708 50
593 529.7834690557407 -1141.5796269799373 24.817919 67.065369 50
594 516.9445258388 -1156.2017777761798 24.817787 67.065242 50
595 505.82415798642614 -1168.8299902684887 24.817673 67.065132 50
596 498.6465089035447 -1178.4672569125062 24.817586 67.065061 50
597 414.63645766093936 -1275.17239522265 24.816713 67.06423 50
598 333.9614364377536 -1367.9999747541203 24.815875 67.063432 50
599 -896.9245992102606 -1266.1770854383371 24.816794 67.051257 50
600 -973.6649513679772 -1351.354133909106 24.816025 67.050498 50
601 -1040.8012421937763 -1430.4391167437382 24.815311 67.049834 50
602 -1059.1020590187134 -1451.705590703153 24.815119 67.049653 50
603 -683.6144365363556 -1453.7231702523443 24.815101 67.053367 50
604 -746.9003620496678 -1396.8948063102923 24.815614 67.052741 50
605 -902.9902580084721 -1261.6351130076569 24.816835 67.051197 50
606 -986.9983727967052 -1186.859493898741 24.81751 67.050366 50
607 -1024.7057311200058 -1153.847231801524 24.817808 67.049993 50
608 1413.3409906047723 -730.670693701541 24.821628 67.074109 50
609 1500.375117526385 -648.2484413662503 24.822372 67.07497 50
610 -910.3828733837504 83.00550657328431 24.828974 67.051123 50
611 -918.7732993124084 82.89529254398755 24.828973 67.05104 50
612 -927.0625317636011 84.33586166448788 24.828986 67.050958 50
613 -935.0484118014153 86.99488901702327 24.82901 67.050879 50
614 -942.4276695196077 90.87235336106727 24.829045 67.050806 50
615 -157.36518482329814 336.30818175839056 24.831261 67.058572 50
616 -166.26028742304442 386.044188102885 24.83171 67.058484 50
617 -181.52332158552332 471.66989357120985 24.832483 67.058333 50
618 -192.6419767538194 533.4799285863922 24.833041 67.058223 50
619 -194.2592260776288 542.563124600782 24.833123 67.058207 50
620 -205.27667811868793 604.5947144403777 24.833683 67.058098 50
621 -392.38230479626475 736.0832613680257 24.83487 67.056247 50
622 -754.6667066444792 786.9419555188986 24.835329 67.052663 50
623 -674.3035810188558 810.8642079482813 24.835545 67.053458 50
624 -588.6843397748403 835.5620970573135 24.835768 67.054305 50
625 -503.3688139004147 855.9404819314461 24.835952 67.055149 50
626 -411.8874856040661 874.8791936366713 24.836123 67.056054 50
627 -349.3163671824283 890.0530189700346 24.83626 67.056673 50
628 -325.25836652206397 895.8124942372967 24.836312 67.056911 50
629 -311.0055238886321 899.3568200226092 24.836344 67.057052 50
630 -257.53252255625955 893.1525725512812 24.836288 67.057581 50
631 -306.78120357220786 -52.93632782001094 24.827747 67.057094 50
632 -310.52163480784077 -56.81320559089222 24.827712 67.057057 50
633 -318.8110583183723 -57.256097801671416 24.827708 67.056975 50
634 -325.2808000855129 -55.37285118701044 24.827725 67.056911 50
635 -330.73949285434475 -47.50802808949847 24.827796 67.056857 50
636 -1420.4600873645509 -706.5220504308254 24.821846 67.046078 50
637 -1428.0428437546043 -712.5028604893434 24.821792 67.046003 50
638 -1456.8553990587316 -716.4875762765666 24.821756 67.045718 50
639 -1463.9321596726318 -717.3729889911511 24.821748 67.045648 50
640 -1497.1929154548884 -721.2463774895532 24.821713 67.045319 50
641 -1500.124726510101 -721.6891399280339 24.821709 67.04529 50
642 1155.4237154602697 751.4123939148153 24.835008 67.071559 50
643 1268.1387783091334 687.6185281919364 24.834432 67.072674 50
644 1435.8479556803732 598.7970892609595 24.83363 67.074333 50
645 1480.5303706036646 574.7646332319542 24.833413 67.074775 50
646 1500.2433497902277 563.2466404829527 24.833309 67.07497 50
647 1472.0403834349656 563.3543721990688 24.83331 67.074691 50
648 1500.2449886375637 548.1818649728443 24.833173 67.07497 50
649 1297.0515217146703 661.5901668431769 24.834197 67.07296 50
650 1352.0448669379148 630.6905002623629 24.833918 67.073504 50
651 1361.952250076483 620.38982603764 24.833825 67.073602 50
652 -821.3977974910418 -1171.2517534585534 24.817651 67.052004 50
653 -805.4232471533045 -1154.52639854048 24.817802 67.052162 50
654 -788.4379421222791 -1141.1241880146736 24.817923 67.05233 50
655 -769.7341542511589 -1130.491306910431 24.818019 67.052515 50
656 -748.5029283227518 -1119.6369973092142 24.818117 67.052725 50
657 -739.4038417166167 -1114.9851402898503 24.818159 67.052815 50
658 -735.5620467449728 -1113.7668736454452 24.81817 67.052853 50
659 -731.5181383740276 -1114.0993992316278 24.818167 67.052893 50
660 -805.0831964558912 -524.5761668023218 24.823489 67.052165 50
661 -758.9951209407229 -719.312881598543 24.821731 67.052621 50
662 -732.3123744328375 -839.9431043748793 24.820642 67.052885 50
663 -725.9447975903158 -868.0790767867697 24.820388 67.052948 50
664 -720.9015767329474 -1090.0628277481553 24.818384 67.052998 50
665 -717.3646043698375 -1118.087869131174 24.818131 67.053033 50
666 -735.158256035881 -1125.0654539055038 24.818068 67.052857 50
667 -735.6635287157497 -1120.9669301915421 24.818105 67.052852 50
668 -734.3490457812736 -1117.0900437970981 24.81814 67.052865 50
669 -730.2038272307976 -1113.4348477570295 24.818173 67.052906 50
670 -725.452167726129 -1112.5489369805755 24.818181 67.052953 50
671 -722.1159696551941 -1113.324503313102 24.818174 67.052986 50
672 -719.2853254775845 -1115.318514515323 24.818156 67.053014 50
673 -716.6570206439951 -1120.0817692147639 24.818113 67.05304 50
674 -716.454939266073 -1122.297183380373 24.818093 67.053042 50
675 -717.061689696137 -1125.3987169814782 24.818065 67.053036 50
676 -718.679399901109 -1128.0571171816225 24.818041 67.05302 50
677 -721.1058679803522 -1130.161624021731 24.818022 67.052996 50
678 -724.0377817309427 -1131.379942452608 24.818011 67.052967 50
679 -727.1718342062857 -1131.490547785997 24.81801 67.052936 50
680 -728.3850135604026 -1131.490483782851 24.81801 67.052924 50
681 -731.8222610779703 -1129.717978951389 24.818026 67.05289 50
682 -733.1364796970711 -1128.6102073462848 24.818036 67.052877 50
683 -743.4486393016351 -1131.1573696419832 24.818013 67.052775 50
684 -749.9189771856289 -1132.0431808769742 24.818005 67.052711 50
685 -760.1299831351868 -1133.4826343748387 24.817992 67.05261 50
686 -775.6995064407101 -1140.3495189198466 24.81793 67.052456 50
687 -786.517458569116 -1147.8812786407511 24.817862 67.052349 50
688 -797.0321911127298 -1156.5207491198937 24.817784 67.052245 50
689 -815.8376249435993 -1175.4613501084673 24.817613 67.052059 50
690 -848.4405362073259 -330.83635252294266 24.825238 67.051736 50
691 -895.0148725501992 120.22333802841106 24.82931 67.051275 50
692 -902.2943607094425 103.82980046432198 24.829162 67.051203 50
693 -905.6309452317529 94.0822284661691 24.829074 67.05117 50
694 -929.6867191506786 145.7028124834875 24.82954 67.050932 50
695 -901.0779901688386 154.3410016472617 24.829618 67.051215 50
696 -10.383128113025549 1393.1681460785794 24.840802 67.060026 50
697 -25.646229673773263 1363.48166754327 24.840534 67.059875 50
698 -29.89162211701111 1348.416886216421 24.840398 67.059833 50
699 -31.104611119695733 1336.1213620666185 24.840287 67.059821 50
700 -29.68951915797666 1321.8319631239574 24.840158 67.059835 50
701 -7.654038521867562 1277.1914192023803 24.839755 67.060053 50
702 5.688615036250468 1251.1603503220563 24.83952 67.060185 50
703 25.500526303042818 1212.833780540975 24.839174 67.060381 50
704 76.85028040980364 1113.1405312994073 24.838274 67.060889 50
705 94.74200258804717 1078.4694823993095 24.837961 67.061066 50
706 109.39915003012317 1047.5646281837567 24.837682 67.061211 50
707 120.9227986840852 1017.3243856625173 24.837409 67.061325 50
708 131.23364715952715 972.1301295294684 24.837001 67.061427 50
709 150.03624948228725 862.7998806869437 24.836014 67.061613 50
710 185.01362318669698 682.0229516303591 24.834382 67.061959 50
711 195.02143985166845 653.5550906228129 24.834125 67.062058 50
712 207.55642636159104 625.5303573109419 24.833872 67.062182 50
713 245.86868146211594 575.7950707900108 24.833423 67.062561 50
714 283.068976652129 540.1277123123651 24.833101 67.062929 50
715 27.117294642955216 1481.8953588526015 24.841603 67.060397 50
716 27.218368740762884 1484.443081248899 24.841626 67.060398 50
717 28.12807528524752 1487.101575809449 24.84165 67.060407 50
718 30.250732251549948 1488.8739087960003 24.841666 67.060428 50
719 32.77770676355999 1489.8708493491695 24.841675 67.060453 50
720 34.293892508506815 1489.9816235672743 24.841676 67.060468 50
721 37.73058412823843 1488.7631566987384 24.841665 67.060502 50
722 39.448933494190214 1486.9908330120597 24.841649 67.060519 50
723 40.4597308881047 1484.7754253271996 24.841629 67.060529 50
724 40.560817163275544 1482.3384739566181 24.841607 67.06053 50
725 38.3370881578482 1478.1291874594142 24.841569 67.060508 50
726 35.911191922222145 1476.7999345750663 24.841557 67.060484 50
727 33.08097613165512 1476.4676159078465 24.841554 67.060456 50
728 30.452915850355225 1477.3537740907673 24.841562 67.06043 50
729 28.330249625803816 1479.236868571916 24.841579 67.060409 50
730 -11.191751940515644 1410.8914298738284 24.840962 67.060018 50
731 6.1939334771383585 1441.7964026194181 24.841241 67.06019 50
732 25.500041324279977 1475.0275829270513 24.841541 67.060381 50
733 -638.3590142917695 -82.61141554870139 24.827479 67.053814 50
734 -643.1100966437236 -78.8450038344638 24.827513 67.053767 50
735 -694.6645062008753 -43.506769612526504 24.827832 67.053257 50
736 -838.0045461064764 55.52987411896346 24.828726 67.051839 50
737 -852.8642214770346 63.50624958441505 24.828798 67.051692 50
738 -866.6118816263536 71.70411191638685 24.828872 67.051556 50
739 -888.6489421067433 78.57327542786878 24.828934 67.051338 50
740 -484.3022020821235 -232.2683788239254 24.826128 67.055338 50
741 -442.14562121656127 -190.28784827026067 24.826507 67.055755 50
742 -420.20409058050444 -35.985478595499856 24.8279 67.055972 50
743 -253.30366778292114 -13.392405521774528 24.828104 67.057623 50
744 -276.75677478271666 -23.693595822883985 24.828011 67.057391 50
745 -287.7757989813963 -33.108848486855244 24.827926 67.057282 50
746 -336.19784462475303 -25.907681773143516 24.827991 67.056803 50
747 -338.9269147556119 -11.064390433857856 24.828125 67.056776 50
748 -333.16456135454246 -1.9813634207642394 24.828207 67.056833 50
749 -562.0382376195993 -146.97229211744167 24.826898 67.054569 50
750 -627.7444363481969 -81.17188847492716 24.827492 67.053919 50
751 -634.8202929353208 -70.64838378206896 24.827587 67.053849 50
752 -687.1834537034347 -36.08553224004019 24.827899 67.053331 50
753 -572.548099374877 -60.01715777044612 24.827683 67.054465 50
754 -621.5771220944947 -63.67045635826028 24.82765 67.05398 50
755 -627.2382581253878 -65.22098466584086 24.827636 67.053924 50
756 -632.8994716619212 -68.43306553351273 24.827607 67.053868 50
757 -541.5130550370778 -52.81833975349275 24.827748 67.054772 50
758 -492.5850716446754 -46.063183731633934 24.827809 67.055256 50
759 -582.0500902253217 -47.942794365165206 24.827792 67.054371 50
760 -663.7307121278544 -40.18518287769762 24.827862 67.053563 50
761 -624.1035966478402 -46.27940083301218 24.827807 67.053955 50
762 -596.4049329300618 -48.2744921626798 24.827789 67.054229 50
763 -1500.040787658788 50.26900514847809 24.828678 67.04529 50
764 -1487.7075674919188 52.92615767501459 24.828702 67.045412 50
765 -1202.8333476288049 95.65572797695845 24.829088 67.04823 50
766 -1181.2000126147705 98.3123468456847 24.829112 67.048444 50
767 -1155.3208540110763 101.9655765210775 24.829145 67.0487 50
768 -1129.7449948867675 105.39733890336022 24.829176 67.048953 50
769 -1099.6200289371066 110.15802951923591 24.829219 67.049251 50
770 -1075.2573291432382 112.81459727514184 24.829243 67.049492 50
771 -1046.3454088602427 118.35089135194755 24.829293 67.049778 50
772 -950.9158506703251 139.05803839588458 24.82948 67.050722 50
773 -1040.1803925789495 99.51946560792977 24.829123 67.049839 50
774 -858.3477305229823 -333.0511454139962 24.825218 67.051638 50
775 -901.7039074506214 -142.19114683254668 24.826941 67.051209 50
776 -891.3924362325416 -139.31178880790858 24.826967 67.051311 50
777 -906.3495096799073 -72.40554026638578 24.827571 67.051163 50
778 -928.5811243580002 50.883319857839 24.828684 67.050943 50
779 -930.1995293081818 36.48328457002295 24.828554 67.050927 50
780 -916.2564982738411 -74.17721096131788 24.827555 67.051065 50
781 -849.219535897065 152.23307470419343 24.829599 67.051728 50
782 -890.1611013051509 143.374027669832 24.829519 67.051323 50
783 -950.1078637820387 128.5347991774837 24.829385 67.05073 50
784 -726.3948867098229 183.90638200463894 24.829885 67.052943 50
785 -775.4228837994976 183.79828066256732 24.829884 67.052458 50
786 -898.3490166789602 147.80537268105383 24.829559 67.051242 50
787 -893.5983476560712 139.94036894027198 24.829488 67.051289 50
788 -892.3856885989408 133.62638028788302 24.829431 67.051301 50
789 -927.2602052733747 151.35193725651973 24.829591 67.050956 50
790 -925.844715596003 155.00726391062517 24.829624 67.05097 50
791 -925.44015208727 158.10880673261087 24.829652 67.050974 50
792 -945.3561243859342 136.6207084591113 24.829458 67.050777 50
793 -942.2225171214405 134.40508698695538 24.829438 67.050808 50
794 -940.9084960919809 132.41113093696887 24.82942 67.050821 50
795 -940.2010768331661 129.42028317801245 24.829393 67.050828 50
796 -940.2012127435638 127.42641684484015 24.829375 67.050828 50
797 -941.5156275311764 123.66031453398864 24.829341 67.050815 50
798 -943.3353976750682 121.22349113214669 24.829319 67.050797 50
799 -946.2671259600467 119.11905526678923 24.8293 67.050768 50
800 -950.108672577161 116.79314196699147 24.829279 67.05073 50
801 -960.1167357112192 113.35995408240437 24.829248 67.050631 50
802 -970.4279934395613 111.03449830024188 24.829227 67.050529 50
803 -1023.3993783682638 102.1766987363307 24.829147 67.050005 50
804 -1103.6650763257478 91.65970433722529 24.829052 67.049211 50
805 -1180.9991903299956 82.47216997115582 24.828969 67.048446 50
806 -1218.2003670799982 79.26306519833904 24.82894 67.048078 50
807 -1239.1259240238576 78.71107738562266 24.828935 67.047871 50
808 -1259.0404267098904 79.9313545317201 24.828946 67.047674 50
809 -882.4808012374558 104.93622211641728 24.829172 67.051399 50
810 -863.9827993060347 83.77791465434095 24.828981 67.051582 50
811 -833.8593777248902 63.72662830244865 24.8288 67.05188 50
812 -761.1786889859434 15.205017022693283 24.828362 67.052599 50
813 1367.417442999373 554.038889051495 24.833226 67.073656 50
814 1363.2703467177605 580.0695250997842 24.833461 67.073615 50
815 1391.7987923256496 359.41774141446115 24.831469 67.073897 50
816 1383.907320807226 425.7684096792286 24.832068 67.073819 50
817 1382.7943434867511 435.95917419926934 24.83216 67.073808 50
818 1377.0274413671953 485.58373504218406 24.832608 67.073751 50
819 1369.3390325012158 544.4020541446365 24.833139 67.073675 50
820 -51.4262870661404 114.21279817326692 24.829256 67.05962 50
821 15.797973302779617 136.92063345455557 24.829461 67.060285 50
822 142.9674963298473 177.57408594115805 24.829828 67.061543 50
823 296.31788898572563 230.9678423947367 24.83031 67.06306 50
824 314.91799140292335 237.28216537946093 24.830367 67.063244 50
825 351.0061584881966 250.5754806075024 24.830487 67.063601 50
826 374.0540230195841 259.21617514224704 24.830565 67.063829 50
827 486.15937498447596 297.21390839941745 24.830908 67.064938 50
828 519.0125300301668 307.4059799743042 24.831 67.065263 50
829 561.9742762705716 320.7001086361303 24.83112 67.065688 50
830 570.0611774828482 323.3589295531263 24.831144 67.065768 50
831 586.8414300436795 330.2273967294828 24.831206 67.065934 50
832 637.586667530428 345.848272607662 24.831347 67.066436 50
833 685.8045459489784 362.6876837980452 24.831499 67.066913 50
834 826.3131944985192 408.4435550783783 24.831912 67.068303 50
835 885.852139640972 428.60746147209113 24.832094 67.068892 50
836 957.8242515001564 453.42483972647517 24.832318 67.069604 50
837 1029.3918740362612 476.6917784993458 24.832528 67.070312 50
838 1100.8586284361188 494.1990203453152 24.832686 67.071019 50
839 1225.4955678810895 522.8990652069332 24.832945 67.072252 50
840 1230.6509024845473 523.5641466358493 24.832951 67.072303 50
841 1243.7919221895056 525.5591926391331 24.832969 67.072433 50
842 1295.5468580846848 537.9702421439517 24.833081 67.072945 50
843 1301.0053999846177 539.0784599918135 24.833091 67.072999 50
844 1327.8936670082867 545.5057059776015 24.833149 67.073265 50
845 628.5949679028998 234.30209357067406 24.83034 67.066347 50
846 654.0688972166458 240.94949998226838 24.8304 67.066599 50
847 679.441670138906 248.48311145455878 24.830468 67.06685 50
848 708.2513713405791 256.79233829926466 24.830543 67.067135 50
849 1350.347316198484 417.23576324804674 24.831991 67.073487 50
850 1325.3795259535755 410.1440365604898 24.831927 67.07324 50
851 1275.9490885946768 398.2869438291268 24.83182 67.072751 50
852 1151.5135892320877 366.15258233815524 24.83153 67.07152 50
853 1118.0544098791013 357.28819898785554 24.83145 67.071189 50
854 1101.577522567838 352.85605796450443 24.83141 67.071026 50
855 1023.4384157226493 333.24368151315423 24.831233 67.070253 50
856 906.7853831242312 302.8844360251524 24.830959 67.069099 50
857 869.4847716164762 290.5865227309206 24.830848 67.06873 50
858 818.031846388213 277.18016020394816 24.830727 67.068221 50
859 772.7450435313372 266.43282277873124 24.83063 67.067773 50
860 713.306063120275 251.25408031721304 24.830493 67.067185 50
861 651.6431514402841 233.0846891361211 24.830329 67.066575 50
862 852.0974408984093 294.1300896422076 24.83088 67.068558 50
863 868.1700855876738 299.2265291307361 24.830926 67.068717 50
864 902.1349834955258 308.4226498882352 24.831009 67.069053 50
865 932.1576269516966 314.51701684126704 24.831064 67.06935 50
866 951.5659730223349 321.6076462628623 24.831128 67.069542 50
867 994.1231152468642 332.0230633822641 24.831222 67.069963 50
868 1017.1706529333453 337.7848034654505 24.831274 67.070191 50
869 1097.3311289952148 361.93889089013305 24.831492 67.070984 50
870 1114.6166604817693 366.9249441309572 24.831537 67.071155 50
871 1274.6340660396781 407.9238460973787 24.831907 67.072738 50
872 1324.165535625973 420.002484736792 24.832016 67.073228 50
873 1354.2885969441868 428.534729614869 24.832093 67.073526 50
874 145.8991983429931 165.2786069201248 24.829717 67.061572 50
875 78.0687554628964 142.7916740730384 24.829514 67.060901 50
876 19.53828492862797 123.40665526279902 24.829339 67.060322 50
877 -16.752711543849827 111.1111426822524 24.829228 67.059963 50
878 -31.51173466307596 109.56038360797264 24.829214 67.059817 50
879 -38.992330083251886 111.1111876210608 24.829228 67.059743 50
880 -144.22644172527154 84.3054623058452 24.828986 67.058702 50
881 1335.5770174798415 537.0878968352735 24.833073 67.073341 50
882 1307.2734902549782 531.1035833567025 24.833019 67.073061 50
883 1297.5694336022887 528.8872589423075 24.832999 67.072965 50
884 1247.0274898473692 516.5870820007784 24.832888 67.072465 50
885 1243.48956269117 515.5898289617791 24.832879 67.07243 50
886 1228.6301959361015 512.154614856411 24.832848 67.072283 50
887 1160.9037338933967 496.53012171076807 24.832707 67.071613 50
888 1123.401447456397 487.3330730888337 24.832624 67.071242 50
889 1083.3718879638805 478.91132059867175 24.832548 67.070846 50
890 1028.5839917125 465.83621923142385 24.83243 67.070304 50
891 1019.5874176588085 464.0632249304126 24.832414 67.070215 50
892 897.7807769901879 422.6266315603913 24.83204 67.06901 50
893 832.7832370828287 400.57924657257473 24.831841 67.068367 50
894 786.1830592208448 383.85018330284026 24.83169 67.067906 50
895 646.7859998827167 337.87323349848043 24.831275 67.066527 50
896 617.7743203624855 328.12411024465854 24.831187 67.06624 50
897 596.6473075747813 321.36618712572306 24.831126 67.066031 50
898 573.1952849824922 313.94357734804197 24.831059 67.065799 50
899 568.3431489842319 312.17105054161834 24.831043 67.065751 50
900 524.4716047623225 298.5445564325996 24.83092 67.065317 50
901 384.0619968123549 250.13327991556253 24.830483 67.063928 50
902 320.3769910652779 227.20218779227142 24.830276 67.063298 50
903 301.87795622669415 221.33094119082148 24.830223 67.063115 50
904 496.14815814078605 822.8198568629621 24.835653 67.065037 50
905 514.5457485358907 814.5127476427383 24.835578 67.065219 50
906 533.0447706055553 797.7871134159643 24.835427 67.065402 50
907 558.2156142206983 775.7447916918213 24.835228 67.065651 50
908 1396.2508186830646 318.1008393761439 24.831096 67.073941 50
909 248.18153183901902 1249.2794835140908 24.839503 67.062584 50
910 61.08045192926872 1353.0693506235325 24.84044 67.060733 50
911 13.269495791238256 1438.805603443786 24.841214 67.06026 50
912 -57.68829087773938 1434.4856672577037 24.841175 67.059558 50
913 -17.761924722058325 1414.2145524037046 24.840992 67.059953 50
914 -18.065185362538244 1397.598974757067 24.840842 67.05995 50
915 -29.992580763099824 1404.2452267141855 24.840902 67.059832 50
916 -81.44197841676711 1432.6026881596536 24.841158 67.059323 50
917 -38.3823395410827 1352.5154162150259 24.840435 67.059749 50
918 -33.227218065638965 1368.1340453546604 24.840576 67.0598 50
919 -32.92412553172716 1306.434869808 24.840019 67.059803 50
920 -38.685676123949065 1318.1765586225392 24.840125 67.059746 50
921 -40.60617558254023 1327.259745917538 24.840207 67.059727 50
922 -41.0104666373295 1337.3398635886788 24.840298 67.059723 50
923 30.655086733214432 1471.7044775506606 24.841511 67.060432 50
924 731.2640986457465 923.6314283489163 24.836563 67.067363 50
925 761.3854787864684 949.3318047152677 24.836795 67.067661 50
926 635.0366034054175 842.6534618142268 24.835832 67.066411 50
927 689.5184962595796 888.2935031022228 24.836244 67.06695 50
928 707.6059810652932 1014.1296629250685 24.83738 67.067129 50
929 728.2279514907545 992.7520359908323 24.837187 67.067333 50
930 762.9003513793424 974.144472012791 24.837019 67.067676 50
931 772.5036501941361 966.5018445379069 24.83695 67.067771 50
932 776.345174775025 959.8558324670249 24.83689 67.067809 50
933 777.5585075288084 953.874295874645 24.836836 67.067821 50
934 852.1589025176053 935.3800362621389 24.836669 67.068559 50
935 958.7050525393742 870.2540030127952 24.836081 67.069613 50
936 1061.4106637741017 809.6700898193443 24.835534 67.070629 50
937 1500.255243293986 453.9162537800952 24.832322 67.07497 50
938 1470.940714455262 448.26380632671646 24.832271 67.07468 50
939 -910.2223608791443 -548.4960066860591 24.823273 67.051125 50
940 -1014.0476978316751 -572.8582222144443 24.823053 67.050098 50
941 -1109.8868038567612 -595.4479763860963 24.822849 67.04915 50
942 -1181.7663296934873 -612.2790843830245 24.822697 67.048439 50
943 -1215.3304367301864 -620.6947073083886 24.822621 67.048107 50
944 -703.9882275020261 -502.31687309672054 24.82369 67.053165 50
945 -600.7705196734815 -477.73075483595244 24.823912 67.054186 50
946 -495.43030361666126 -455.4701156622811 24.824113 67.055228 50
947 -401.0085051817574 -433.76220976767354 24.824309 67.056162 50
948 -375.73507140779157 -428.55671830709434 24.824356 67.056412 50
949 -326.30028464819355 -418.14557011328645 24.82445 67.056901 50
950 -310.52945164693125 -404.0781086247241 24.824577 67.057057 50
951 153.39122768476759 -865.438840087584 24.820412 67.061646 50
952 6.093808224928196 -717.893747595765 24.821744 67.060189 50
953 327.1795972576978 -1024.7233711073097 24.818974 67.063365 50
954 455.2742271606362 -1149.0038892796704 24.817852 67.064632 50
955 473.5736320240484 -1166.2834210336546 24.817696 67.064813 50
956 476.50556985001003 -1168.6094937880134 24.817675 67.064842 50
957 478.72976488750714 -1169.3848080178873 24.817668 67.064864 50
958 480.75174375524796 -1169.606278055223 24.817666 67.064884 50
959 484.8968002456712 -1170.0492136853452 24.817662 67.064925 50
960 488.13195032275326 -1169.9383294133443 24.817663 67.064957 50
961 490.96268245972385 -1169.16283772171 24.81767 67.064985 50
962 493.3890359192742 -1168.8304406244574 24.817673 67.065009 50
963 496.0175784004059 -1168.2764954781442 24.817678 67.065035 50
964 498.6461326790013 -1168.0548603605077 24.81768 67.065061 50
965 501.98238878280927 -1168.1655095398319 24.817679 67.065094 50
966 517.4508321957318 -1177.912713501889 24.817591 67.065247 50
967 529.5830236400607 -1187.21694778647 24.817507 67.065367 50
968 546.5681296691489 -1200.5087060921542 24.817387 67.065535 50
969 564.4631674157329 -1214.0219464081247 24.817265 67.065712 50
970 742.0012706153525 -1371.4179367891495 24.815844 67.067468 50
971 748.0675610230013 -1376.7345763095627 24.815796 67.067528 50
972 320.10295226921664 -1032.4774508499731 24.818904 67.063295 50
973 951.7313461997352 854.8564275705269 24.835942 67.069544 50
974 927.8746932114051 868.1472559941524 24.836062 67.069308 50
975 855.5972961611565 910.1245848383045 24.836441 67.068593 50
976 803.0321775600964 940.915611555728 24.836719 67.068073 50
977 -307.58206404672086 299.64571858624686 24.83093 67.057086 50
978 -45.76445358074472 367.6553780766012 24.831544 67.059676 50
979 13.978121881425182 383.2739335182914 24.831685 67.060267 50
980 79.58360290552547 400.443566025041 24.83184 67.060916 50
981 123.05091184323351 414.40095434492986 24.831966 67.061346 50
982 150.2431559874816 427.80444104228786 24.832087 67.061615 50
983 169.95494236190166 439.98941303402717 24.832197 67.06181 50
984 200.17948947843544 467.23933580862575 24.832443 67.062109 50
985 228.38223753312485 491.60926166485626 24.832663 67.062388 50
986 244.4547353725647 505.0127556990326 24.832784 67.062547 50
987 290.3470379254349 546.4417768062672 24.833158 67.063001 50
988 317.23534662306974 570.9226294531093 24.833379 67.063267 50
989 338.6650693676208 589.9756498543376 24.833551 67.063479 50
990 498.98205631692554 724.7881217505206 24.834768 67.065065 50
991 598.8499069759897 812.5222822505589 24.83556 67.066053 50
992 776.0427363878628 945.4556554816029 24.83676 67.067806 50
993 757.5434959637964 964.3963759748777 24.836931 67.067623 50
994 696.2854564580684 999.8396963811107 24.837251 67.067017 50
995 658.2774031367785 1020.2195962915366 24.837435 67.066641 50
996 439.2276847784311 1143.1661119703392 24.838545 67.064474 50
997 -905.5471071011168 1370.7114540835494 24.840599 67.05117 50
998 -885.6353336745167 1355.534600600506 24.840462 67.051367 50
999 -859.7594897082458 1345.1205351043805 24.840368 67.051623 50
1000 -854.8066870447418 1343.1263580354127 24.84035 67.051672 50
1001 -840.4536578804352 1337.3654093386763 24.840298 67.051814 50
1002 -1060.9077086990385 1361.1962649790312 24.840513 67.049633 50
1003 -1052.2141683802956 1369.8356992142087 24.840591 67.049719 50
1004 -1049.3837190768747 1372.604746474552 24.840616 67.049747 50
1005 -1033.8162723758255 1387.7791316914588 24.840753 67.049901 50
1006 -1021.5845230002516 1402.5106993326801 24.840886 67.050022 50
1007 -1013.2952216624333 1412.9225168027024 24.84098 67.050104 50
1008 -1004.3989954947788 1429.648214996001 24.841131 67.050192 50
1009 -991.7624073625856 1452.5767992565732 24.841338 67.050317 50
1010 -981.6535346840873 1465.7577688363867 24.841457 67.050417 50
1011 -974.3763067340037 1459.000250609313 24.841396 67.050489 50
1012 -967.402371862744 1451.3565933340733 24.841327 67.050558 50
1013 -958.9124230964205 1441.0543415648565 24.841234 67.050642 50
1014 -940.1132439626365 1417.6804668970458 24.841023 67.050828 50
1015 -923.84089874593 1395.7468042665232 24.840825 67.050989 50
1016 -917.9788039065731 1387.7709355154477 24.840753 67.051047 50
1017 -1212.7333426320629 1321.8852470465474 24.840158 67.048131 50
1018 -1198.076747567049 1321.3301135780694 24.840153 67.048276 50
1019 -1181.70181459677 1320.4425368273546 24.840145 67.048438 50
1020 -1162.900942605444 1319.665545273574 24.840138 67.048624 50
1021 -1146.0206406097416 1318.3348862493524 24.840126 67.048791 50
1022 -1133.1834849691556 1317.7799730390302 24.840121 67.048918 50
1023 -1114.8878380623528 1319.1077281296848 24.840133 67.049099 50
1024 -1073.5439434496236 1345.3570592688798 24.84037 67.049508 50
1025 -1084.5624353478884 1335.7208867434742 24.840283 67.049399 50
1026 -1103.0611217284384 1323.0945155599502 24.840169 67.049216 50
1027 1439.660708905331 -96.61888966864716 24.827352 67.07437 50
1028 46.329586065031535 -678.6810058687786 24.822098 67.060587 50
1029 84.64435335940972 -642.2374130378489 24.822427 67.060966 50
1030 119.82499288154355 -606.0152802483528 24.822754 67.061314 50
1031 159.35245966309478 -566.5806691039224 24.82311 67.061705 50
1032 194.431602193279 -529.3614114876019 24.823446 67.062052 50
1033 231.33024945972778 -492.69588392397895 24.823777 67.062417 50
1034 -268.87995696047443 -445.17475644878726 24.824206 67.057469 50
1035 -431.83724396259873 -284.3321622286512 24.825658 67.055857 50
1036 -472.27269657418185 -244.12121835573993 24.826021 67.055457 50
1037 -569.9235741790917 -152.62125463725127 24.826847 67.054491 50
1038 -31.00824536549247 -760.9833356224839 24.821355 67.059822 50
1039 2.2519168781266785 947.095380980301 24.836775 67.060151 50
1040 18.02085534266473 960.0555365318736 24.836892 67.060307 50
1041 19.334932172369832 961.1632429331182 24.836902 67.06032 50
1042 50.06404549197896 989.1882476468289 24.837155 67.060624 50
1043 76.64864940659945 1017.3240685666708 24.837409 67.060887 50
1044 -1499.8892104562062 1443.7610546909573 24.841258 67.04529 50
1045 -1488.468374091718 1433.2366175452548 24.841163 67.045403 50
1046 -1483.2126463099285 1429.4698535290167 24.841129 67.045455 50
1047 -1478.866560182025 1426.3678121788066 24.841101 67.045498 50
1048 -1467.8494338499122 1421.271191221123 24.841055 67.045607 50
1049 -1461.2794615151658 1419.3873946944868 24.841038 67.045672 50
1050 -1452.2836704321155 1416.6171814823033 24.841013 67.045761 50
1051 -1429.7434475160915 1411.5193825046263 24.840967 67.045984 50
1052 -1417.8163575887868 1408.5273472064832 24.84094 67.046102 50
1053 -1390.4244059987468 1402.2106389250139 24.840883 67.046373 50
1054 -1368.9962998159535 1394.2330179655462 24.840811 67.046585 50
1055 -1343.9298242238087 1380.8273199982618 24.84069 67.046833 50
1056 -1316.942865201595 1366.5353201702337 24.840561 67.0471 50
1057 -1253.9728245516606 1335.9567896151154 24.840285 67.047723 50
1058 -1237.1942478545054 1327.758256545168 24.840211 67.047889 50
1059 -982.3603079254219 1476.7241015323948 24.841556 67.05041 50
1060 1426.1813011052966 -742.3002469656709 24.821523 67.074236 50
1061 1500.392474463757 -807.8683516951186 24.820931 67.07497 50
1062 1486.714735489365 -531.3873000883561 24.823427 67.074835 50
1063 1482.3680556605038 -534.7108757910354 24.823397 67.074792 50
1064 1477.9203984619753 -539.1421635606267 24.823357 67.074748 50
1065 1357.3292026247873 -680.1650890992883 24.822084 67.073555 50
1066 1351.5674728458182 -687.1441801616377 24.822021 67.073498 50
1067 1213.1821482356481 -843.6753828881001 24.820608 67.072129 50
1068 1143.3313305678607 -923.7682153173434 24.819885 67.071438 50
1069 1074.1872364969745 -1001.9775376859664 24.819179 67.070754 50
1070 1008.5806635133833 -1078.5246948659794 24.818488 67.070105 50
1071 1002.515305067928 -1085.6144290764355 24.818424 67.070045 50
1072 937.9186430824702 -1158.0626722200698 24.81777 67.069406 50
1073 843.90368007135 -1266.2912009987087 24.816793 67.068476 50
1074 739.4745768322023 -1386.4828126006355 24.815708 67.067443 50
1075 548.5641411344743 -547.4074271197134 24.823283 67.065555 50
1076 639.9440847317177 -352.6693478135155 24.825041 67.066459 50
1077 682.398483509359 -262.0572125750109 24.825859 67.066879 50
1078 734.0507258458748 -154.49659235612796 24.82683 67.06739 50
1079 737.8917440550246 -146.18861380008423 24.826905 67.067428 50
1080 775.189931824137 -67.65041071897724 24.827614 67.067797 50
1081 860.8022767624444 113.35339880673703 24.829248 67.068644 50
1082 863.733466960476 119.66749202986473 24.829305 67.068673 50
1083 892.9441971577187 181.81152138692727 24.829866 67.068962 50
1084 894.4601678262974 187.3501375979303 24.829916 67.068977 50
1085 926.1964216482543 270.3192359822166 24.830665 67.069291 50
1086 809.0261422056615 428.4919710529307 24.832093 67.068132 50
1087 773.5419371660471 477.00736861260236 24.832531 67.067781 50
1088 734.4187863809696 527.2949925064246 24.832985 67.067394 50
1089 683.7714471705456 591.6499966966156 24.833566 67.066893 50
1090 666.4847459551448 613.470922363119 24.833763 67.066722 50
1091 626.8568864213672 665.0880801954693 24.834229 67.06633 50
1092 1487.603112714812 605.0057172289523 24.833686 67.074845 50
1093 1500.238577803124 607.1117236586807 24.833705 67.07497 50
1094 471.4700061086818 1222.478848166807 24.839261 67.064793 50
1095 477.43329194026256 1236.7684474611538 24.83939 67.064852 50
1096 488.04553410603006 1272.215379090913 24.83971 67.064957 50
1097 507.2480561476476 1348.426181374466 24.840398 67.065147 50
1098 526.6524021503344 1427.8493700922218 24.841115 67.065339 50
1099 1067.2573772169446 1018.4728512221919 24.837419 67.070687 50
1100 1070.39039366606 1025.4516336457675 24.837482 67.070718 50
1101 1120.5178201219203 1142.0969288678689 24.838535 67.071214 50
1102 1168.3197843640567 1255.8621921735394 24.839562 67.071687 50
1103 1211.8765166255403 1359.214834344767 24.840495 67.072118 50
1104 1212.5838137325622 1362.2057004083883 24.840522 67.072125 50
1105 1212.8868295938096 1364.7534489011969 24.840545 67.072128 50
1106 1212.684484492428 1366.8580709030552 24.840564 67.072126 50
1107 1211.8750949689188 1375.3873295079347 24.840641 67.072118 50
1108 1210.4576420320668 1401.9721294637807 24.840881 67.072104 50
1109 1210.8613576538194 1408.8399371791106 24.840943 67.072108 50
1110 1212.1747698800223 1415.9293659269072 24.841007 67.072121 50
1111 1213.9935785370662 1423.0188393327187 24.841071 67.072139 50
1112 1236.1243099945457 1486.4923170080554 24.841644 67.072358 50
1113 1236.1239623500528 1490.3692855762283 24.841679 67.072358 50
1114 1235.0118644157253 1492.9169081835828 24.841702 67.072347 50
1115 1232.9901250203825 1494.6890558118603 24.841718 67.072327 50
1116 1489.1197787608041 601.4612275815648 24.833654 67.07486 50
1117 1488.9182055841095 595.9226850641356 24.833604 67.074858 50
1118 1488.110058519368 590.9379292018381 24.833559 67.07485 50
1119 1485.2804356338606 583.7375473263512 24.833494 67.074822 50
1120 -1053.0181449426102 107.16359375480481 24.829192 67.049712 50
1121 -1078.9983386557471 103.7317207257747 24.829161 67.049455 50
1122 -1108.314490626538 100.30016428023089 24.82913 67.049165 50
1123 -1355.07671843958 66.09416150242603 24.828821 67.046724 50
1124 -1409.0591126151203 60.22874203552027 24.828768 67.04619 50
1125 -1446.3618750594933 53.364841740405 24.828706 67.045821 50
1126 -1478.2060355093781 44.61736052000313 24.828627 67.045506 50
1127 -1500.0422813834707 36.533482980245786 24.828554 67.04529 50
1128 -649.6677524494683 202.06889401187468 24.830049 67.053702 50
1129 -912.1976765643205 155.6709767967466 24.82963 67.051105 50
