1 2
2 3
3 4
5 6
6 7
7 8
8 9
9 10
10 11
11 12
12 13
13 14
14 15
15 16
16 17
17 18
18 19
19 20
20 21
21 22
23 24
24 25
25 26
26 27
27 28
28 29
29 30
30 31
31 32
32 33
33 34
34 35
35 36
36 37
37 38
38 39
39 40
40 13
13 41
41 42
42 43
43 44
35 45
45 46
46 47
47 48
48 49
49 50
50 51
52 53
53 54
54 55
55 56
56 57
57 58
58 29
29 59
59 60
60 61
61 62
62 1
63 64
64 65
65 66
66 67
67 68
68 69
69 70
70 71
71 72
72 73
73 74
74 75
75 76
76 77
77 78
78 79
79 80
80 81
81 82
82 23
23 83
83 84
84 85
85 86
86 87
87 88
88 89
89 90
90 91
91 92
92 93
93 94
94 95
95 96
96 97
97 98
98 99
99 100
100 101
101 102
102 103
103 104
104 105
105 106
106 52
107 108
108 109
109 110
110 111
111 112
112 113
113 114
114 115
115 116
116 117
117 118
118 119
119 120
120 121
121 122
122 123
123 124
124 125
125 126
126 127
127 128
128 129
129 130
130 131
131 132
132 133
133 134
134 135
135 136
136 137
52 138
138 139
139 140
140 141
141 142
142 143
143 144
144 145
145 146
146 147
147 148
148 149
149 150
150 107
151 152
152 153
153 154
154 155
155 156
156 157
157 158
158 159
159 160
161 162
162 163
163 164
164 165
165 166
166 167
167 168
169 170
170 171
171 172
172 173
173 174
174 175
175 176
176 177
177 178
178 179
179 180
180 181
181 182
182 183
183 184
184 185
185 186
186 187
187 188
188 189
190 191
191 192
192 193
193 194
194 195
195 196
196 197
197 198
198 199
199 200
200 201
201 202
203 204
204 205
205 206
206 207
207 208
208 209
209 210
210 211
211 212
212 213
213 214
214 215
215 216
216 217
217 218
218 219
219 220
220 221
221 222
222 223
223 224
225 226
226 227
227 228
228 229
229 224
5 230
230 231
231 232
232 233
233 234
234 235
235 236
236 237
237 238
238 239
239 240
240 241
241 242
243 244
244 245
245 246
246 247
247 248
248 249
249 181
250 251
251 252
252 253
254 255
255 256
256 257
257 258
258 259
259 260
260 261
261 262
262 263
263 264
264 265
265 266
266 267
267 268
268 269
269 270
270 271
271 272
272 273
273 274
274 275
275 276
276 277
277 278
278 279
279 280
281 282
282 283
283 284
284 285
285 286
286 287
288 289
289 290
290 291
291 292
292 293
293 294
294 295
295 296
296 297
298 299
299 300
300 301
301 302
302 303
303 304
304 305
305 306
306 307
307 308
308 309
309 310
310 311
311 312
312 313
313 314
314 315
315 175
316 317
317 318
318 319
319 320
320 321
321 322
322 323
324 325
325 326
326 327
327 328
329 330
330 331
331 332
332 333
333 334
335 336
336 337
337 338
338 5
5 339
339 340
340 341
341 342
342 343
344 345
345 346
346 347
348 349
349 350
350 351
351 352
352 353
353 354
354 355
355 356
356 357
357 358
358 359
359 360
360 361
361 362
362 363
363 364
364 365
365 366
366 367
367 368
368 369
369 370
370 371
371 372
373 374
374 375
375 376
376 377
377 378
378 379
379 380
380 381
381 382
382 383
383 160
160 384
384 299
299 385
385 386
387 388
389 390
390 189
189 391
391 392
392 393
393 394
394 395
395 396
396 241
337 397
397 398
398 399
399 400
400 401
401 402
402 151
403 325
325 404
404 405
405 406
406 407
407 408
408 388
388 409
410 411
411 412
413 414
414 415
415 416
416 417
417 418
418 419
420 421
421 422
422 412
412 423
423 424
424 425
425 426
427 428
426 416
416 429
430 431
431 432
432 427
433 434
434 435
435 436
436 437
437 438
439 440
211 333
441 442
442 443
443 444
444 445
445 446
446 447
447 448
448 449
449 450
450 451
451 452
453 454
454 455
455 456
456 457
457 458
458 459
459 460
460 461
461 433
462 463
463 464
464 465
465 282
282 466
466 467
467 468
468 469
469 470
470 471
471 472
472 473
473 474
474 475
475 476
476 434
477 478
478 479
479 480
480 481
481 482
482 483
483 484
484 485
485 486
486 487
487 488
488 489
489 281
281 490
490 491
492 493
493 494
494 495
496 497
497 498
499 500
499 501
501 502
502 503
503 504
500 496
343 505
505 506
506 507
507 499
508 509
509 510
510 511
511 512
512 513
513 514
514 254
254 515
515 516
516 517
517 518
518 519
519 520
520 521
521 522
522 523
523 524
524 525
525 526
526 527
527 528
409 380
380 529
529 530
530 531
531 532
532 533
533 534
534 535
535 536
536 537
537 538
539 540
540 541
541 298
298 542
542 543
543 159
159 544
544 545
545 546
546 547
547 409
409 548
548 549
549 550
550 551
551 552
552 553
553 554
554 555
555 556
386 557
557 242
242 558
558 243
243 559
559 560
560 561
561 188
241 562
562 563
563 539
564 565
565 566
566 567
568 569
569 570
570 571
571 572
572 564
389 573
573 574
574 575
576 577
577 578
578 288
288 579
579 580
580 581
581 582
583 584
584 585
585 586
586 587
587 588
588 589
589 590
590 591
591 592
592 593
593 594
594 595
595 596
596 597
597 598
599 600
600 601
601 602
603 604
604 599
599 605
605 606
606 477
477 607
607 441
603 438
428 608
608 439
609 410
610 611
611 612
612 613
613 614
615 616
616 617
617 618
618 619
619 620
620 35
621 34
52 622
622 623
623 624
624 625
625 626
626 627
627 628
628 629
629 630
630 51
631 632
632 633
633 634
634 635
635 564
281 636
636 637
637 638
638 639
639 640
640 641
642 643
644 645
645 646
647 324
648 647
643 649
649 650
650 651
651 403
605 436
436 652
652 653
653 654
654 655
655 656
656 657
657 658
658 659
660 661
661 662
662 663
663 289
289 664
664 665
666 667
667 668
668 659
659 669
669 576
576 670
670 671
671 672
672 665
665 673
673 674
674 675
675 676
676 677
677 678
678 679
679 680
680 681
681 682
682 666
682 683
683 684
684 685
685 686
686 687
687 688
688 689
689 437
437 599
690 660
691 692
692 693
693 610
694 695
696 697
697 698
698 699
699 700
700 701
701 702
702 703
703 704
704 705
705 706
706 707
707 708
708 709
709 41
41 710
710 711
711 712
712 713
713 714
714 5
715 716
716 717
717 718
718 719
719 720
720 721
721 722
722 723
723 724
724 203
203 725
725 726
726 727
727 728
728 729
729 715
730 731
731 732
732 715
733 734
734 735
735 736
736 737
737 738
738 739
739 610
161 740
741 568
161 741
567 742
632 570
188 743
743 744
744 745
745 575
575 631
564 746
746 747
747 504
504 748
748 389
749 161
750 749
751 750
752 751
753 754
754 755
755 756
756 751
757 753
742 758
758 757
747 389
759 747
752 760
760 761
761 762
762 759
763 764
764 344
347 765
765 766
766 767
767 768
768 769
769 770
770 771
771 772
495 773
774 775
776 690
777 776
492 778
778 779
779 777
775 780
780 495
781 782
782 783
784 781
695 785
785 1
610 492
495 614
786 787
787 788
788 691
694 789
789 790
790 791
791 63
772 694
772 792
792 793
793 794
794 795
795 796
796 797
797 798
798 799
799 800
800 801
801 802
802 803
803 773
773 348
348 804
804 805
805 806
806 807
807 808
691 809
809 810
810 811
811 812
812 752
813 814
815 816
816 817
817 818
818 819
819 813
547 815
381 547
820 821
821 822
822 823
823 824
824 825
825 826
826 827
827 828
828 235
235 829
829 830
830 831
831 832
832 833
833 834
834 151
151 835
835 836
836 837
837 838
838 839
839 840
840 841
841 842
842 843
843 844
844 813
237 845
845 846
846 847
847 848
816 849
849 850
850 851
851 852
852 853
853 854
854 855
855 155
155 856
856 857
857 858
858 859
859 860
860 861
861 238
848 862
862 863
863 864
864 154
154 865
865 866
866 867
867 868
868 869
869 870
870 871
871 872
872 873
873 817
874 875
875 876
876 877
877 878
878 879
879 820
504 880
880 820
819 881
881 882
882 883
883 884
884 885
885 886
886 887
887 888
888 889
889 890
890 891
891 892
892 152
152 893
893 894
894 895
895 896
896 897
897 898
898 899
899 236
236 900
900 901
901 902
902 903
903 874
44 904
904 905
905 906
906 907
528 908
908 381
909 910
910 696
911 329
912 913
913 730
730 329
329 696
696 914
914 915
915 916
916 137
917 918
918 914
22 919
919 920
920 921
921 922
922 917
914 730
726 923
923 911
924 925
926 927
927 924
928 929
929 930
930 931
931 932
932 933
334 928
928 934
643 644
934 935
935 936
936 642
937 938
938 387
939 582
940 939
941 940
942 941
287 943
943 942
660 944
944 945
945 946
946 947
947 948
948 949
949 950
950 164
582 774
582 660
951 952
168 953
953 954
954 955
955 956
956 957
957 958
958 959
959 960
960 961
961 962
962 963
963 964
964 965
965 595
595 966
966 967
967 968
968 969
969 275
275 970
970 971
971 413
972 951
328 973
973 974
974 975
976 933
4 977
977 615
615 978
978 979
979 980
980 981
981 982
982 983
983 984
984 985
985 986
986 6
6 714
714 987
987 988
988 989
989 990
990 907
907 991
991 926
933 992
992 335
933 993
993 994
975 976
994 995
995 996
996 909
997 998
998 999
999 1000
1000 1001
1001 107
323 1002
1002 1003
1003 1004
1004 1005
1005 1006
1006 1007
1007 1008
1008 1009
1009 1010
1010 1011
1011 1012
1012 1013
1013 1014
1014 1015
1015 1016
1016 316
316 997
1017 1018
1018 1019
1019 1020
1020 1021
1021 1022
1022 1023
1024 1025
1025 1026
1026 1023
535 518
518 1027
1027 583
952 167
167 1028
1028 1029
1029 1030
1030 1031
1031 1032
1032 1033
1033 181
952 1034
1034 950
950 1035
1035 1036
1036 740
740 1037
1037 733
297 1038
1038 952
51 1039
1039 1040
1040 1041
1041 1042
1042 1043
1043 18
1044 1045
1045 1046
1046 1047
1047 1048
1048 1049
1049 1050
1050 1051
1051 1052
1052 1053
1053 1054
1054 1055
1055 1056
1056 1057
1057 1058
1058 1017
1010 1059
323 1024
411 1060
1060 1061
510 1062
1062 1063
1063 1064
1064 1065
1065 1066
1066 1067
1067 1068
1068 1069
1069 1070
1070 1071
1071 1072
1072 1073
1073 971
971 1074
176 1075
1075 1076
1076 1077
1077 1078
1078 1079
1079 1080
1080 1081
1081 1082
1082 1083
1083 1084
1084 385
385 541
384 543
543 1085
1085 856
856 864
864 893
893 834
834 1086
1086 1087
1087 1088
1088 1089
1089 1090
1090 1091
1091 338
1092 1093
332 210
210 1094
1094 1095
1095 1096
1096 1097
1097 1098
223 1099
1099 1100
1100 1101
1101 1102
1102 1103
1103 1104
1104 1105
1105 1106
1106 1107
1107 1108
1108 1109
1109 1110
1110 1111
1111 1112
1112 1113
1113 1114
1114 1115
1092 1116
1116 1117
1117 1118
1118 1119
1119 645
783 1120
1120 1121
1121 1122
1122 808
808 1123
1123 1124
1124 1125
1125 1126
1126 1127
1128 784
498 1128
63 1129
1129 695
