1 2
2 3
3 4
5 6
6 7
7 8
9 10
11 12
13 14
14 15
15 16
16 17
17 18
18 19
19 20
20 21
21 22
22 23
23 24
25 26
26 27
27 28
29 30
30 31
32 33
33 34
35 36
36 37
38 39
39 40
40 41
41 42
43 44
44 45
45 46
46 47
47 48
48 49
49 50
50 51
51 52
52 53
53 54
54 55
56 57
57 58
58 59
59 60
60 61
61 62
62 63
63 64
64 65
65 66
67 68
68 69
69 70
70 71
71 72
72 73
73 74
74 75
75 76
76 77
77 78
78 79
79 80
80 81
82 83
83 84
84 85
85 81
86 87
87 88
88 89
89 90
90 91
91 92
92 93
93 94
81 95
95 96
96 97
97 98
99 100
100 101
101 102
102 103
103 104
104 105
105 106
106 107
108 109
109 110
110 111
112 113
113 114
114 115
115 116
116 117
117 118
118 119
119 120
120 121
121 122
123 124
124 125
125 126
126 127
127 128
128 129
129 130
131 132
133 134
135 136
136 137
137 138
138 139
139 140
140 141
142 143
143 144
144 145
146 147
147 148
148 149
149 150
150 151
152 153
154 155
155 156
156 157
157 158
158 159
159 160
160 161
161 162
163 164
164 165
165 166
167 168
168 169
169 170
170 171
171 172
172 173
174 175
175 176
176 177
178 179
179 180
180 181
181 182
182 183
183 184
184 177
185 186
186 187
187 188
188 189
189 190
190 174
151 191
191 192
192 193
193 194
195 196
196 197
197 198
198 199
200 201
201 202
202 203
203 204
204 205
205 206
207 208
208 209
209 210
210 211
211 212
212 213
213 214
215 216
216 217
217 218
218 219
219 199
220 221
221 222
222 223
223 224
224 225
225 226
227 228
229 230
230 231
231 232
232 233
233 234
234 235
235 236
236 237
237 238
238 239
240 241
242 243
243 244
244 245
245 246
246 247
247 195
248 249
249 250
250 251
251 252
252 253
253 254
254 255
256 257
257 258
258 259
259 260
260 261
261 262
262 263
263 264
264 265
265 146
266 267
267 268
268 269
270 271
271 272
272 273
274 275
275 276
276 277
277 278
278 279
279 280
280 281
281 282
282 283
283 284
284 285
285 286
287 288
288 289
289 290
290 291
291 292
292 293
293 294
294 295
295 167
296 297
297 298
298 299
299 300
301 302
302 303
303 304
304 305
305 306
306 307
307 308
309 310
310 311
312 313
314 315
315 316
316 317
317 318
318 11
319 320
42 321
321 322
322 323
324 325
325 326
326 327
328 329
329 330
330 331
331 332
332 333
334 335
335 336
336 337
13 338
338 339
199 340
340 341
341 342
342 343
343 344
344 345
345 346
346 347
347 348
348 349
349 188
188 350
351 352
352 353
353 354
354 355
355 356
356 357
357 358
358 359
359 360
361 362
362 363
363 364
365 366
366 367
367 368
368 369
369 370
370 361
98 371
371 372
372 373
373 374
374 375
376 377
31 378
378 379
379 380
381 382
382 383
383 384
385 386
386 387
387 388
388 389
390 391
391 392
392 393
394 395
395 396
396 397
397 398
398 399
400 401
401 402
402 403
403 404
405 406
406 407
407 408
408 409
409 410
135 411
411 412
412 413
413 414
414 415
415 416
417 418
418 419
419 420
420 421
421 416
422 423
423 424
424 425
425 426
426 427
427 428
429 430
431 432
432 433
433 434
434 435
435 436
436 437
431 438
439 440
440 441
441 442
442 443
443 444
444 445
445 446
446 447
447 448
448 449
449 450
450 451
452 453
453 454
454 455
455 456
456 457
457 458
458 459
459 460
460 461
461 462
462 463
463 464
464 465
465 466
466 467
467 468
468 469
469 470
214 471
471 472
472 473
473 220
474 475
474 476
476 477
477 478
478 479
479 480
480 481
482 483
483 484
484 485
485 167
486 487
487 488
488 133
489 490
490 491
491 492
492 493
493 494
494 495
496 497
497 498
498 499
500 501
501 502
502 503
503 504
504 505
505 506
506 507
507 508
508 509
509 510
510 511
511 512
513 514
514 515
515 516
516 517
301 518
518 152
519 520
520 521
521 522
522 523
360 524
524 525
525 526
527 528
528 529
529 530
531 532
532 533
533 534
534 535
535 536
536 537
537 538
538 539
539 540
540 541
542 543
543 544
544 545
545 546
546 547
547 548
548 549
549 550
550 551
551 552
552 553
553 554
555 556
556 557
557 558
558 25
559 32
428 560
560 561
561 562
562 563
563 564
564 565
565 566
566 567
567 568
337 34
569 570
570 571
571 572
572 573
573 574
574 575
575 270
576 577
577 500
578 555
579 580
580 581
581 576
582 559
32 583
584 585
585 586
586 587
587 588
589 590
590 591
592 593
593 594
594 595
595 596
596 597
597 598
598 599
599 600
600 601
601 602
602 603
604 605
605 606
606 607
607 608
608 609
610 611
611 612
612 613
613 614
614 615
615 616
616 617
617 618
618 619
619 620
620 621
621 274
622 623
624 625
625 626
626 627
628 629
629 630
631 632
632 633
633 634
634 635
635 636
636 628
637 638
638 639
639 640
640 641
641 642
642 622
623 643
643 644
644 645
645 646
542 647
647 648
648 649
650 651
651 652
652 653
653 654
654 655
655 656
656 657
657 658
658 659
660 661
661 662
662 663
663 664
664 665
665 666
666 667
667 668
668 669
650 670
670 671
672 673
673 674
674 675
676 677
677 678
678 679
679 680
680 681
682 683
681 684
684 685
685 686
686 687
687 688
688 689
689 690
690 691
691 523
692 693
693 694
694 695
695 696
697 698
699 700
700 701
475 702
702 703
703 692
704 705
705 706
706 707
708 709
709 710
710 711
711 712
712 713
714 715
715 716
716 717
717 718
718 719
714 720
720 721
721 722
723 724
724 725
725 726
726 727
728 729
729 730
730 731
731 732
631 733
733 734
734 735
735 736
736 737
737 738
738 739
739 740
740 741
741 742
742 743
743 744
744 745
745 746
746 747
747 748
748 749
749 750
750 751
751 752
752 753
753 754
754 755
755 756
757 758
758 759
759 760
760 761
761 762
762 763
763 764
764 765
765 766
767 768
768 769
769 770
771 772
772 773
773 774
774 775
775 776
776 777
777 778
778 779
779 780
108 781
781 782
782 783
783 784
784 785
785 786
786 787
787 788
788 789
789 790
790 791
791 792
792 793
793 794
794 795
795 796
796 797
797 798
798 799
799 800
801 802
802 803
803 804
804 805
805 806
806 807
807 808
808 809
809 810
810 405
811 812
812 813
813 814
814 815
815 816
817 818
818 819
819 820
820 757
821 822
822 823
824 825
825 287
826 827
827 828
828 829
829 830
830 270
831 832
832 833
833 834
834 835
835 836
836 837
837 838
838 839
838 840
840 841
841 842
842 843
843 844
845 846
846 847
847 848
848 849
849 850
850 851
851 428
852 853
853 854
854 855
728 856
856 857
858 859
860 861
861 862
727 860
863 1
864 865
865 866
866 867
646 868
868 869
869 870
871 872
872 873
873 874
874 875
875 876
876 877
877 878
878 879
880 881
881 882
882 883
883 884
884 200
885 886
153 887
887 888
889 890
890 891
891 892
892 893
894 895
895 896
896 897
897 898
898 899
899 242
422 900
900 901
901 902
902 903
35 904
904 905
905 906
906 319
907 908
908 909
909 910
910 911
911 912
913 314
914 915
915 916
912 917
917 918
919 920
920 921
921 922
922 923
923 924
924 925
925 926
926 927
928 929
929 919
323 930
930 931
931 932
932 933
933 934
934 935
935 936
936 937
937 938
938 939
939 940
940 941
941 942
942 943
944 945
945 928
55 946
946 947
947 948
948 949
949 950
951 952
952 953
953 954
954 955
955 956
956 957
957 958
958 959
862 960
960 961
961 962
962 963
963 964
686 965
965 966
966 967
968 969
969 970
970 971
971 972
972 973
974 975
976 977
977 978
979 980
980 981
981 982
982 983
983 984
985 986
339 579
987 988
988 989
990 991
991 992
992 993
993 994
994 995
995 996
588 997
997 998
998 999
999 1000
1000 1001
1001 1002
1002 1003
1004 1005
1005 1006
1006 1007
1007 1008
1008 584
996 1009
1009 1010
1010 1011
1011 1012
1012 1013
1013 1014
1014 1015
1015 1016
1016 1017
1017 1018
1018 1019
1020 1021
1021 1022
1022 1023
25 1024
1024 1025
1025 1026
1026 1027
622 9
82 1028
1028 1029
1029 1030
1030 1031
1031 1032
1032 376
1033 1034
1034 1035
1035 1036
1036 1037
1037 1038
1038 1039
1039 1040
1040 1041
1042 1043
1043 1044
1044 99
1045 1046
1046 1047
1047 1048
1048 1049
1049 1050
1050 1051
1051 1052
1052 1053
1053 1054
1054 1055
1056 1057
1057 1058
1058 1059
1060 1061
1061 1062
1062 1063
1063 1064
1065 1066
1066 1067
1067 854
854 1068
1068 1069
1069 1070
1070 1071
1071 1072
1072 1073
1073 1074
1074 1075
1076 1074
1074 1077
1078 1079
1079 1080
1080 1081
1081 1082
1082 1083
1084 1085
1085 1086
1087 1088
1088 1089
1089 1090
1090 1091
1091 592
859 1092
1092 1093
1093 1094
1094 1095
1095 1096
1096 1097
66 1098
1099 1100
1100 1101
1101 1102
1102 1103
1098 1104
1104 1099
950 1105
1105 312
959 1106
1106 1107
1107 1108
1108 1109
1109 1110
1110 1111
1111 1112
1113 1114
1114 1115
1115 227
313 1116
1116 1117
1117 1118
1118 1119
1119 1120
1121 1122
1122 1123
1123 1124
1125 1126
1126 1127
1128 1129
1129 1130
1130 1131
1131 1132
1132 1133
1133 1134
1134 1135
1135 1136
1136 1137
1137 1138
1138 1139
1139 1140
1141 1142
1142 1143
1143 1144
1144 1145
1145 1146
1146 1147
1147 1148
1148 1149
1149 987
696 1150
1150 1151
1151 496
1152 1153
1153 1154
1154 1155
1156 1157
1157 1158
499 1159
701 1160
1161 1162
1162 1163
1163 1164
1164 1165
1166 1167
1167 1168
1168 1169
1169 1170
1170 1171
1171 624
1172 1173
1173 1174
1174 519
145 1175
1175 1176
1176 1177
1177 1178
1178 1179
309 1180
1180 1181
519 1182
1182 1183
1183 1184
1184 1185
1185 1186
134 1187
1187 1188
1188 1189
1190 1191
1191 1192
495 1193
1193 1194
1194 1195
1195 1196
1196 1197
404 1198
1198 1199
1199 1200
649 1201
1201 1202
1202 660
671 1203
1203 660
133 1204
1204 1205
1205 1206
1206 1207
1207 542
879 1208
1208 1209
1209 1210
146 1211
1211 1212
207 1213
1213 1214
1214 1215
1215 146
1216 1217
1217 1218
1218 1219
1219 1220
1220 1221
200 894
177 1222
1222 1223
1223 889
886 1224
1224 1225
1225 174
174 194
194 1226
1226 1227
1227 207
286 1228
1228 1229
1229 1230
1230 1231
1231 38
308 1232
1232 1233
1233 1234
1234 1235
1235 1236
1236 1237
1237 1238
1239 1240
1240 1241
1241 1242
1242 1243
1243 1244
1244 1245
1245 1246
1246 1247
1247 1248
1248 1249
1249 1250
1250 1251
1251 1252
1252 518
1253 1254
1254 1255
1255 1256
1256 1257
1257 1258
1258 1259
1259 1260
1260 1261
927 1262
1262 1263
1263 1264
1264 913
555 1265
98 1266
1266 1267
1267 1268
1268 1269
1269 1270
1270 1271
1271 1272
380 1273
1273 1274
1274 1275
1275 1276
1276 1277
1277 1278
1278 589
1279 1280
1280 1281
1281 1282
1282 1042
1283 1284
1284 1285
1285 381
1286 1287
1038 1288
1288 1289
1197 1290
1291 1292
1292 1293
1293 1294
1294 1295
1295 1296
437 1297
1297 1298
1298 1299
1299 1300
1300 1301
1301 470
627 1302
1302 1303
1303 1304
1304 1305
1305 1306
1306 1307
1307 1308
1308 1309
1309 1310
1310 1311
1311 1312
1312 1313
1314 431
1296 1315
1315 1316
1316 1317
1317 1318
1318 1319
1319 1314
1320 1321
1321 1322
1322 888
31 86
389 1323
1323 1324
1324 1325
1325 1326
1326 1125
1327 1328
1329 1137
1121 389
389 1329
1330 1331
1331 1332
1332 1333
1333 1334
1334 1335
1335 1329
1330 1125
220 474
475 1336
1336 399
1337 1338
1338 1339
1339 1340
1340 1341
1342 1343
1343 1344
1344 1345
1345 1346
1346 1347
1347 1348
1348 1349
1349 1350
1350 1351
1351 1352
1352 604
2 1353
1353 1354
1354 1355
1355 514
990 1356
1356 1357
1357 1358
1358 1359
1359 863
1360 1361
1361 1362
1030 1363
1363 71
376 1364
1364 1365
94 1366
1366 1367
1367 1368
1368 1369
1369 1370
1370 1371
1371 1372
1372 1373
1373 1374
1374 1375
1375 1376
1376 1377
1377 1378
1378 81
1379 1380
1380 1381
1381 1382
1382 1383
1383 1384
1384 1385
1386 1387
1388 1389
1389 1390
1390 976
989 220
698 1391
1391 474
1023 1392
1392 1393
1393 1064
1394 1395
1395 1396
1396 1023
1397 1398
1398 1399
1399 1400
1400 1401
1401 1402
28 1403
1403 1404
1076 1405
1405 1406
1406 1407
1407 1408
1408 1409
1409 1410
1410 855
855 1411
1411 1412
1412 1413
1413 1414
1414 1415
1416 1417
1417 1418
1418 1419
1419 195
1420 1421
1421 1422
1422 1423
1423 885
816 1424
1424 1425
1425 1426
1426 1427
1427 1428
1428 1429
1429 1430
1430 1431
1431 1432
1432 1433
1433 141
377 1434
1434 1435
130 1436
1436 1437
1437 1438
1438 1439
1439 1440
1440 29
1159 1441
1441 1291
871 1442
1442 1443
1443 1444
1444 1445
1445 1446
1446 1447
1447 200
1420 1448
1448 1449
1449 1450
1450 1451
1451 1452
1452 1453
1453 893
1365 1454
1454 1455
1455 1456
1456 1457
1457 1458
1458 1459
1459 1460
1460 1461
1462 1463
1463 1464
1464 1465
1465 1120
1083 1466
1466 1467
1467 1468
1468 1469
1469 1470
1470 1471
1471 1472
481 1330
1473 1128
1125 714
1127 719
481 714
1473 1474
1474 481
1473 1475
1475 1330
1127 1476
1476 1477
1477 1478
1478 1479
1479 1480
1169 1481
1481 1482
1212 1483
1483 1484
1484 1485
1485 309
722 1486
1486 1487
1487 475
1148 1488
1488 1489
1489 1490
1490 540
1491 1492
1492 1493
1493 1494
1494 1495
1200 1496
1496 1497
1497 1498
1498 1499
1499 1500
37 1501
1501 286
943 1502
1502 1503
1503 1504
1504 1505
1505 1506
1506 1507
1507 1508
1508 1509
1509 1510
42 1511
1511 1512
1512 1513
1513 1514
1514 1515
1515 1516
1516 1517
1517 1518
1518 1239
300 1519
1519 1520
1520 1521
1521 1522
1522 1523
1523 1524
1524 1525
1525 1526
1526 1527
1527 1528
1528 1510
1510 1529
1530 1531
1531 1532
1532 1533
1533 1534
1535 1536
1536 1537
1537 1538
1538 1539
1539 1540
1540 1541
1541 1542
1542 1543
1543 1544
1544 422
56 1545
1545 1546
1546 1547
1547 603
669 1548
1548 1549
1549 1550
1550 1551
1551 1552
1552 1553
1553 1554
1555 1556
1556 1557
1557 1558
1558 1559
1559 1560
1560 1561
1561 1562
1562 1563
1563 1564
1564 1565
1565 1566
780 1567
1567 1568
1568 1569
1569 569
416 1570
1570 1571
1571 1572
1572 1573
1573 1574
1574 1575
1575 1576
1576 1577
1577 1578
1578 1033
1461 1579
1579 1580
1580 1581
1581 67
1461 1582
1582 1583
1583 1584
1584 1462
1585 1586
1586 1587
1587 672
1588 1589
1589 1590
1588 1591
1592 1593
1593 1170
1289 1592
1482 1594
1594 1039
1595 1596
1596 1597
1019 1598
1598 1599
1599 1600
1600 1601
1601 1602
1602 1603
1603 1283
1368 1604
1595 1605
1605 1606
1606 1607
1607 1608
1608 1609
1609 1610
1610 1611
1611 1612
1612 1613
351 1614
1614 1615
1615 1616
1616 1617
1617 1618
1618 1619
1619 1620
1620 1621
1621 1622
1622 1623
1623 1624
1137 1625
1625 1626
1626 1627
1627 1628
1628 1629
1629 1630
1630 1631
1631 1632
1632 1633
1633 1634
1634 1635
1636 1637
1637 1638
1638 1639
1639 1640
1495 1641
1641 1642
1642 1643
1643 1644
1644 1473
1265 1645
1645 1646
1646 328
584 1020
452 1647
1647 624
1385 1613
1597 1648
1648 1649
1649 1060
1650 1651
1651 1652
1652 1653
1653 1654
1654 1655
1655 1656
1657 1658
1658 1659
1659 1660
1660 1661
1661 1662
1662 1663
1663 1664
1529 1665
1665 1666
1666 309
1667 1668
1668 1669
1669 1670
1670 1671
1672 1673
1673 1674
1674 1675
1675 1676
1676 1677
1677 1678
1678 1679
1679 1680
1680 1681
1681 839
1682 1683
1683 1684
530 1685
1685 1112
964 1686
1686 1687
1687 1688
986 1689
1689 1690
1690 1691
1691 1692
1692 1693
1694 1695
1695 1696
1696 1697
1697 1698
1698 1699
1699 1700
1700 1701
1701 1702
1702 1703
1703 1704
1704 1705
1705 1706
1706 1707
1707 1708
1708 1709
1709 1710
1710 1711
1711 1712
1712 1713
1713 1714
1714 1715
1715 1716
1716 1717
1717 1718
1718 1719
1719 1720
1720 1721
1721 1722
1722 1723
1724 1725
1725 1726
1726 1727
1727 1728
1728 1729
975 1730
1730 1731
1731 1732
1732 1733
1733 1734
1734 1735
1735 1736
1736 1737
1737 1738
1738 1739
1739 1740
1740 1741
1741 1742
1742 1743
1743 1744
1744 1745
1745 1746
1746 1747
1747 1748
1748 1749
1749 1750
1750 1751
1751 1724
903 826
903 1752
1752 1753
1753 1754
1754 1755
1755 1756
1756 1757
1757 1758
1758 1759
1759 1760
1760 1761
1761 1762
1762 811
1763 903
1500 1764
1764 1765
1765 1766
1766 482
1767 1768
1768 968
1769 1770
1770 1771
1771 1772
1772 1773
513 1355
1355 4
1186 1774
28 1775
1775 1776
1776 1777
1777 1778
1778 1779
1779 1780
1780 1781
1781 1782
1782 1783
1783 1784
1785 1786
1664 1787
1788 1789
1789 1790
1790 1791
1103 1792
1786 1793
1793 1794
1795 1796
1794 1797
978 1798
1799 1800
1800 1801
1801 1402
1802 1803
732 1804
1804 1805
1805 1806
1806 1807
111 1808
1808 1809
1809 1810
1810 1811
1811 1812
1812 1813
1813 723
756 1814
1814 1815
1815 1816
1816 1807
857 1817
1124 1818
1818 1819
1819 1127
1402 1820
1798 1821
1821 1799
1112 1822
1822 1823
1823 1113
1624 1824
1824 1825
1825 1826
1826 1827
1827 1828
1828 1121
959 1829
1829 1830
1830 1831
1831 1832
1832 1833
1833 1834
1803 1835
1836 1837
719 1838
1838 1839
888 1840
226 1841
1841 1842
1842 1843
1843 1473
199 1844
1844 1845
1845 1846
242 1847
1847 1848
1848 1849
1849 1850
1850 1851
1851 1420
604 1337
1337 1852
1852 1853
1853 1854
1854 1855
1855 605
675 1856
1856 1857
1857 1858
1858 1859
1859 1860
1860 1861
1861 486
1787 1004
1862 1863
1863 1864
1865 1866
1866 1867
1867 256
166 531
1868 1869
1869 1870
1870 1871
1871 1872
1872 163
1158 1873
1873 1874
707 1875
1875 1876
1876 1877
1160 1161
1472 1878
1878 1879
1879 377
1880 1881
1881 1882
1882 1657
1883 1884
1884 1885
1885 1886
1886 1887
1887 1888
1888 1889
1889 1210
893 1890
1890 1891
1891 871
1840 1892
1892 1893
1893 1894
1894 177
151 1320
256 1895
1895 1896
1896 214
1791 43
1897 1788
1898 1899
1899 1667
1900 1901
1901 296
1238 1902
1902 1903
1903 1904
1904 1905
1905 927
8 35
296 301
162 1906
1906 1907
1907 1908
1908 1909
1909 1910
1910 1911
1911 1912
1912 1913
1914 1915
1916 1917
1917 1918
1918 1763
273 831
1165 1919
1919 1920
1920 1152
1874 1141
1210 1921
1921 1922
1922 1923
1923 1216
1253 1924
1924 1925
1925 604
1557 1926
1926 1927
1927 1928
1928 1929
1929 1930
1930 1342
1535 1931
1931 1932
1932 1530
844 1535
1933 1934
1934 1935
1935 1936
1936 1937
1937 1672
10 704
1313 699
817 1555
1938 1914
1329 1939
1939 1327
1940 1941
1941 1172
141 1942
1942 1943
1943 1944
1944 1945
1945 439
429 1946
1946 1947
1948 1949
1949 1950
1950 845
591 1951
1951 1595
1272 1952
375 1953
1953 82
228 1954
1954 1955
1120 1956
1956 1957
1957 1083
255 1958
1958 1959
1959 1960
1960 1961
1961 1962
1962 1078
1963 1964
1964 1965
1965 56
1472 1966
1966 1967
1967 1365
1968 1969
1181 1933
1864 944
380 1970
1238 1971
1971 1972
1972 1973
1973 1974
1974 1975
1975 1976
1976 229
1913 1977
1977 1978
1978 1900
609 1979
1979 1980
1981 1982
1982 1983
1983 1984
1985 1986
1987 1076
1817 240
1970 582
1688 1988
1988 1989
1989 1166
1045 1990
266 1991
405 1992
1992 1993
1993 1994
1994 1995
1995 1996
1996 1997
1997 1998
1998 1999
1999 2000
2000 631
800 2001
2001 2002
2002 2003
2003 2004
2004 2005
2005 2006
2006 2007
2007 2008
2008 669
320 2009
2009 2010
2010 2011
2011 2012
2012 2013
2013 2014
2014 2015
2015 2016
2016 907
470 2017
2017 2018
2018 2019
2019 650
112 452
1059 112
1055 1056
1807 2020
2020 2021
2021 2022
2022 2023
2023 2024
2025 2026
2026 108
1613 1279
1792 2027
2027 2028
2028 1862
2029 2030
2030 2031
399 13
1839 2032
2032 2033
2033 394
780 811
1261 2034
2034 2035
2035 1555
2036 2037
2037 2038
2038 2039
2039 185
226 2040
2040 2041
2041 2036
541 1865
2042 1898
916 2043
2043 1897
34 578
659 2044
2044 2045
2045 767
1769 2046
2046 2047
2047 2048
2048 1688
2049 2050
2050 1773
2051 2052
2052 2053
2053 2054
2054 376
173 2055
2055 2056
2056 2057
2057 2058
2058 166
410 135
964 1056
311 2042
1986 1981
1684 2059
2059 2060
2060 859
859 2061
2061 2062
2062 2063
2063 1084
1693 489
523 682
888 2064
2064 178
178 1883
1084 2065
2065 2066
2066 2067
2067 2068
2068 2069
2069 2070
2071 2072
1480 2073
2073 351
1796 2074
2074 1802
1820 979
1287 2075
2075 2076
2076 2077
2077 2078
2078 2079
2079 2080
2080 2081
2081 2082
2082 2083
2083 2084
2085 1769
1773 964
1969 2086
1566 2087
2087 2088
2088 2089
2089 2090
2090 2091
2091 2092
816 2093
2093 429
2092 2094
2094 2095
589 1952
2031 2096
2096 2097
2097 2098
2098 2099
2099 2100
2100 2101
2101 2102
2102 2103
2103 2104
2104 2105
2105 576
195 2106
2106 2107
2107 2108
2108 2109
2109 2110
2110 174
2111 1045
839 2112
2112 2113
2113 2114
2114 2115
2115 154
1877 1156
2116 2117
2117 2118
2118 2119
2119 2120
2120 1491
350 2121
2121 2122
2122 207
554 2123
2123 2124
2124 767
770 2125
2125 2126
2126 817
438 676
495 2127
2127 131
122 2128
2128 2129
2129 2130
2130 2131
2131 681
517 2132
2132 2049
1287 2133
2133 2134
2134 990
2084 2135
2135 2136
1387 2137
2137 1388
2138 1388
1797 1795
1798 1797
1835 2139
2139 2140
2140 2141
2136 2142
1003 328
2143 1065
2144 1588
2144 2145
2145 2146
2147 2144
2148 708
2149 2150
2151 2149
2146 2152
2152 2148
713 2153
2153 2154
2154 2155
2155 1991
269 2156
2156 2157
2157 2151
1604 1271
1462 2158
2158 1963
1192 486
1189 637
2159 2160
2160 334
1041 2161
2161 2162
2162 2163
2163 2159
867 1033
870 2164
2164 2165
2165 864
859 2166
2166 2167
2167 2168
2168 2070
2070 2169
2169 2170
2170 2171
2171 2172
2172 2173
2173 1087
583 558
1797 1799
1784 2174
2174 2175
2175 2176
2176 1798
2177 2178
2178 1836
1834 2179
2179 361
2180 2181
430 2182
2182 2183
2183 1916
1874 1868
1671 2184
2184 2185
2185 1865
451 2186
2186 1940
630 400
1534 2187
2187 2188
2188 2189
2189 2190
2190 2191
2191 823
821 2192
1990 862
1179 2193
2193 2194
2194 1200
568 142
2192 824
241 2071
1155 697
239 2195
2195 2196
2196 274
778 1557
811 817
2197 417
107 2198
2198 2199
2199 2200
2200 728
1837 1785
918 914
4 2201
2201 2085
1991 2202
2202 513
1914 2203
2203 1253
1835 2204
2204 1636
1729 2205
2205 2206
2206 2207
2207 2208
2208 1694
2209 365
530 2209
1984 771
1555 780
2181 2210
2210 527
2211 2212
2212 2213
2213 2214
2214 1121
823 1948
132 1190
1846 2116
526 2215
2215 2180
1064 2216
2216 2217
2217 1968
1023 2218
2218 1379
1656 2219
2219 2220
2220 375
1027 1394
2086 2221
2221 2222
2222 2223
2223 1650
2224 2225
2225 266
1404 2177
1640 2226
512 2227
2227 123
1947 2197
1415 2228
2228 2229
2229 2230
2230 2231
393 2211
1383 2232
2232 2233
2233 2234
2234 2235
2235 2236
2236 2237
2237 2238
2238 2239
2239 2240
2240 1597
2241 2029
24 2241
1362 2242
2242 1588
2150 1360
