0 0 0 34.3416362353383 108.967955656391 50
1 -110.2046132446031 -364.7585015597365 34.338348 108.966758 50
2 -389.3838214871982 -364.0854685510333 34.338354 108.963724 50
3 -663.4100597058219 -363.62632003453814 34.338358 108.960746 50
4 -673.8079906534379 -363.95836168768307 34.338355 108.960633 50
5 -1101.4101631754409 -361.6991800425245 34.338375 108.955986 50
6 -1116.6849479944237 -361.5864388905443 34.338376 108.95582 50
7 -1435.8273630840254 -1142.7009955663405 34.331334 108.952353 50
8 -1436.6542543577427 -1134.0484544693009 34.331412 108.952344 50
9 -1436.2826969901055 -1111.5300488893613 34.331615 108.952348 50
10 -1435.910238373091 -1083.1324378028896 34.331871 108.952352 50
11 -1435.7242143213948 -1070.2647725270265 34.331987 108.952354 50
12 -1433.2107617410065 -882.3524283753619 34.333681 108.952381 50
13 -1433.1166310299525 -868.5973176448633 34.333805 108.952382 50
14 -1432.9301387970925 -852.6236521436808 34.333949 108.952384 50
15 -1432.1787885255985 -753.5646697180763 34.334842 108.952392 50
16 -1432.0845585418556 -739.1439856369864 34.334972 108.952393 50
17 -1432.081499538926 -719.176864565424 34.335152 108.952393 50
18 -1431.9779575341797 -643.9673839526534 34.33583 108.952394 50
19 -1431.8762350480356 -580.6272418339584 34.336401 108.952395 50
20 -1431.8740599579567 -566.4283968881543 34.336529 108.952395 50
21 -1431.8722587063596 -554.6699781891909 34.336635 108.952395 50
22 -1431.674084716214 -462.37750530779476 34.337467 108.952397 50
23 -1431.570088775609 -384.1729262497598 34.338172 108.952398 50
24 -1431.5663678765145 -359.87958269745275 34.338391 108.952398 50
25 -1431.3811959875827 -352.4474005822018 34.338458 108.9524 50
26 -1430.9164758371433 -322.1639864192681 34.338731 108.952405 50
27 -1428.4079060303245 -164.31306750594754 34.340154 108.952432 50
28 -1428.2218589271233 -151.11259882429573 34.340273 108.952434 50
29 -1428.220062017127 -139.35417288137762 34.340379 108.952434 50
30 -1428.1241994828954 -114.17340616787541 34.340606 108.952435 50
31 -1428.0283713207693 -89.21449562674198 34.340831 108.952436 50
32 -1427.6428773283747 24.930941701234662 34.34186 108.95244 50
33 -1429.0119625346206 97.58937284338411 34.342515 108.952425 50
34 -1429.1946469692157 106.35275936588297 34.342594 108.952423 50
35 -1429.0579163847024 398.7605656247496 34.34523 108.952424 50
36 -1429.1308894735514 523.2225200213861 34.346352 108.952423 50
37 -1429.1279372740787 542.5241063792793 34.346526 108.952423 50
38 -1429.1141941037745 632.3763259018623 34.347336 108.952423 50
39 -1425.8682313723916 800.8765095091097 34.348855 108.952458 50
40 -1425.6826124608058 811.4147080718109 34.34895 108.95246 50
41 -1500.15251869437 -1142.690892483404 34.331334 108.951654 50
42 -1419.354969837677 -1142.7035115655376 34.331334 108.952532 50
43 -1299.815103147046 -1142.8318287289753 34.331333 108.953831 50
44 -1237.2384271779279 -1142.9512501324257 34.331332 108.954511 50
45 -1168.4961187214938 -1143.181953813746 34.33133 108.955258 50
46 -1142.6372205081798 -1143.1851509045414 34.33133 108.955539 50
47 -1131.2262167147637 -1143.5193241160605 34.331327 108.955663 50
48 -1105.7354419905582 -1143.7442313158122 34.331325 108.95594 50
49 -1054.0177173755376 -1144.4157769680205 34.331319 108.956502 50
50 -857.9135396781262 -1146.2106886989634 34.331303 108.958633 50
51 -827.4534039250084 -1146.2134349873577 34.331303 108.958964 50
52 -669.9072998672207 -1145.8932696811821 34.331306 108.960676 50
53 -658.5882769607159 -1145.8940741125061 34.331306 108.960799 50
54 -391.901197686008 -1149.3478409214151 34.331275 108.963697 50
55 -116.37973482510323 -1167.214801842998 34.331114 108.966691 50
56 -90.06065647331044 -1168.3243762888112 34.331104 108.966977 50
57 316.50529424058186 -1179.9669308971588 34.330999 108.971395 50
58 482.15038212371087 -1184.729773971024 34.330956 108.973195 50
59 -662.838667694062 1205.3483286884593 34.352502 108.960751 50
60 -902.5022646335177 1206.5886194182058 34.352513 108.958146 50
61 -923.6625678395025 1206.8125446693111 34.352515 108.957916 50
62 -1061.0205236039633 1208.1582771618264 34.352527 108.956423 50
63 -1121.5573767489557 1208.719990992515 34.352532 108.955765 50
64 -1132.7815331437712 1208.8322737098388 34.352533 108.955643 50
65 -663.0802577101322 393.9048913690563 34.345187 108.960749 50
66 -673.3853124308139 393.90562825353885 34.345187 108.960637 50
67 -1026.0572360197846 395.4906969375095 34.345201 108.956804 50
68 -1128.2792247624147 399.27405342941097 34.345235 108.955693 50
69 -1138.58430048883 399.0534460332176 34.345233 108.955581 50
70 -1499.9051826761931 398.4388824108005 34.345227 108.951654 50
71 -1117.6040554033139 -352.712047910594 34.338456 108.95581 50
72 -1117.7856213758407 -332.07932215599067 34.338642 108.955808 50
73 -1118.6034015429032 -245.44404615359164 34.339423 108.955799 50
74 -1119.4203423735921 -151.9311891426422 34.340266 108.95579 50
75 -1122.7948894211008 97.76942246241393 34.342517 108.955753 50
76 -1123.1619121651534 106.3109679348043 34.342594 108.955749 50
77 -1128.8289089759955 418.9084889596653 34.345412 108.955687 50
78 -1134.6917119638158 631.2266505694695 34.347326 108.955623 50
79 -1134.9652268803986 651.8594176996596 34.347512 108.95562 50
80 -1136.5133402977515 783.4210313278188 34.348698 108.955603 50
81 -1136.7858882627288 811.929740945414 34.348955 108.9556 50
82 -1135.1105465495373 970.3357455533749 34.350383 108.955618 50
83 -1499.8676642003038 632.1655568993596 34.347334 108.951654 50
84 -1143.8923519875418 631.782415667935 34.347331 108.955523 50
85 -113.15178163254478 -581.8455291084097 34.336391 108.966726 50
86 -98.61278043687494 -582.2894077277031 34.336387 108.966884 50
87 -12.206916192271422 -585.2849888520018 34.33636 108.967823 50
88 224.46646692103272 -600.4795022440502 34.336223 108.970395 50
89 347.8644352340008 -606.1330760122169 34.336172 108.971736 50
90 394.1502089628255 -608.1279511027643 34.336154 108.972239 50
91 513.775545174751 -613.0029932849976 34.33611 108.973539 50
92 615.5481508107285 -601.2384263875422 34.336216 108.974645 50
93 773.3595899542669 -582.9235018581784 34.336381 108.97636 50
94 782.193417263938 -582.9227667021431 34.336381 108.976456 50
95 845.7797042360448 -595.4521463659385 34.336268 108.977147 50
96 1057.2393138367454 -591.7699780874552 34.336301 108.979445 50
97 1072.054570428581 -593.321289056734 34.336287 108.979606 50
98 1274.8643070760388 -590.0788989311959 34.336316 108.98181 50
99 1404.0580619621578 -582.9609604257729 34.33638 108.983214 50
100 1439.485013923021 -580.5151445330562 34.336402 108.983599 50
101 1456.7848988223475 -582.5091765498088 34.336384 108.983787 50
102 1500.586312592269 -584.7208159865748 34.336364 108.984263 50
103 -1059.483598076107 969.2175775188041 34.350373 108.95644 50
104 -902.7094845186787 966.3169703906783 34.350347 108.958144 50
105 -671.9644822992186 959.6418046916374 34.350287 108.960652 50
106 -660.9240286108156 959.5300885576797 34.350286 108.960772 50
107 -1132.0602685063384 1087.1433381339175 34.351436 108.955651 50
108 -1133.683655195393 1356.2567319402579 34.353862 108.955633 50
109 -1493.2430513437946 1208.4392095098149 34.352529 108.951725 50
110 -1499.7751503067452 1208.4402556533996 34.352529 108.951654 50
111 1488.6267255598418 -1180.7411700695461 34.330991 108.984132 50
112 1487.436878625528 -1221.452072994302 34.330624 108.984119 50
113 -1122.1752935758327 -872.6332472342774 34.333769 108.955761 50
114 -856.4161879709479 -873.7706619757606 34.333759 108.958649 50
115 -850.3427830971171 -874.2149302335497 34.333755 108.958715 50
116 -673.2006934263375 -875.2277241512747 34.333746 108.96064 50
117 -664.182553915344 -875.339297795447 34.333745 108.960738 50
118 -397.22696865010494 -875.021670947953 34.333748 108.963639 50
119 -113.43141519716752 -876.5824219078914 34.333734 108.966723 50
120 -99.07599356685228 -876.4716566821223 34.333735 108.966879 50
121 -62.45127412514675 -877.4703290108766 34.333726 108.967277 50
122 -13.03549625076245 -878.2470275581933 34.333719 108.967814 50
123 164.56697555829834 -885.2340786840485 34.333656 108.969744 50
124 320.5446685122192 -896.4338016470622 34.333555 108.971439 50
125 816.8457867696757 -1191.916860223264 34.330891 108.976832 50
126 1028.0435575238919 -1194.8910825329858 34.330864 108.979127 50
127 1046.173064954189 -1199.9917760887263 34.330818 108.979324 50
128 1055.8360520889264 -1203.0966839725802 34.33079 108.979429 50
129 1066.4191075389945 -1204.5375513233957 34.330777 108.979544 50
130 1103.0450791212988 -1204.2005155186457 34.33078 108.979942 50
131 -1500.1084451256702 -868.0321631441335 34.33381 108.951654 50
132 -1444.5273226747913 -868.4846325786679 34.333806 108.952258 50
133 -1413.7000552601248 -868.8221315966259 34.333803 108.952593 50
134 -1160.8244166671664 -872.0738846980181 34.333774 108.955341 50
135 -1134.9663087489555 -872.4098458464939 34.333771 108.955622 50
136 -83.42468487142777 -27.092304348030247 34.341392 108.967049 50
137 -90.32591008615621 -48.61238191214616 34.341198 108.966974 50
138 -97.8713126158594 -74.68051792690025 34.340963 108.966892 50
139 -102.5642656101202 -96.31153636488158 34.340768 108.966841 50
140 -107.07344017242255 -137.9096930051862 34.340393 108.966792 50
141 -106.61431723079342 -221.21703354330145 34.339642 108.966797 50
142 -106.70737375451496 -312.40028249923216 34.33882 108.966796 50
143 -1499.9535067548686 97.3786327906795 34.342513 108.951654 50
144 -1311.8802622847338 97.57219597364035 34.342515 108.953698 50
145 -1131.9961629418344 97.43774671946571 34.342514 108.955653 50
146 -989.469184286572 96.20135477833455 34.342503 108.957202 50
147 -962.233529304683 96.1985107821942 34.342503 108.957498 50
148 -719.0448671230107 96.50942091961848 34.342506 108.960141 50
149 -670.278332011168 96.39486737563212 34.342505 108.960671 50
150 -663.5614937248546 95.50695933151454 34.342497 108.960744 50
151 -554.068185075312 71.98296604466628 34.342285 108.961934 50
152 -114.44703233692367 -1152.3504227660883 34.331248 108.966712 50
153 691.6980597541725 -33.72279279556256 34.341332 108.975473 50
154 722.5225735498994 -33.05488909396559 34.341338 108.975808 50
155 938.3866392016413 -34.14499258973187 34.341328 108.978154 50
156 976.3881066738858 -32.58809960788293 34.341342 108.978567 50
157 1056.4389241774809 -23.483250659540843 34.341424 108.979437 50
158 1071.252593254892 -19.044421567856645 34.341464 108.979598 50
159 1180.561989631141 1.7123905350224256 34.341651 108.980786 50
160 1373.0483874558156 38.34511899314889 34.341981 108.982878 50
161 1392.0021229499293 44.55992342480703 34.342037 108.983084 50
162 1411.5078932325569 50.88577830209899 34.342094 108.983296 50
163 1500.478047736749 89.61371580635111 34.342443 108.984263 50
164 734.299100199514 -1188.9286437598766 34.330918 108.975935 50
165 -1499.838958612303 810.9826013848425 34.348946 108.951654 50
166 -1446.0158018135776 811.3069036832164 34.348949 108.952239 50
167 -1416.2980714454068 811.4132810029439 34.34895 108.952562 50
168 -1204.5017602270614 812.1600814838432 34.348957 108.954864 50
169 -1163.0073572697793 812.2657537457682 34.348958 108.955315 50
170 -1148.9305332699207 812.3749410767022 34.348959 108.955468 50
171 -1499.731355496349 1481.2141450036233 34.354988 108.951654 50
172 -1414.2625911236191 1494.1794889991572 34.355105 108.952583 50
173 -1142.6401489671332 -1167.1456810028997 34.331114 108.955539 50
174 -1142.938883131567 -1352.5069411696186 34.329443 108.955536 50
175 -1143.139590861491 -1488.7269149214474 34.328215 108.955534 50
176 -1130.4874091163886 -361.0301369310038 34.338381 108.95567 50
177 -1130.5824718892407 -386.2108974798903 34.338154 108.955669 50
178 -1130.7730819939911 -440.5658417120062 34.337664 108.955667 50
179 -1131.3404268633421 -566.4696089922071 34.336529 108.955661 50
180 -1131.5271100125462 -588.322496482692 34.336332 108.955659 50
181 -1133.0154561051318 -720.6599747700327 34.335139 108.955643 50
182 -1133.2017157437529 -738.9631468360648 34.334974 108.955641 50
183 -1133.3874381039388 -752.8291805351952 34.334849 108.955639 50
184 -1134.780366307712 -856.7689597835421 34.333912 108.955624 50
185 -1135.4285065387319 -889.6036959468786 34.333616 108.955617 50
186 -1136.1677029385642 -914.4515730600165 34.333392 108.955609 50
187 -1138.3862205448047 -996.4274017825552 34.332653 108.955585 50
188 -1141.43624238024 -1105.025932550665 34.331674 108.955552 50
189 -1142.175783192508 -1132.4251539960956 34.331427 108.955544 50
190 -1130.2124849146653 -1131.4282528246354 34.331436 108.955674 50
191 -1129.3811158846456 -1105.3601821750385 34.331671 108.955683 50
192 -1127.5341837480348 -1051.8929190298427 34.332153 108.955703 50
193 -1122.637467850587 -889.8270979614148 34.333614 108.955756 50
194 -1121.9893192745167 -856.5486472033507 34.333914 108.955763 50
195 -1121.8950210318733 -837.5798964864654 34.334085 108.955764 50
196 -1121.2406782557368 -752.6087887584314 34.334851 108.955771 50
197 -1121.0549473105807 -738.5208979154762 34.334978 108.955773 50
198 -1120.9608382678068 -721.105142176921 34.335135 108.955774 50
199 -1120.20880220757 -588.656645377596 34.336329 108.955782 50
200 -1120.0221056383436 -566.4709722382217 34.336529 108.955784 50
201 -1117.147909410522 -385.6578704935338 34.338159 108.955815 50
202 482.60973960261606 -1169.8653476945315 34.33109 108.9732 50
203 315.9526386741376 -1164.9916185528696 34.331134 108.971389 50
204 -89.7844382620461 -1153.3490476499896 34.331239 108.96698 50
205 -391.34854852703506 -1137.3675987135193 34.331383 108.963703 50
206 -658.6792464526861 -1130.9187358634945 34.331441 108.960798 50
207 -669.90621885118 -1130.807009532879 34.331442 108.960676 50
208 -857.728350672443 -1133.7867266975936 34.331415 108.958635 50
209 -1106.194120975004 -1131.5420547334397 34.331435 108.955935 50
210 -1168.2187005309938 -1132.4219351792617 34.331427 108.955261 50
211 -1233.6480792977095 -1132.4135281578829 34.331427 108.95455 50
212 -1299.8137305270284 -1132.959202667525 34.331422 108.953831 50
213 -1419.629712764939 -1133.940127424778 34.331413 108.952529 50
214 -1500.1510769136748 -1133.7056935164655 34.331415 108.951654 50
215 1083.9933394073737 -1182.3498545756888 34.330977 108.979735 50
216 1046.4470295227613 -1181.1339215497735 34.330988 108.979327 50
217 817.212849379782 -1180.0474918831605 34.330998 108.976836 50
218 734.5742338899026 -1176.948357463717 34.331026 108.975938 50
219 1500.682025358977 -1180.9610990017622 34.330989 108.984263 50
220 1278.4410695955958 -1175.3367924820102 34.33104 108.981848 50
221 1238.6873273077967 -1182.8852752356827 34.330972 108.981416 50
222 1500.4742717856766 113.13057622208464 34.342655 108.984263 50
223 1455.2994009456393 93.15628595249359 34.342475 108.983772 50
224 1411.5045422793598 73.07149442175867 34.342294 108.983296 50
225 1392.3669184400094 66.41290843012125 34.342234 108.983088 50
226 1373.0452582058795 59.64340607393355 34.342173 108.982878 50
227 1271.189832130956 40.216494541540285 34.341998 108.981771 50
228 1235.765761011934 33.4450998565152 34.341937 108.981386 50
229 1075.1143647534304 5.2493790248771965 34.341683 108.97964 50
230 1056.6202296304741 0.5882696522408857 34.341641 108.979439 50
231 986.7831738450693 -9.181079726468159 34.341553 108.97868 50
232 945.1933479723938 -11.403950079812123 34.341533 108.978228 50
233 714.0556761279258 -11.53539758728935 34.341532 108.975716 50
234 -84.71458712058896 -216.0036165264355 34.339689 108.967035 50
235 -82.1379700500221 -194.92721729283272 34.339879 108.967063 50
236 -74.68451776834169 -167.41700139855377 34.340127 108.967144 50
237 -64.1025815486052 -135.69151555305544 34.340413 108.967259 50
238 -46.06758952630905 -110.51084064588497 34.34064 108.967455 50
239 -31.98933786073144 -95.64647308696814 34.340774 108.967608 50
240 -14.230551101548667 -70.13294862176646 34.341004 108.967801 50
241 1057.630492710973 17.227670015468377 34.341791 108.97945 50
242 1006.564175906054 8.236815744323494 34.34171 108.978895 50
243 948.5042206549242 4.4591711267712135 34.341676 108.978264 50
244 885.5671567376985 4.452995287570946 34.341676 108.97758 50
245 702.82873043603 5.879537076761675 34.341689 108.975594 50
246 719.1193157886431 -49.250722128540154 34.341192 108.975771 50
247 948.7857899816466 -50.006727464441305 34.341185 108.978267 50
248 975.8376929177318 -48.561870558261035 34.341198 108.978561 50
249 1057.1764127125819 -35.685309699004286 34.341314 108.979445 50
250 -1499.5778275604368 1291.4149480845313 34.353277 108.951656 50
251 -1499.7610807017547 1296.0739863637666 34.353319 108.951654 50
252 -512.3870000899669 62.5516582385394 34.3422 108.962387 50
253 -1129.265924967645 -151.93000463908942 34.340266 108.955683 50
254 -1149.4171640956458 -151.92754794140055 34.340266 108.955464 50
255 -1418.3762772858058 -151.11409827970698 34.340273 108.952541 50
256 -1442.3001376364377 -151.22136526979284 34.340272 108.952281 50
257 -1499.9934953184313 -151.7669260875752 34.340267 108.951654 50
258 3.160059372975338 27.484181143639475 34.341884 108.96799 50
259 9.232886839311917 60.09718736902268 34.342178 108.968056 50
260 15.029672768868542 69.08241006120737 34.342259 108.968119 50
261 23.77083686339372 82.61571547405671 34.342381 108.968214 50
262 42.449326516390016 92.37749722311017 34.342469 108.968417 50
263 60.299696593925745 97.48031036755383 34.342515 108.968611 50
264 74.56150960416267 109.90441520831621 34.342627 108.968766 50
265 85.51077427620996 130.53722698168022 34.342813 108.968885 50
266 -30.884487329488742 110.01509738644995 34.342628 108.96762 50
267 -29.136306815352263 93.48673210373772 34.342479 108.967639 50
268 -10.73385461050842 73.51954747579886 34.342299 108.967839 50
269 2.6079704467802003 66.0873266036902 34.342232 108.967984 50
270 198.404753974318 354.6147368611888 34.344833 108.970112 50
271 135.37901018134556 287.5017936816344 34.344228 108.969427 50
272 59.10284866870403 206.19032734935774 34.343495 108.968598 50
273 -12.482019401019443 128.98384379663818 34.342799 108.96782 50
274 -48.18289775364562 87.82945297965142 34.342428 108.967432 50
275 -84.52802889370462 63.425422539698886 34.342208 108.967037 50
276 -96.94989953131235 48.00647041152424 34.342069 108.966902 50
277 -132.74299973751593 40.1309811710908 34.341998 108.966513 50
278 -166.51196566007525 27.15287830408159 34.341881 108.966146 50
279 -181.69414344667302 25.711089657062065 34.341868 108.965981 50
280 -208.8380208692184 24.38051390388597 34.341856 108.965686 50
281 -231.56513576928006 28.818192460167662 34.341896 108.965439 50
282 -309.22361531864783 44.01765455100302 34.342033 108.964595 50
283 -388.7220549533202 60.21619590965767 34.342179 108.963731 50
284 -519.4706137145049 87.06726640199244 34.342421 108.96231 50
285 -538.1492728939844 84.73882304105999 34.3424 108.962107 50
286 -548.8228031184191 83.29737215963965 34.342387 108.961991 50
287 1432.2818807603487 -413.1251576711071 34.337911 108.983521 50
288 1415.235741157403 -261.7103279455529 34.339276 108.983336 50
289 1411.9056073236106 -145.4577221134776 34.340324 108.9833 50
290 1410.9591828489129 28.58905096288321 34.341893 108.98329 50
291 209.17773254481827 4.746163875483063 34.341679 108.970229 50
292 199.79253525585278 -2.4643986582176716 34.341614 108.970127 50
293 199.60907014351068 -28.754473482477586 34.341377 108.970125 50
294 206.60227627989386 -36.63024971350035 34.341306 108.970201 50
295 164.0912870846001 2.0829777288203637 34.341655 108.969739 50
296 124.52543370611559 12.953366917209136 34.341753 108.969309 50
297 99.68168294846056 31.256283837090237 34.341918 108.969039 50
298 81.3707949689247 66.0876804924242 34.342232 108.96884 50
299 76.5858237680716 104.35800211551755 34.342577 108.968788 50
300 92.87151796865248 152.39023042284862 34.34301 108.968965 50
301 108.51330168456559 171.47011785164693 34.343182 108.969135 50
302 131.6078168745051 199.7572080840651 34.343437 108.969386 50
303 225.54879227901148 307.1379007520097 34.344405 108.970407 50
304 237.50930715293777 339.4184268188491 34.344696 108.970537 50
305 -112.59229737004318 29.92528754396382 34.341906 108.966732 50
306 -123.0820425173932 9.958276307132227 34.341726 108.966618 50
307 -126.76287137283971 -12.227388803595325 34.341526 108.966578 50
308 -123.17464200111385 -34.524078940707184 34.341325 108.966617 50
309 -113.42143082979969 -53.82577262747655 34.341151 108.966723 50
310 -98.2393116051395 -69.24501462756314 34.341012 108.966888 50
311 -79.0084755575152 -79.33969591748581 34.340921 108.967097 50
312 -56.833106533560546 -83.22235663006103 34.340886 108.967338 50
313 -34.47366499750779 -80.1164662236791 34.340914 108.967581 50
314 1.227796678865436 -55.04667501070755 34.34114 108.967969 50
315 11.44130949047836 -36.07788359518922 34.341311 108.96808 50
316 15.489875033732698 -14.89052135471374 34.341502 108.968124 50
317 10.88917484703027 9.180972119899522 34.341719 108.968074 50
318 8.864876533242299 17.3896844510567 34.341793 108.968052 50
319 -12.20609474243306 43.679760904639856 34.34203 108.967823 50
320 -31.89681173981797 54.328951025079434 34.342126 108.967609 50
321 -53.97985137092688 58.3224814027711 34.342162 108.967369 50
322 -76.15494176109678 55.32756411072867 34.342135 108.967128 50
323 15.673977453340528 -59.92751869053411 34.341096 108.968126 50
324 43.646136689453826 -46.61600235165018 34.341216 108.96843 50
325 73.73456372606987 -37.63059963969764 34.341297 108.968757 50
326 103.36294475961657 -35.85546185543561 34.341313 108.969079 50
327 284.0778022313266 -37.51564431844821 34.341298 108.971043 50
328 402.6834742666896 -38.84242915205891 34.341286 108.972332 50
329 497.3658857934682 -45.16079796654081 34.341229 108.973361 50
330 690.5950438251515 -49.25287350559058 34.341192 108.975461 50
331 701.1765370387906 -48.0318713737345 34.341203 108.975576 50
332 684.2420726562895 5.656300584500396 34.341687 108.975392 50
333 458.16559593405174 4.533196710402066 34.341677 108.972935 50
334 391.91604101126313 4.862969304656517 34.34168 108.972215 50
335 225.46407768456032 4.746542604714747 34.341679 108.970406 50
336 121.02906690363585 2.636963690614486 34.34166 108.969271 50
337 85.78792637742323 8.95950238467287 34.341717 108.968888 50
338 48.246539825288025 8.515518875200296 34.341713 108.96848 50
339 -533.9183538017819 55.78622009063876 34.342139 108.962153 50
340 -494.7213583021758 47.57534793710413 34.342065 108.962579 50
341 -390.0116771852091 25.606533035491147 34.341867 108.963717 50
342 -246.6561100706048 -3.017922129997963 34.341609 108.965275 50
343 -170.74543850291974 -20.65725996671079 34.34145 108.9661 50
344 -143.60154988965945 -26.758787712448832 34.341395 108.966395 50
345 -235.0623222021546 1.3079933573118403 34.341648 108.965401 50
346 -230.18533130192708 12.95537211947027 34.341753 108.965454 50
347 176.7837426682774 286.2822704167175 34.344217 108.969877 50
348 214.69121573239843 323.0004381220282 34.344548 108.970289 50
349 304.58213383682886 413.96441375498495 34.345368 108.971266 50
350 334.48398673098995 445.91288506057026 34.345656 108.971591 50
351 461.3571084145075 590.9020413250835 34.346963 108.97297 50
352 466.5092945418454 595.5613011874636 34.347005 108.973026 50
353 505.9785003638 632.1698166219777 34.347335 108.973455 50
354 584.1800649858582 703.2796623881686 34.347976 108.974305 50
355 633.2160323677249 753.8663393758738 34.348432 108.974838 50
356 704.7910364331353 827.6390494871711 34.349097 108.975616 50
357 829.1706421149063 955.5500689695384 34.35025 108.976968 50
358 168.3186328903068 294.3799033114135 34.34429 108.969785 50
359 4.724236449796173 115.22869128377454 34.342675 108.968007 50
360 -34.47311504002016 68.97153297536636 34.342258 108.967581 50
361 -60.88102737221334 24.267450212925542 34.341855 108.967294 50
362 -95.29735381882858 -313.3987624943434 34.338811 108.96692 50
363 -95.66437815709509 -211.67729792584603 34.339728 108.966916 50
364 -95.84804714961984 -176.40202033841663 34.340046 108.966914 50
365 -94.0992667404888 -127.260691842706 34.340489 108.966933 50
366 -86.4616045309008 -78.11941578834175 34.340932 108.967016 50
367 -73.48727241471504 -33.748101779850984 34.341332 108.967157 50
368 -60.05307095515864 -0.80241279344148 34.341629 108.967303 50
369 -37.32561870573311 40.79568442941258 34.342004 108.96755 50
370 -11.285924283529923 78.28947724478691 34.342342 108.967833 50
371 32.23582991871331 127.6527479462433 34.342787 108.968306 50
372 123.97049391816999 228.59854139997884 34.343697 108.969303 50
373 405.0752577364221 -25.64182636494425 34.341405 108.972358 50
374 494.8809626325725 -34.733644739999356 34.341323 108.973334 50
375 406.36283483551983 -11.55384222776507 34.341532 108.972372 50
376 222.42795991807324 -8.67588729718289 34.341558 108.970373 50
377 43.09387717441263 -8.234720642367275 34.341562 108.968424 50
378 -18.279044795539164 -7.9020164119413 34.341565 108.967757 50
379 -64.37773750999555 -6.792526843762719 34.341575 108.967256 50
380 -88.66924851160927 -5.017470803174586 34.341591 108.966992 50
381 -128.23493230275216 -1.0235830819569998 34.341627 108.966562 50
382 -177.27787721430192 6.742218614299482 34.341697 108.966029 50
383 -329.374682459584 36.91891402756303 34.341969 108.964376 50
384 -427.0914636712135 57.77744187365097 34.342157 108.963314 50
385 -508.33777842542463 74.75358124928381 34.34231 108.962431 50
386 685.163433108055 -11.093846221678035 34.341536 108.975402 50
387 598.486812740756 -11.21072759087377 34.341535 108.97446 50
388 495.8918706738491 -11.327663277691865 34.341534 108.973345 50
389 459.8226695356186 -12.438793301021711 34.341524 108.972953 50
390 -165.04039583759794 -9.009862679803241 34.341555 108.966162 50
391 -104.40366939893339 -17.44130809946783 34.341479 108.966821 50
392 -72.84306720777934 -19.66017876644047 34.341459 108.967164 50
393 -43.03069806590237 -19.9931492944519 34.341456 108.967488 50
394 223.9925383588968 -23.318421057658234 34.341426 108.97039 50
395 -1500.0268588976062 -359.64698824600885 34.338393 108.951654 50
396 -1444.4487079130113 -359.76667200760596 34.338392 108.952258 50
397 -1418.2239265023259 -359.88161694842495 34.338391 108.952543 50
398 -1335.9609532517768 -360.44838094675583 34.338386 108.953437 50
399 -1151.7433012784638 -361.0275415853723 34.338381 108.955439 50
400 -660.5244352293644 104.71381701418892 34.34258 108.960777 50
401 -667.5172405641442 106.48917131069564 34.342596 108.960701 50
402 -786.0290147438715 106.49838786029414 34.342596 108.959413 50
403 -988.9160771911914 105.96301205460789 34.342591 108.957208 50
404 -1135.1234505058324 106.7561275482017 34.342598 108.955619 50
405 -1250.5988753128593 106.32715284806446 34.342594 108.954364 50
406 -1274.6140870280892 106.21946886844306 34.342593 108.954103 50
407 -1293.752665421935 106.00024162109665 34.342591 108.953895 50
408 -1499.9520111447273 106.69663409688837 34.342597 108.951654 50
409 -672.6192666903045 810.2208716848418 34.34894 108.960645 50
410 -673.2856216653761 500.5080488452958 34.346148 108.960638 50
411 -671.6668805321049 -19.969111544003724 34.341456 108.960656 50
412 -669.7214865976961 -1121.2671815705437 34.331528 108.960678 50
413 -670.0922713150298 -1158.7609486967738 34.33119 108.960674 50
414 -1130.854429636652 -352.3776684347919 34.338459 108.955666 50
415 -1151.6502456378357 -352.5969859872662 34.338457 108.95544 50
416 -1234.2814186859607 -353.47386638489996 34.338449 108.954542 50
417 -1335.7760793253306 -354.5691961203971 34.338439 108.953439 50
418 -1418.0388157129364 -352.7822201066964 34.338455 108.952545 50
419 -1444.6316271237904 -352.5562902844101 34.338457 108.952256 50
420 -1500.0257195063848 -352.54756348645935 34.338457 108.951654 50
421 -1142.194807393149 970.5584662596011 34.350385 108.955541 50
422 -1148.1061388651497 782.6459475656566 34.348691 108.955477 50
423 -1146.4572933382976 723.5207506860439 34.348158 108.955495 50
424 -1144.4419894674065 651.4168587912517 34.347508 108.955517 50
425 -1138.949931195736 418.7987883724254 34.345411 108.955577 50
426 -1137.7678995027857 303.1000817960154 34.344368 108.95559 50
427 -1130.444070040959 -2.73094915946276 34.341611 108.95567 50
428 -1130.3527544102649 -8.499245929930112 34.341559 108.955671 50
429 -1130.6678330108648 -331.1903443664329 34.33865 108.955668 50
430 -1499.8123710483428 976.5991735459996 34.350439 108.951654 50
431 -1435.7778116874 976.5891151596047 34.350439 108.95235 50
432 1288.4756629923008 -1203.5112221103882 34.330786 108.981957 50
433 1319.4879167279448 -1201.9538982208437 34.3308 108.982294 50
434 1500.6839483821789 -1192.9413634120988 34.330881 108.984263 50
435 1322.3389854869781 -1189.862302392084 34.330909 108.982325 50
436 1104.4229141716205 -1182.6802480024392 34.330974 108.979957 50
437 1500.6860138457662 -1205.8090545763516 34.330765 108.984263 50
438 -1500.0600428483758 -566.4177015122441 34.336529 108.951654 50
439 -1448.0693811521662 -566.4259016024844 34.336529 108.952219 50
440 -1415.4947010084466 -566.4308919851388 34.336529 108.952573 50
441 -1150.9404465358348 -566.467215828749 34.336529 108.955448 50
442 1394.624633054361 -264.7084967178065 34.339249 108.983112 50
