0 0 0 13.7424942724816 100.513221546192 50
1 1051.46928808476 1121.1865181725298 13.752628 100.522944 50
2 1043.2511673567951 1091.9780058224344 13.752364 100.522868 50
3 1015.2442554163207 999.7056012761088 13.75153 100.522609 50
4 1000.3213672529705 955.8927551550756 13.751134 100.522471 50
5 975.5575315986256 893.3818895213748 13.750569 100.522242 50
6 959.8771095146436 859.3051005737777 13.750261 100.522097 50
7 943.7640953516354 823.9006618365039 13.749941 100.521948 50
8 914.4578363597221 757.4067631467793 13.74934 100.521677 50
9 902.6705333028548 726.9811704743552 13.749065 100.521568 50
10 884.3952498094827 665.134449053274 13.748506 100.521399 50
11 842.3291954761225 526.8367889206503 13.747256 100.52101 50
12 815.7278768383749 404.360780182395 13.746149 100.520764 50
13 780.3703299357403 136.95009776145582 13.743732 100.520437 50
14 751.284020774945 -97.37985457002326 13.741614 100.520168 50
15 -164.12474641849198 434.22053168068703 13.746419 100.511704 50
16 -178.61699698547676 439.6418399674472 13.746468 100.51157 50
17 -221.44480936328594 455.3526227324461 13.74661 100.511174 50
18 -282.98265076345274 478.91889958723095 13.746823 100.510605 50
19 -306.88396127341105 488.1020412711856 13.746906 100.510384 50
20 -941.0068189573168 -413.0209066190839 13.738761 100.504521 50
21 -922.7264046340908 -349.8478695235648 13.739332 100.50469 50
22 -910.9366322382853 -323.62732933542117 13.739569 100.504799 50
23 -1043.1171385690445 -715.2770898633448 13.736029 100.503577 50
24 -1048.0928864413881 -729.3277776551681 13.735902 100.503531 50
25 -1062.9119787291436 -770.8160174358263 13.735527 100.503394 50
26 -1094.4973809495073 -859.8774155355416 13.734722 100.503102 50
27 -1101.9610804990134 -880.7874744808273 13.734533 100.503033 50
28 -1120.0252495275113 -926.8116523292922 13.734117 100.502866 50
29 -1153.4501606786773 -1026.0514827456577 13.73322 100.502557 50
30 -1170.3251140847597 -1079.3777072215528 13.732738 100.502401 50
31 -1186.1182055105967 -1124.9593866990122 13.732326 100.502255 50
32 1.887728008393502 -591.4952402605957 13.737148 100.513239 50
33 -4.385300891220833 -597.4696335244048 13.737094 100.513181 50
34 -13.037757850741716 -602.8908395868566 13.737045 100.513101 50
35 -20.284191339843424 -604.8822994662947 13.737027 100.513034 50
36 -28.504025093286565 -604.7716548620829 13.737028 100.512958 50
37 -35.534142824320384 -602.3376340563007 13.73705 100.512893 50
38 -40.184831548907006 -598.244061363654 13.737087 100.51285 50
39 -41.91531907413972 -596.1419572052 13.737106 100.512834 50
40 416.8786295114308 -445.0086216481905 13.738472 100.517076 50
41 420.2311169872481 -425.2045572086702 13.738651 100.517107 50
42 440.1296856585566 -309.92054119634463 13.739693 100.517291 50
43 442.9414074013644 -292.55049371628064 13.73985 100.517317 50
44 445.6449842817065 -275.9549061669906 13.74 100.517342 50
45 449.7543897534273 -249.2913318661697 13.740241 100.51738 50
46 460.8929781012364 -175.82820317550033 13.740905 100.517483 50
47 -1337.8606181191547 1043.6430612838249 13.751927 100.500851 50
48 -1332.0196123319736 1062.561697948971 13.752098 100.500905 50
49 -1328.882456937919 1079.0464586330413 13.752247 100.500934 50
50 900.4506535749791 -758.4307980799401 13.735639 100.521547 50
51 895.3674762040133 -763.4096337367876 13.735594 100.5215 50
52 889.31085926324 -767.5034063603802 13.735557 100.521444 50
53 884.8765488911617 -770.4907535509841 13.73553 100.521403 50
54 877.8465432869372 -775.2483779095986 13.735487 100.521338 50
55 841.3985879474011 -798.7046022227318 13.735275 100.521001 50
56 788.7273399138221 -830.9015857592856 13.734984 100.520514 50
57 758.0114022559684 -849.8214058753254 13.734813 100.52023 50
58 720.1571321880464 -870.9541254999875 13.734622 100.51988 50
59 39.958672666339524 -692.5067121432778 13.736235 100.513591 50
60 84.41076923807304 -677.3493494530725 13.736372 100.514002 50
61 129.83621273158363 -661.1961738039373 13.736518 100.514422 50
62 142.59858912877382 -656.6599937460098 13.736559 100.51454 50
63 147.35744038920996 -655.0004136055657 13.736574 100.514584 50
64 186.9424004344528 -640.2854504644868 13.736707 100.51495 50
65 378.91663090299977 -474.1067130271149 13.738209 100.516725 50
66 383.9997804569044 -464.3705890142977 13.738297 100.516772 50
67 384.97304927224906 -455.74089421175876 13.738375 100.516781 50
68 382.16093103873897 -449.8771782961861 13.738428 100.516755 50
69 374.59001128256494 -445.3411739859933 13.738469 100.516685 50
70 351.01215289977614 -441.0266616285709 13.738508 100.516467 50
71 332.40946103411096 -438.9248036362277 13.738527 100.516295 50
72 299.4221377712686 -435.27418442205067 13.73856 100.51599 50
73 906.6150578698102 -743.8265131087361 13.735771 100.521604 50
74 -1368.315485414048 -195.8216751720022 13.740724 100.50057 50
75 -1377.8335350264404 -205.22531493692452 13.740639 100.500482 50
76 -1388.2173599300938 -224.69686743950447 13.740463 100.500386 50
77 -1411.7981154731362 -283.0012723741053 13.739936 100.500168 50
78 -1415.2594214696367 -289.7499383524331 13.739875 100.500136 50
79 -1420.2349454481948 -297.49425392153074 13.739805 100.50009 50
80 -1431.0508619885209 -306.1233442784951 13.739727 100.49999 50
81 -1440.136044917053 -309.88450029272354 13.739693 100.499906 50
82 -1449.870077528766 -312.2073368410002 13.739672 100.499816 50
83 -1460.2528407352268 -310.9897513278186 13.739683 100.49972 50
84 -1475.9351037793147 -308.55485601207096 13.739705 100.499575 50
85 -1498.3226994338547 -301.9153631840509 13.739765 100.499368 50
86 -1500.0531451914433 -301.4727159624895 13.739769 100.499352 50
87 -1326.2877319875877 1062.450768819949 13.752097 100.500958 50
88 -1317.7444416126036 1053.2674606148958 13.752014 100.501037 50
89 -1323.2616663607898 1021.0723586526285 13.751723 100.500986 50
90 -1369.6575196154447 1022.0704870435757 13.751732 100.500557 50
91 313.68919350365616 346.818673239827 13.745629 100.516122 50
92 289.2486337483054 190.04577868608087 13.744212 100.515896 50
93 275.0815917500959 102.42113866746772 13.74342 100.515765 50
94 259.1841262890513 2.515791336297527 13.742517 100.515618 50
95 258.21081766168425 -4.564984163332287 13.742453 100.515609 50
96 251.83026044481576 -54.572954293023585 13.742001 100.51555 50
97 248.26160376176043 -97.27885517340098 13.741615 100.515517 50
98 246.09878216156642 -123.83174546327666 13.741375 100.515497 50
99 241.9896778566679 -203.26911628358243 13.740657 100.515459 50
100 240.8002948303959 -237.0133966018871 13.740352 100.515448 50
101 240.47611475662777 -267.65983361720095 13.740075 100.515445 50
102 240.4763656173917 -294.8765217347536 13.739829 100.515445 50
103 240.80141398261733 -358.27148528308487 13.739256 100.515448 50
104 -902.6089238796566 -329.15946581895946 13.739519 100.504876 50
105 -854.3728392711448 -355.16077087519756 13.739284 100.505322 50
106 -829.4977077032004 -369.1018278118639 13.739158 100.505552 50
107 -802.8921069633657 -384.14928355600154 13.739022 100.505798 50
108 -786.5610100263974 -393.33264669511067 13.738939 100.505949 50
109 -737.0269036010495 -421.8784220657416 13.738681 100.506407 50
110 -642.5007089120538 -471.8888139506292 13.738229 100.507281 50
111 487.94812994082577 -1067.33997660487 13.732847 100.517733 50
112 488.2719530012517 -1032.5999902229344 13.733161 100.517736 50
113 496.38301508695275 -993.2131067543688 13.733517 100.517811 50
114 526.9888376377929 -859.563142882582 13.734725 100.518094 50
115 751.9339373690322 -131.8985664861337 13.741302 100.520174 50
116 751.2855406058718 -150.15368275117672 13.741137 100.520168 50
117 749.988251341749 -169.51518694776297 13.740962 100.520156 50
118 825.4574759101091 531.9255519611785 13.747302 100.520854 50
119 845.5704933185518 626.520842238921 13.748157 100.52104 50
120 877.7954579813442 742.8014161190254 13.749208 100.521338 50
121 881.7965783479553 755.6354461310216 13.749324 100.521375 50
122 885.0407460823849 765.4822514303181 13.749413 100.521405 50
123 889.1501036973598 775.5503607363082 13.749504 100.521443 50
124 562.5613246979451 -345.21137192830486 13.739374 100.518423 50
125 605.7141342023031 -306.93002437550115 13.73972 100.518822 50
126 632.1031180567488 -277.72124538952664 13.739984 100.519066 50
127 655.6800049856714 -247.40614044900195 13.740258 100.519284 50
128 693.3159851946585 -183.7889216235348 13.740833 100.519632 50
129 703.2655681823184 -162.21444955158785 13.741028 100.519724 50
130 713.4313061167777 -135.66130444388244 13.741268 100.519818 50
131 742.0893970205817 -42.28291127605501 13.742112 100.520083 50
132 26.006542573238992 -695.7152001635949 13.736206 100.513462 50
133 21.463987808217972 -696.710936481298 13.736197 100.51342 50
134 -38.56266259334023 -710.7618042288453 13.73607 100.512865 50
135 -52.731122186781064 -712.8638806910351 13.736051 100.512734 50
136 -71.65844651534591 -711.7574664824758 13.736061 100.512559 50
137 -127.89957712493525 -697.8170008567931 13.736187 100.512039 50
138 -488.02678846464715 1043.3920428521496 13.751925 100.508709 50
139 -481.8620327011354 1057.9960188368316 13.752057 100.508766 50
140 -468.6673145571554 1089.3060640721055 13.75234 100.508888 50
141 1059.8917432740186 -1217.457243968937 13.73149 100.523021 50
142 1073.6293555749503 -1254.2987580545005 13.731157 100.523148 50
143 1080.5522486158711 -1272.5535544644722 13.730992 100.523212 50
144 1082.9320471035107 -1280.0767623313782 13.730924 100.523234 50
145 1090.5040251023224 -1301.2080871242156 13.730733 100.523304 50
146 1091.2612508604905 -1303.9739769291875 13.730708 100.523311 50
147 1095.8045623302196 -1319.4629466043746 13.730568 100.523353 50
148 1099.8070109545029 -1333.1817484145608 13.730444 100.52339 50
149 1101.1051162908968 -1337.9390784642865 13.730401 100.523402 50
150 1102.6195443004426 -1342.8070361446562 13.730357 100.523416 50
151 1106.0811356604095 -1354.866306788148 13.730248 100.523448 50
152 1119.2784508857642 -1400.1162165512894 13.729839 100.52357 50
153 1124.1463204904553 -1416.711534717478 13.729689 100.523615 50
154 1126.0934700618047 -1423.3496616707487 13.729629 100.523633 50
155 1129.8796082301387 -1436.51528287702 13.72951 100.523668 50
156 1131.9349343006106 -1443.4853151487887 13.729447 100.523687 50
157 1135.2883644138624 -1454.880764605627 13.729344 100.523718 50
158 1136.802882629342 -1461.5189093901902 13.729284 100.523732 50
159 -1481.2298553878313 -223.69601909133004 13.740472 100.499526 50
160 -1427.4733077371511 -151.563723930438 13.741124 100.500023 50
161 -1413.0875902235864 -128.33074659943077 13.741334 100.500156 50
162 -950.2863739152203 184.529635657904 13.744162 100.504435 50
163 -964.4550302150035 165.94314292982978 13.743994 100.504304 50
164 -965.7529218089367 164.28363625235724 13.743979 100.504292 50
165 -1021.9949974089875 93.69938787928815 13.743341 100.503772 50
166 -1024.4826815485983 89.38464348193581 13.743302 100.503749 50
167 -1041.463687365175 64.04944918216317 13.743073 100.503592 50
168 -1058.012122960801 38.492974916378984 13.742842 100.503439 50
169 -1066.0159543505106 26.10196023788626 13.74273 100.503365 50
170 -1077.0483234588555 7.847313726769254 13.742565 100.503263 50
171 -1091.6499409568091 -14.611383436681564 13.742362 100.503128 50
172 -1119.5554621930341 -60.7458144476224 13.741945 100.50287 50
173 -1123.0166631843692 -67.49452030690352 13.741884 100.502838 50
174 -1124.639094161735 -70.48164835361496 13.741857 100.502823 50
175 239.83556460596077 -1179.0866802765047 13.731837 100.515439 50
176 233.7787631870459 -1184.8398524427337 13.731785 100.515383 50
177 226.42403939756272 -1188.0483865051076 13.731756 100.515315 50
178 -1479.501359445501 -258.43611855176835 13.740158 100.499542 50
179 -1496.6991958256701 -281.2263480628182 13.739952 100.499383 50
180 -1500.0522355624396 -285.6516332022017 13.739912 100.499352 50
181 -1500.050142743618 -249.25207845772923 13.740241 100.499352 50
182 -1498.319541603122 -246.92880204399728 13.740262 100.499368 50
183 815.8297388753409 605.3882250743594 13.747966 100.520765 50
184 819.5064867851115 617.3371379987074 13.748074 100.520799 50
185 829.3472202655806 647.9839027746432 13.748351 100.52089 50
186 863.0867559989703 751.4306133277912 13.749286 100.521202 50
187 891.2029337864175 834.6306052231078 13.750038 100.521462 50
188 903.0981402929265 871.1412357470459 13.750368 100.521572 50
189 917.1560919692712 913.6263487087674 13.750752 100.521702 50
190 922.3468135333591 926.349791315678 13.750867 100.52175 50
191 894.881604732172 788.6057261564948 13.749622 100.521496 50
192 902.88417077905 803.8739120808286 13.74976 100.52157 50
193 912.4007898412553 820.1378868307419 13.749907 100.521658 50
194 921.3767813084622 832.6401870134333 13.75002 100.521741 50
195 930.5691188398904 843.5935796400704 13.750119 100.521826 50
196 945.9258385372427 858.4194946290398 13.750253 100.521968 50
197 951.7656848276607 864.8366551043335 13.750311 100.522022 50
198 956.8484364637578 872.4707965287085 13.75038 100.522069 50
199 960.0926712916196 879.3304119927927 13.750442 100.522099 50
200 973.5020260121144 911.1943759108915 13.75073 100.522223 50
201 995.3460123827673 968.7264618281204 13.75125 100.522425 50
202 1007.8898588160508 1006.4541758897241 13.751591 100.522541 50
203 1024.2182141880542 1061.1095140002374 13.752085 100.522692 50
204 1024.1099697579339 1063.543524871429 13.752107 100.522691 50
205 1022.8120540522661 1066.8625854799259 13.752137 100.522679 50
206 1020.4326770508837 1069.517781521049 13.752161 100.522657 50
207 973.1711383988282 1083.6775180783088 13.752289 100.52222 50
208 813.883427052237 592.5542705945217 13.74785 100.520747 50
209 807.1794098354468 549.6269015223123 13.747462 100.520685 50
210 798.9615737596031 496.29961045212735 13.74698 100.520609 50
211 784.580261289692 403.58536572666975 13.746142 100.520476 50
212 780.146912537816 374.70897633867554 13.745881 100.520435 50
213 777.5518436937004 355.56869857102697 13.745708 100.520411 50
214 769.5506465894864 286.75225206243783 13.745086 100.520337 50
215 710.7296563175364 -216.2050793952351 13.74054 100.519793 50
216 707.8100509987235 -236.67299417693067 13.740355 100.519766 50
217 707.1612608558523 -241.65167439031546 13.74031 100.51976 50
218 698.5105123364245 -300.95330968515 13.739774 100.51968 50
219 669.2058297057332 -502.64520814792087 13.737951 100.519409 50
220 635.7894157069087 -649.1293253315515 13.736627 100.5191 50
221 635.6807908857812 -629.8785049134867 13.736801 100.519099 50
222 685.3196711272749 -453.30072012065284 13.738397 100.519558 50
223 747.1771275736418 -200.1617031799969 13.740685 100.52013 50
224 743.0681693503047 -231.58271405382922 13.740401 100.520092 50
225 735.6067207688644 -273.7356019417169 13.74002 100.520023 50
226 643.0354678820154 -633.1974320951906 13.736771 100.519167 50
227 639.3585980811647 -650.6781548817 13.736613 100.519133 50
228 635.7884588140205 -609.8532205309665 13.736982 100.5191 50
229 635.7884075993849 -607.7511191143398 13.737001 100.5191 50
230 636.0032845136463 -548.8922728501748 13.737533 100.519102 50
231 636.2194929625637 -544.688064548611 13.737571 100.519104 50
232 657.6316862277592 -442.0164659898341 13.738499 100.519302 50
233 669.7435476693803 -383.4892203552907 13.739028 100.519414 50
234 684.0180511925203 -309.91528600972265 13.739693 100.519546 50
235 695.6968711262639 -239.99242846240642 13.740325 100.519654 50
236 696.3456929454113 -236.12011800009552 13.74036 100.51966 50
237 699.3734345984624 -214.6564690541561 13.740554 100.519688 50
238 201.43397925077957 -471.1214902928223 13.738236 100.515084 50
239 199.81164346214254 -470.0151334893499 13.738246 100.515069 50
240 162.38980807553082 -445.34335809928365 13.738469 100.514723 50
241 146.70725526171861 -432.730840919145 13.738583 100.514578 50
242 117.82976609530334 -409.38659466574995 13.738794 100.514311 50
243 64.40113642933302 -364.91073345712124 13.739196 100.513817 50
244 33.036238209272334 -340.34939185852556 13.739418 100.513527 50
245 22.65338850311253 -332.3835433288717 13.73949 100.513431 50
246 292.5001702725611 -431.0700595744144 13.738598 100.515926 50
247 286.65972432776846 -424.0999977195815 13.738661 100.515872 50
248 374.78939930114154 732.2788213591126 13.749113 100.516687 50
249 371.22074948017564 710.8151876465159 13.748919 100.516654 50
250 370.3556228884302 705.5045982412933 13.748871 100.516646 50
251 360.19034832768034 643.879635514992 13.748314 100.516552 50
252 347.3215507503293 560.127240885577 13.747557 100.516433 50
253 342.0226264413096 524.3914166611806 13.747234 100.516384 50
254 337.5888182175847 494.74064093788 13.746966 100.516343 50
255 321.4755476317893 393.2863064447879 13.746049 100.516194 50
256 287.84699619241854 -203.60056141215722 13.740654 100.515883 50
257 288.6039019370605 -188.00074302122215 13.740795 100.51589 50
258 291.5233015420771 -120.18025779076306 13.741408 100.515917 50
259 294.9837094955953 -75.04033980711091 13.741816 100.515949 50
260 302.1210891430092 -10.096360838183465 13.742403 100.516015 50
261 310.01561711892714 45.332852694991196 13.742904 100.516088 50
262 313.0436199993094 68.78792672230158 13.743116 100.516116 50
263 342.1342378675841 260.63281491518416 13.74485 100.516385 50
264 351.3263498743562 321.3726445443412 13.745399 100.51647 50
265 353.81359818927564 339.4065080273927 13.745562 100.516493 50
266 348.08154425605403 340.07025287004967 13.745568 100.51644 50
267 449.75736491666106 -421.88495687876303 13.738681 100.51738 50
268 477.33652298816713 -402.5230035350183 13.738856 100.517635 50
269 502.536268841683 -384.93125766561195 13.739015 100.517868 50
270 908.7777404998869 -731.1031936537099 13.735886 100.521624 50
271 910.1834743939911 -722.5841028054923 13.735963 100.521637 50
272 918.185386324316 -675.7844097548943 13.736386 100.521711 50
273 934.297509275318 -588.6019487802096 13.737174 100.52186 50
274 944.1377511290639 -535.4958725912404 13.737654 100.521951 50
275 951.8151636389829 -491.0195498874007 13.738056 100.522022 50
276 962.736519747092 -428.06673647555226 13.738625 100.522123 50
277 963.1690497987505 -425.6327080107021 13.738647 100.522127 50
278 964.0341096595805 -420.76465104584247 13.738691 100.522135 50
279 964.3585131564818 -419.1050850706729 13.738706 100.522138 50
280 971.0627810886315 -383.1478328601514 13.739031 100.5222 50
281 647.4768146500425 -913.6618715180822 13.734236 100.519208 50
282 627.3599659057274 -928.266432665724 13.734104 100.519022 50
283 609.5143939286606 -942.8709251676139 13.733972 100.518857 50
284 587.6670813538517 -961.6796974855778 13.733802 100.518655 50
285 568.19923564434 -982.2585896908488 13.733616 100.518475 50
286 548.2988645868476 -1009.2544153953763 13.733372 100.518291 50
287 532.5084484856911 -1036.8033261966586 13.733123 100.518145 50
288 522.3420532051503 -1057.271354595072 13.732938 100.518051 50
289 513.9062300044674 -1081.0584510044462 13.732723 100.517973 50
290 490.32930796060134 -1158.3940798606986 13.732024 100.517755 50
291 536.0734377125004 -831.9037335076652 13.734975 100.518178 50
292 547.4294194555861 -809.6654809402498 13.735176 100.518283 50
293 575.008539579 -773.2653469759781 13.735505 100.518538 50
294 435.93104587089573 -1470.6122581863458 13.729202 100.517252 50
295 442.3112504649273 -1400.1364789144418 13.729839 100.517311 50
296 446.2044886790092 -1371.7027417215984 13.730096 100.517347 50
297 451.17931373304395 -1343.7115320655432 13.730349 100.517393 50
298 1413.446866964763 -955.5629949499576 13.733857 100.52629 50
299 1482.1282148208786 -982.8864941621048 13.73361 100.526925 50
300 1500.1908862586806 -989.9662223124168 13.733546 100.527092 50
301 1410.63518739959 -963.0864555129103 13.733789 100.526264 50
302 1370.7243299534634 -946.8249606672092 13.733936 100.525895 50
303 1357.2044248967904 -941.7363706940142 13.733982 100.52577 50
304 1344.5498273508288 -937.5328242245249 13.73402 100.525653 50
305 1321.0793871169108 -930.5638993452645 13.734083 100.525436 50
306 766.634831757111 140.82198467824549 13.743767 100.52031 50
307 800.3697832038648 423.1685943747442 13.746319 100.520622 50
308 868.821512423304 667.3466660676731 13.748526 100.521255 50
309 884.2853770242336 715.9168383015257 13.748965 100.521398 50
310 891.2063035350217 736.0530123112368 13.749147 100.521462 50
311 901.1552452332072 761.2785961295921 13.749375 100.521554 50
312 933.597623485261 834.8533622160712 13.75004 100.521854 50
313 957.2804091419991 889.5089160373487 13.750534 100.522073 50
314 979.448834988464 948.700555294236 13.751069 100.522278 50
315 998.9134811972768 1006.6751046790505 13.751593 100.522458 50
316 1021.0810018807839 1084.0112607150963 13.752292 100.522663 50
317 1039.5713590608182 1161.0153818221575 13.752988 100.522834 50
318 -294.8790016926556 503.92299468897005 13.747049 100.510495 50
319 -283.7392794916623 518.416319111879 13.74718 100.510598 50
320 -266.65117237031393 541.9818217391178 13.747393 100.510756 50
321 -261.02724746285526 549.5050815478376 13.747461 100.510808 50
322 -244.47976626993017 591.1044377735942 13.747837 100.510961 50
323 -228.79756092871162 630.6017099890112 13.748194 100.511106 50
324 -320.5112407773274 469.29391432775 13.746736 100.510258 50
325 -336.84237042258786 446.8348084519542 13.746533 100.510107 50
326 -351.98383396388704 426.47780009561484 13.746349 100.509967 50
327 -393.9474088168394 372.2662708149425 13.745859 100.509579 50
328 -424.33869065949506 331.3310594505659 13.745489 100.509298 50
329 -488.69069880127097 242.15877211733502 13.744683 100.508703 50
330 -522.110637945478 196.68761915400177 13.744272 100.508394 50
331 -552.9349497087574 155.0887496173807 13.743896 100.508109 50
332 -562.7771213316256 141.70188571224892 13.743775 100.508018 50
333 1058.4935115868611 1254.9470087176974 13.753837 100.523009 50
334 1067.683629999555 1315.0233113472455 13.75438 100.523094 50
335 1078.7122866369778 1373.3295025072734 13.754907 100.523196 50
336 1089.3084712663094 1427.6527477793554 13.755398 100.523294 50
337 1103.6892992325013 1492.8185935030012 13.755987 100.523427 50
338 -1125.6588287872974 -1145.0979765583563 13.732144 100.502814 50
339 -1099.3768160397567 -1153.8394102959746 13.732065 100.503057 50
340 -1082.8288971826405 -1159.9251303544233 13.73201 100.50321 50
341 -1060.7649873639273 -1167.8918915666375 13.731938 100.503414 50
342 -1054.275594302342 -1170.1048920447192 13.731918 100.503474 50
343 -1040.6478652849753 -1174.752187782511 13.731876 100.5036 50
344 -1033.7258540202683 -1177.4077478696174 13.731852 100.503664 50
345 -986.6777164710172 -1194.0051001344889 13.731702 100.504099 50
346 -897.9890923370303 -1224.7653528383023 13.731424 100.504919 50
347 -873.3292828829394 -1233.0639549451466 13.731349 100.505147 50
348 -843.6942274833547 -1243.0222480312434 13.731259 100.505421 50
349 -783.126213959683 -1265.1515092135242 13.731059 100.505981 50
350 -757.1684633401942 -1274.6670456589668 13.730973 100.506221 50
351 -694.1126821958895 -1297.7919034511392 13.730764 100.506804 50
352 -574.5983551973759 -1338.8410838584155 13.730393 100.507909 50
353 -566.378359824244 -1342.0497324348096 13.730364 100.507985 50
354 -509.5953763514173 -1360.859168775492 13.730194 100.50851 50
355 -499.86116750904495 -1365.395468116051 13.730153 100.5086 50
356 -493.1554101510915 -1370.2636172910782 13.730109 100.508662 50
357 -1435.2177766497014 622.6743256859107 13.748122 100.499951 50
358 -1433.486868013423 631.7464658835842 13.748204 100.499967 50
359 -534.1004119666451 935.853737629131 13.750953 100.508283 50
360 -542.644493793313 922.1349209600901 13.750829 100.508204 50
361 -565.248912942405 866.8168821307181 13.750329 100.507995 50
362 -572.7116343610601 848.6725711978767 13.750165 100.507926 50
363 -579.525433190603 832.0771666674194 13.750015 100.507863 50
364 216.14297394010177 -458.28748884992467 13.738352 100.51522 50
365 219.3876744165383 -463.9299451340457 13.738301 100.51525 50
366 224.68731744017717 -468.79792487412675 13.738257 100.515299 50
367 230.7440397894207 -472.6701644835257 13.738222 100.515355 50
368 235.50288983165666 -475.21477129316696 13.738199 100.515399 50
369 241.23513743800558 -477.75936824601746 13.738176 100.515452 50
370 -1312.148304245261 504.839426951661 13.747057 100.501089 50
371 -1301.333221287752 504.2857001194377 13.747052 100.501189 50
372 -1208.107186499126 499.5238244573932 13.747009 100.502051 50
373 -1201.0773784649675 499.1915887983008 13.747006 100.502116 50
374 -1152.3013315104972 496.6447373302248 13.746983 100.502567 50
375 -1098.0095802477495 493.76583329349216 13.746957 100.503069 50
376 -1087.0863323198942 493.32282774957474 13.746953 100.50317 50
377 -1500.018719106886 297.1839072623678 13.74518 100.499352 50
378 -1498.2878363622867 305.039034135256 13.745251 100.499368 50
379 -1485.3061071513569 366.4418231673096 13.745806 100.499488 50
380 -1472.9730787372534 432.6020490538008 13.746404 100.499602 50
381 -1471.8912274747352 438.5763860713424 13.746458 100.499612 50
382 -1469.4029165861718 453.290967102854 13.746591 100.499635 50
383 -1468.4292743599403 458.2695774178675 13.746636 100.499644 50
384 -1459.6666720349465 500.20051052244276 13.747015 100.499725 50
385 -1457.1785222706385 512.2598051930477 13.747124 100.499748 50
386 261.9016569581545 -1362.74365802365 13.730177 100.515643 50
387 344.7511263687883 -1346.9216244989686 13.73032 100.516409 50
388 417.2173132087747 -1334.529238330032 13.730432 100.517079 50
389 506.55613385357856 -1319.4810439798136 13.730568 100.517905 50
390 538.8954550075126 -1313.6166425027445 13.730621 100.518204 50
391 1276.9880819136292 527.7395426107889 13.747264 100.525029 50
392 1338.2020763041153 517.564006438169 13.747172 100.525595 50
393 1495.9960169064937 490.46651221926066 13.746927 100.527054 50
394 1500.1057993457732 489.80292621098704 13.746921 100.527092 50
395 804.4738618107792 607.1580646145525 13.747982 100.52066 50
396 779.9235410121139 611.0296145420696 13.748017 100.520433 50
397 730.60662308604 618.6621406720989 13.748086 100.519977 50
398 709.8416107835882 621.9806778076708 13.748116 100.519785 50
399 685.6157901329566 625.0778662531632 13.748144 100.519561 50
400 1242.48778820977 530.2825276425287 13.747287 100.52471 50
401 1184.410238643868 540.4584307504712 13.747379 100.524173 50
402 1179.54340548143 541.3433062966864 13.747387 100.524128 50
403 -37.58905886126661 -573.0188477955396 13.737315 100.512874 50
404 -31.640489392978125 -562.5083482829118 13.73741 100.512929 50
405 -28.720284028449704 -557.087142546877 13.737459 100.512956 50
406 -28.287656348193043 -551.8872077255298 13.737506 100.51296 50
407 -30.558901150799823 -534.4065714732238 13.737664 100.512939 50
408 -37.156356997943774 -517.1472028412344 13.73782 100.512878 50
409 -41.37440563832163 -510.9515287204089 13.737876 100.512839 50
410 -56.7324112213123 -488.04965622391603 13.738083 100.512697 50
411 -74.36163779437277 -461.7180231311423 13.738321 100.512534 50
412 -982.6132386619332 468.8679048616192 13.746732 100.504136 50
413 -978.2872423878046 467.4294612054931 13.746719 100.504176 50
414 -968.4456378097173 463.11425080689725 13.74668 100.504267 50
415 -955.6840909043677 454.81600487675854 13.746605 100.504385 50
416 -880.1964938301684 394.95873105444406 13.746064 100.505083 50
417 -847.6436754145986 370.2856025199274 13.745841 100.505384 50
418 -831.8539134671859 358.33629865139335 13.745733 100.50553 50
419 -818.0108236809929 347.8253463463565 13.745638 100.505658 50
420 -104.31967892321276 -230.15480870996956 13.740414 100.512257 50
421 -96.31637066318868 -257.03961752410595 13.740171 100.512331 50
422 -89.93534327817825 -278.61384451510924 13.739976 100.51239 50
423 -88.63750603598864 -283.0393267018844 13.739936 100.512402 50
424 -77.82217679581667 -319.3282781678134 13.739608 100.512502 50
425 -70.14327480542588 -345.1067068281934 13.739375 100.512573 50
426 -65.92527909636148 -358.93633505307173 13.73925 100.512612 50
427 -62.572509726848764 -369.7787631148683 13.739152 100.512643 50
428 -50.02663796370791 -410.16127134933697 13.738787 100.512759 50
429 -38.021500291854316 -448.8842176122702 13.738437 100.51287 50
430 -31.964845673612352 -472.44989158704857 13.738224 100.512926 50
431 -25.15109746794693 -500.33040459071026 13.737972 100.512989 50
432 -23.85323820728093 -504.75588282689245 13.737932 100.513001 50
433 -22.339068735139165 -510.1770934940431 13.737883 100.513015 50
434 -20.28412296953271 -516.9259475685976 13.737822 100.513034 50
435 -14.44374540063234 -536.8405976740323 13.737642 100.513088 50
436 -3.087430384582696 -577.4443514736312 13.737275 100.513193 50
437 -830.9895423173782 331.8940294730274 13.745494 100.505538 50
438 -898.2628425506274 248.69724298687885 13.744742 100.504916 50
439 -913.4047739302215 230.7745771098813 13.74458 100.504776 50
440 -927.4651793279606 213.51570368070097 13.744424 100.504646 50
441 -938.8216940970108 199.02266515095627 13.744293 100.504541 50
442 -800.923240029473 334.99092478060186 13.745522 100.505816 50
443 -786.3230723935262 324.14805525753127 13.745424 100.505951 50
444 -729.5446723434732 276.79377346074835 13.744996 100.506476 50
445 -709.6451431528433 260.30831326777934 13.744847 100.50666 50
446 -697.8568105966029 251.01448831183507 13.744763 100.506769 50
447 -690.8270784528543 245.0399039205375 13.744709 100.506834 50
448 -660.5450831834731 220.69898275871492 13.744489 100.507114 50
449 -623.9903173448613 191.15800821626755 13.744222 100.507452 50
450 -575.9715031821979 152.43396061455277 13.743872 100.507896 50
451 -547.4197102914474 129.31021743076485 13.743663 100.50816 50
452 -525.4650759483077 111.60784973846727 13.743503 100.508363 50
453 -496.5887392694366 88.26288239884198 13.743292 100.50863 50
454 -469.4427858467248 65.58180033851869 13.743087 100.508881 50
455 -447.27172941595927 48.43268024080115 13.742932 100.509086 50
456 -409.094202670496 17.674976143069117 13.742654 100.509439 50
457 -358.04649273270394 -23.593362890285427 13.742281 100.509911 50
458 -325.4926782747266 -49.92538671990588 13.742043 100.510212 50
459 -1500.0430687800995 -126.22378893389165 13.741353 100.499352 50
460 -1480.1431668885705 -132.97378002241635 13.741292 100.499536 50
461 -1458.4046404614446 -139.72385875612503 13.741231 100.499737 50
462 -1444.669159682202 -140.60971872347318 13.741223 100.499864 50
463 -1435.6922679439094 -138.28683828351691 13.741244 100.499947 50
464 -1424.3359950296162 -135.96408478030176 13.741265 100.500052 50
465 -1398.701963559154 -106.31476747357051 13.741533 100.500289 50
466 -1363.2246615680933 -50.66625467095651 13.742036 100.500617 50
467 -1351.2186761078865 -32.19050649081809 13.742203 100.500728 50
468 -1324.9353764192642 7.969363774678652 13.742566 100.500971 50
469 -1283.8340912012245 70.58783337404958 13.743132 100.501351 50
470 -1268.1507847723426 93.93146754426738 13.743343 100.501496 50
471 -1261.9856196132591 103.33531138112411 13.743428 100.501553 50
472 -1243.9226980803346 132.87451637102276 13.743695 100.50172 50
473 -1194.0608980662953 207.7734219010777 13.744372 100.502181 50
474 250.43609944332252 -1287.731981681892 13.730855 100.515537 50
475 249.57075816351238 -1280.0980466125625 13.730924 100.515529 50
476 247.29914551892438 -1250.1154786681432 13.731195 100.515508 50
477 246.86648165163461 -1246.9070137303333 13.731224 100.515504 50
478 242.75617042724 -1215.37554584348 13.731509 100.515466 50
479 526.5257867120474 647.7547583660554 13.748349 100.51809 50
480 523.498109859556 620.9805392533526 13.748107 100.518062 50
481 522.7411552933484 616.0018583535235 13.748062 100.518055 50
482 518.5239115287874 584.2489510091807 13.747775 100.518016 50
483 517.9834125873381 571.4150467897047 13.747659 100.518011 50
484 517.7672449364859 564.6661847668033 13.747598 100.518009 50
485 521.553529686124 514.4370577837861 13.747144 100.518044 50
486 530.4237491113795 424.3787152774917 13.74633 100.518126 50
487 534.8588726792415 379.7920953349801 13.745927 100.518167 50
488 536.3734551048615 357.4434532223773 13.745725 100.518181 50
489 535.7251970722746 325.69062263944284 13.745438 100.518175 50
490 527.3985270580092 275.1293482310568 13.744981 100.518098 50
491 520.3695746992458 228.4403986554321 13.744559 100.518033 50
492 511.1778539330174 166.15159583414018 13.743996 100.517948 50
493 499.6070758020674 85.71828964445724 13.743269 100.517841 50
494 -1276.3077927063118 1372.785237306766 13.754902 100.50142 50
495 -1275.9832743523677 1374.3341404821824 13.754916 100.501423 50
496 -1273.9280770735736 1382.4105465384866 13.754989 100.501442 50
497 -1273.279062549618 1385.0658046712786 13.755013 100.501448 50
498 -1246.7778335816563 1491.718669734956 13.755977 100.501693 50
499 -1245.3716527701135 1497.361093866569 13.756028 100.501706 50
500 -1244.8308121254377 1499.5738097446151 13.756048 100.501711 50
501 -149.6300085330767 861.1686979703338 13.750278 100.511838 50
502 -139.03117546781934 892.9214687606126 13.750565 100.511936 50
503 -130.91983976161612 917.4828493510265 13.750787 100.512011 50
504 250.86230897754518 -619.2639002291689 13.736897 100.515541 50
505 254.53959754839647 -618.4894061951294 13.736904 100.515575 50
506 258.64951004594496 -617.8255442720715 13.73691 100.515613 50
507 -862.7480612553996 1483.6266332557725 13.755904 100.505244 50
508 -881.6736782729793 1487.0570157069253 13.755935 100.505069 50
509 -915.4153384208568 1493.1432176884089 13.75599 100.504757 50
510 -931.6372667681745 1496.5735416677007 13.756021 100.504607 50
511 -935.7468206867495 1497.4587854509814 13.756029 100.504569 50
512 418.79917341736467 1189.321115150111 13.753244 100.517094 50
513 418.7991627508615 1189.984937514772 13.75325 100.517094 50
514 419.4475822882951 1219.1931322904202 13.753514 100.5171 50
515 419.33910126921097 1239.882261494926 13.753701 100.517099 50
516 419.01432625006044 1260.46075045824 13.753887 100.517096 50
517 416.09375161414016 1296.7496619102503 13.754215 100.517069 50
518 409.92875145959965 1333.2597975634228 13.754545 100.517012 50
519 405.71067882563426 1353.3956788462667 13.754727 100.516973 50
520 418.7995662945789 1164.870324935436 13.753023 100.517094 50
521 -411.1278241431686 1367.6679462186958 13.754856 100.50942 50
522 -414.37264227636086 1342.995930144572 13.754633 100.50939 50
523 229.6626274300225 -488.4912546225676 13.738079 100.515345 50
524 9.458631365099404 -612.5162528887906 13.736958 100.513309 50
525 31.19802461574207 -687.3067893235708 13.736282 100.51351 50
526 34.65903645072967 -701.0257617469875 13.736158 100.513542 50
527 244.15594432831386 -543.6989482301914 13.73758 100.515479 50
528 303.2090041184596 -559.298134580656 13.737439 100.516025 50
529 302.6682547506306 -561.7321531149321 13.737417 100.51602 50
530 300.721595461012 -573.9022368363467 13.737307 100.516002 50
531 299.532044088228 -587.8425023148399 13.737181 100.515991 50
532 299.4241893111325 -614.0634529601983 13.736944 100.51599 50
533 306.34719091323996 -702.1303550118804 13.736148 100.516054 50
534 307.9699151254456 -734.546949837807 13.735855 100.516069 50
535 310.6745416785791 -795.0653041281994 13.735308 100.516094 50
536 310.5664352094256 -799.269507656483 13.73527 100.516093 50
537 310.56681436224113 -831.1329347322769 13.734982 100.516093 50
538 311.32432130805535 -865.5410006162708 13.734671 100.5161 50
539 310.7836348501577 -873.7281372978139 13.734597 100.516095 50
540 305.4844102133507 -913.0042969365885 13.734242 100.516046 50
541 303.8621713474143 -922.9616360761291 13.734152 100.516031 50
542 296.3998541012397 -968.544120081741 13.73374 100.515962 50
543 291.3167106773713 -990.560917634317 13.733541 100.515915 50
544 285.8009472492511 -1014.2372718198293 13.733327 100.515864 50
545 283.8542065959803 -1022.7563330382073 13.73325 100.515846 50
546 279.3118273142101 -1044.5518476982784 13.733053 100.515804 50
547 270.55146522091206 -1082.9429369847514 13.732706 100.515723 50
548 260.0605528704669 -1121.4446763956814 13.732358 100.515626 50
549 1097.7468175659335 -1210.0430083951435 13.731557 100.523371 50
550 1130.0859178709834 -1205.2842421982998 13.7316 100.52367 50
551 1158.2068277049066 -1200.3043497835013 13.731645 100.52393 50
552 1175.9446287588687 -1197.2057239159908 13.731673 100.524094 50
553 1185.354303406921 -1195.3244712857347 13.73169 100.524181 50
554 1267.7700910636695 -1180.384618878912 13.731825 100.524943 50
555 1290.5912459889832 -1176.2899356398018 13.731862 100.525154 50
556 1341.208787116157 -1167.768343291037 13.731939 100.525622 50
557 1399.5054303259483 -1157.6973256252613 13.73203 100.526161 50
558 1418.2165834920806 -1154.3772089369024 13.73206 100.526334 50
559 1418.3247414748855 -1154.3772030565503 13.73206 100.526335 50
560 1441.4703299455325 -1150.3930069689068 13.732096 100.526549 50
561 1467.211683478167 -1146.0767338471233 13.732135 100.526787 50
562 1500.1994763097098 -1139.4366452542872 13.732195 100.527092 50
563 -1074.649068143619 490.4457502291058 13.746927 100.503285 50
564 -1023.1695862391348 478.3842465507969 13.746818 100.503761 50
565 -1380.5806934685943 1019.6370478497671 13.75171 100.500456 50
566 -1327.584283441432 1086.680349158267 13.752316 100.500946 50
567 -1320.2280765469732 1128.0582341803772 13.75269 100.501014 50
568 -1319.5790005862652 1131.7092241924986 13.752723 100.50102 50
569 -1312.2228190387207 1173.0871127836074 13.753097 100.501088 50
570 -1308.6529185773004 1193.1122413686733 13.753278 100.501121 50
571 -1305.840254768385 1209.2651114308983 13.753424 100.501147 50
572 -1303.568512092538 1221.8776229738266 13.753538 100.501168 50
573 -1289.8299323707072 1297.9952416529463 13.754226 100.501295 50
574 -1281.824708551565 1344.462416894588 13.754646 100.501369 50
575 -1280.634693262824 1352.428227713179 13.754718 100.50138 50
576 -1278.1466584192174 1365.4832804117768 13.754836 100.501403 50
577 -1270.483650668054 1048.1758115424816 13.751968 100.501474 50
578 -1246.5828602183944 1045.961917349901 13.751948 100.501695 50
579 -1214.2464692614108 1043.4157398596099 13.751925 100.501994 50
580 -1219.4387278978493 1019.6290166381118 13.75171 100.501946 50
581 -1228.7396071556136 1018.1911714981406 13.751697 100.50186 50
582 -1244.854042396811 1013.2132684475611 13.751652 100.501711 50
583 -1265.8349048269667 1014.099374570799 13.75166 100.501517 50
584 -1144.6320845454322 280.5703430062689 13.74503 100.502638 50
585 -1139.6565010453237 294.0678378862032 13.745152 100.502684 50
586 -1136.519746474607 302.0335643469216 13.745224 100.502713 50
587 -1121.3761380280052 356.35567250712256 13.745715 100.502853 50
588 -1108.2875509466328 408.79704983117796 13.746189 100.502974 50
589 -1097.578763837864 451.28120544745076 13.746573 100.503073 50
590 -1090.2232292312083 481.04225104477143 13.746842 100.503141 50
591 379.6556927003707 764.1423552890898 13.749401 100.516732 50
592 244.68824611155088 359.8731001050745 13.745747 100.515484 50
593 227.81654953702736 363.30269415683983 13.745778 100.515328 50
594 138.91577915467968 377.7955157219833 13.745909 100.514506 50
595 98.1425861930768 384.8760982619137 13.745973 100.514129 50
596 89.59860404274303 386.4249854788673 13.745987 100.51405 50
597 83.00135333380312 387.420696629895 13.745996 100.513989 50
598 38.334734077301476 394.61199760541166 13.746061 100.513576 50
599 -22.77089081097638 405.3437682381957 13.746158 100.513011 50
600 -34.01864606265378 407.55652046443555 13.746178 100.512907 50
601 -37.26319045475367 408.2203468927779 13.746184 100.512877 50
602 -129.73263620028771 427.13956989094237 13.746355 100.512022 50
603 544.6280686070879 -1323.4632037576825 13.730532 100.518257 50
604 556.202867509617 -1408.8746103522576 13.72976 100.518364 50
605 565.0733381881204 -1474.9246173587528 13.729163 100.518446 50
606 593.62350557454 -1303.7687741285406 13.73071 100.51871 50
607 619.0406700318755 -1299.2320721364088 13.730751 100.518945 50
608 668.4689141274185 -1290.2692667380263 13.730832 100.519402 50
609 670.3076009264743 -1289.9373089767375 13.730835 100.519419 50
610 729.578184695673 -1279.2039431900705 13.730932 100.519967 50
611 748.2895072919763 -1275.773670475489 13.730963 100.52014 50
612 765.270302355759 -1272.7859825997812 13.73099 100.520297 50
613 771.651622989534 -1271.7900628641976 13.730999 100.520356 50
614 780.412412880936 -1270.2408861820838 13.731013 100.520437 50
615 800.0971518041363 -1266.9211840049684 13.731043 100.520619 50
616 816.5371498908329 -1264.1547530423895 13.731068 100.520771 50
617 853.0945000758195 -1257.957918841388 13.731124 100.521109 50
618 857.7452828005762 -1257.0726714323093 13.731132 100.521152 50
619 876.240255856048 -1253.6423139942738 13.731163 100.521323 50
620 882.4052432997775 -1252.4251006907923 13.731174 100.52138 50
621 885.217338959645 -1251.761184237535 13.73118 100.521406 50
622 938.863493691746 -1240.4743485504216 13.731282 100.521902 50
623 979.4225977583466 -1233.1708242198752 13.731348 100.522277 50
624 984.5060008272374 -1232.174901083214 13.731357 100.522324 50
625 1004.9477675105535 -1228.1911944552105 13.731393 100.522513 50
626 1158.1293395506955 545.3252791039042 13.747423 100.52393 50
627 1142.4473226288221 548.3117868296683 13.74745 100.523785 50
628 528.6885210702264 661.3631554293909 13.748472 100.51811 50
629 383.54960167393597 729.6236601033042 13.749089 100.516768 50
630 629.5934516137133 638.4635329565165 13.748265 100.519043 50
631 614.8848485374629 643.8843959565507 13.748314 100.518907 50
632 1225.7107821289958 819.5975426193852 13.749902 100.524555 50
633 1251.7728706199478 861.530216053491 13.750281 100.524796 50
634 1276.8615084460478 903.9054172647926 13.750664 100.525028 50
635 1288.5406975434373 923.156836444073 13.750838 100.525136 50
636 1302.815070822627 950.0423465011136 13.751081 100.525268 50
637 1305.3022766403574 954.5785895863132 13.751122 100.525291 50
638 1310.0603817119054 963.7617026898538 13.751205 100.525335 50
639 1326.0648426905498 995.6259802479847 13.751493 100.525483 50
640 1327.5787775321205 998.613257497421 13.75152 100.525497 50
641 1328.0113343062462 999.3877388390515 13.751527 100.525501 50
642 1334.9321768629097 1012.9964488516243 13.75165 100.525565 50
643 1349.4226591241477 1041.652189978495 13.751909 100.525699 50
644 1350.6121878704298 1043.7543554846336 13.751928 100.52571 50
645 1384.7834572227991 1114.7851348401969 13.75257 100.526026 50
646 1406.8427030738237 1171.5431256926745 13.753083 100.52623 50
647 1412.681849899422 1187.4751779453895 13.753227 100.526284 50
648 1417.5477760558513 1201.1944375366716 13.753351 100.526329 50
649 1422.9543533145845 1216.4626465381666 13.753489 100.526379 50
650 1442.3099399692187 1269.458863805896 13.753968 100.526558 50
651 1457.77277372409 1310.948624194265 13.754343 100.526701 50
652 1463.2874150007324 1326.8806712015214 13.754487 100.526752 50
653 1474.9653560295135 1362.3958293678934 13.754808 100.52686 50
654 1478.5336727214392 1372.1320939660357 13.754896 100.526893 50
655 1481.2369327789027 1379.6555684643604 13.754964 100.526918 50
656 1208.9488354296311 792.1587766927987 13.749654 100.5244 50
657 277.0345449285094 -481.74194199566045 13.73814 100.515783 50
658 281.6852196534499 -481.8525291171225 13.738139 100.515826 50
659 285.90327240810524 -481.8524832272619 13.738139 100.515865 50
660 251.50991171008695 -481.07837902261497 13.738146 100.515547 50
661 255.72796542463573 -481.1889749399953 13.738145 100.515586 50
662 945.8126351126514 997.7115244335918 13.751512 100.521967 50
663 946.4614611958443 999.5923777494256 13.751529 100.521973 50
664 951.9763882056343 1018.0689652519962 13.751696 100.522024 50
665 966.5748632770993 1062.2136847668032 13.752095 100.522159 50
666 1004.5305789388723 1179.2691236025933 13.753153 100.52251 50
667 1022.0484443787149 1234.367061101907 13.753651 100.522672 50
668 1030.3748711503963 1259.039454249297 13.753874 100.522749 50
669 1042.7021293964385 1299.3118368051369 13.754238 100.522863 50
670 1058.9222375891684 1350.0949059969855 13.754697 100.523013 50
671 1067.140422238463 1375.320493862336 13.754925 100.523089 50
672 1078.6025730668034 1411.1673781547288 13.755249 100.523195 50
673 1097.5254370504422 1480.5376171093983 13.755876 100.52337 50
674 735.381582732635 39.477616901271816 13.742851 100.520021 50
675 737.7603675074225 60.05616058578467 13.743037 100.520043 50
676 737.9766358480126 61.383810359841746 13.743049 100.520045 50
677 740.2473736028206 78.09005749070133 13.7432 100.520066 50
678 744.03191952979 106.30259351670225 13.743455 100.520101 50
679 750.6278528439846 154.42986748759162 13.74389 100.520162 50
680 753.8716749636181 180.54028831388294 13.744126 100.520192 50
681 760.2512861176345 228.0037391574502 13.744555 100.520251 50
682 765.7658102161743 270.2672293286689 13.744937 100.520302 50
683 766.8470935386513 278.3437612604645 13.74501 100.520312 50
684 771.7139650929269 277.34817189231785 13.745001 100.520357 50
685 770.5245278840292 269.3822735580486 13.744929 100.520346 50
686 761.6581151789985 198.90625348627952 13.744292 100.520264 50
687 759.8200920573172 179.43409109591724 13.744116 100.520247 50
688 758.1981171788692 168.7022567888852 13.744019 100.520232 50
689 745.9799918329475 60.05639435619127 13.743037 100.520119 50
690 745.54748438319 56.40536194175054 13.743004 100.520115 50
691 743.3849421537378 38.26083709176184 13.74284 100.520095 50
692 -1500.0062203737707 514.4749730247779 13.747144 100.499352 50
693 -1469.5077073288564 512.9243189081667 13.74713 100.499634 50
694 -1499.9778817237561 1007.0310172168032 13.751596 100.499352 50
695 -1436.9266299565297 1013.7763274845473 13.751657 100.499935 50
696 -1388.1511508173658 1019.0842644009408 13.751705 100.500386 50
697 -338.4787702496885 -642.1647518689664 13.73669 100.510092 50
698 -377.0901048667009 -620.8112977265577 13.736883 100.509735 50
699 -235.4064960233158 -671.3740306223406 13.736426 100.511045 50
700 -296.62260333384484 -655.5523279176732 13.736569 100.510479 50
701 -314.68458439771166 -650.794729020581 13.736612 100.510312 50
702 -321.3902569493732 -651.3478318310276 13.736607 100.51025 50
703 -676.774057759757 -15.621179292675986 13.742353 100.506964 50
704 -663.1462878336199 2.412296143572922 13.742516 100.50709 50
705 -613.5024275373921 68.12944108793532 13.74311 100.507549 50
706 -573.05194532972 126.87675445510874 13.743641 100.507923 50
707 -631.9997342852791 -62.200464088785466 13.741932 100.507378 50
708 -659.0374057730561 -34.76182828548261 13.74218 100.507128 50
709 -661.4167176465397 -32.32775486118881 13.742202 100.507106 50
710 -965.1030077870643 191.2790355267595 13.744223 100.504298 50
711 -982.9478422232871 199.57747553600763 13.744298 100.504133 50
712 -1016.2581564939752 215.3998406338021 13.744441 100.503825 50
713 -1044.9179415714557 229.78378093795973 13.744571 100.50356 50
714 -1059.9507981674813 237.30770246729193 13.744639 100.503421 50
715 -1069.1435641731932 241.51228309525388 13.744677 100.503336 50
716 -1073.6858699696777 243.61457240251374 13.744696 100.503294 50
717 -686.183036798334 -2.1232236581959203 13.742475 100.506877 50
718 -687.3726754572166 -0.3530008747413511 13.742491 100.506866 50
719 -708.0292283585611 25.75787596063272 13.742727 100.506675 50
720 -734.7421107434808 58.83906871107105 13.743026 100.506428 50
721 -800.821892632317 113.3850416049621 13.743519 100.505817 50
722 -816.5037199063188 123.56412955755833 13.743611 100.505672 50
723 244.37199517622253 -515.9290784861389 13.737831 100.515481 50
724 244.47997326267662 -497.0101632793701 13.738002 100.515482 50
725 329.0577534122113 -525.9961077531528 13.73774 100.516264 50
726 319.1075895268742 -536.7280129100909 13.737643 100.516172 50
727 312.8346742819722 -545.0258580646357 13.737568 100.516114 50
728 398.68073190923917 1376.518718992792 13.754936 100.516908 50
729 396.19324373423143 1382.8249943955498 13.754993 100.516885 50
730 393.4894518600891 1389.795089256055 13.755056 100.51686 50
731 377.8075394760092 1426.6370042761937 13.755389 100.516715 50
732 366.3435712619253 1451.972732090665 13.755618 100.516609 50
733 354.98780556237296 1474.8744510374138 13.755825 100.516504 50
734 347.3091768581038 1488.8146201705847 13.755951 100.516433 50
735 342.3343017724891 1497.333609890174 13.756028 100.516387 50
736 886.9309563997679 -753.8951481746134 13.73568 100.521422 50
737 883.4699015538396 -752.3463489554492 13.735694 100.52139 50
738 876.331484198302 -749.3593933076814 13.735721 100.521324 50
739 810.8960936257978 -722.8086520010185 13.735961 100.520719 50
740 742.3242812581136 -695.2621032837521 13.73621 100.520085 50
741 731.1840652488248 -690.2837569838075 13.736255 100.519982 50
742 702.197904208006 -677.7825824769607 13.736368 100.519714 50
743 666.7223370890293 -662.2943456863634 13.736508 100.519386 50
744 658.0697693257156 -658.6435472910812 13.736541 100.519306 50
745 652.1211295271049 -656.0990476889874 13.736564 100.519251 50
746 923.1631962415603 -750.2428732340861 13.735713 100.521757 50
747 931.1668816165869 -753.5616959068406 13.735683 100.521831 50
748 988.1661397706705 -776.682711864417 13.735474 100.522358 50
749 1037.9188891127585 -796.7060589831692 13.735293 100.522818 50
750 1056.9547426868785 -804.3392407877255 13.735224 100.522994 50
751 1091.0246752384178 -819.2738195749006 13.735089 100.523309 50
752 1156.8932140730421 -845.713200181799 13.73485 100.523918 50
753 1215.2989011696134 -868.6123820527192 13.734643 100.524458 50
754 -1352.3080380308945 -183.20989750402646 13.740838 100.500718 50
755 -1357.2831776857197 -184.3160086253303 13.740828 100.500672 50
756 -1366.6926768017215 -186.30698245461343 13.74081 100.500585 50
757 -1384.1057127131457 -190.95281626804046 13.740768 100.500424 50
758 -1398.5986143449086 -195.9307060249213 13.740723 100.50029 50
759 -1411.793750953762 -202.34693833484033 13.740665 100.500168 50
760 -1425.7460450504657 -210.0907659624982 13.740595 100.500039 50
761 -1438.4005835990308 -219.38357496085015 13.740511 100.499922 50
762 -1451.81229021781 -230.11461595051873 13.740414 100.499798 50
763 1500.191407662087 -999.0384468371227 13.733464 100.527092 50
764 1480.9389744310263 -991.5162387664312 13.733532 100.526914 50
765 324.5044014808848 344.2741546761804 13.745606 100.516222 50
766 223.39560147474134 -1186.8314070626923 13.731767 100.515287 50
767 365.18175465246435 -533.4083009071437 13.737673 100.516598 50
768 334.1410776055035 -527.6555969853998 13.737725 100.516311 50
769 308.40001272978645 -520.6857878231291 13.737788 100.516073 50
770 287.8504333485216 -515.1541764707039 13.737838 100.515883 50
771 325.9208756147629 -496.2348143813229 13.738009 100.516235 50
772 346.14601607485446 -504.3110494119879 13.737936 100.516422 50
773 -495.102511253821 -1382.9868184472957 13.729994 100.508644 50
774 -463.1526772901805 1036.0895440798276 13.751859 100.508939 50
775 -404.6443882024506 1018.8291913004158 13.751703 100.50948 50
776 -370.36133900408066 1006.4373327287163 13.751591 100.509797 50
777 -329.481194180181 991.611420160665 13.751457 100.510175 50
778 291.4206751676608 -615.0592758466569 13.736935 100.515916 50
779 -1139.4569827630248 -90.17438416849431 13.741679 100.502686 50
780 -1150.381152340761 -105.10989410313604 13.741544 100.502585 50
781 -1161.5215974762343 -119.04965705895742 13.741418 100.502482 50
782 -1170.6069048707768 -127.90020744780523 13.741338 100.502398 50
783 -1185.100168102663 -142.50363115380767 13.741206 100.502264 50
784 -1197.1057109792205 -152.79231973097097 13.741113 100.502153 50
785 -1214.0863415962558 -163.08077162366584 13.74102 100.501996 50
786 -1236.041940023566 -170.7136902592367 13.740951 100.501793 50
787 -1255.2935164910161 -174.4744273100921 13.740917 100.501615 50
788 -1281.250593762403 -177.23908907405985 13.740892 100.501375 50
789 -1314.453879366783 -177.79062182666974 13.740887 100.501068 50
790 -1326.134560715296 -178.89640013407273 13.740877 100.50096 50
791 -906.8265173857179 -316.6573452931638 13.739632 100.504837 50
792 -884.8701043259878 -285.790392523328 13.739911 100.50504 50
793 -618.9231969470184 -485.0551783887202 13.73811 100.507499 50
794 -613.8399696651903 -487.93185859798336 13.738084 100.507546 50
795 -576.9594958496525 -508.62180551864293 13.737897 100.507887 50
796 -550.3536047336675 -523.558365205249 13.737762 100.508133 50
797 -492.16663047304604 -556.1974200404394 13.737467 100.508671 50
798 -446.74175325774513 -581.6447291341611 13.737237 100.509091 50
799 -87.66464971906328 -441.6926975562696 13.738502 100.512411 50
800 -137.41564010405222 -380.06771125559015 13.739059 100.511951 50
801 -159.1546483767561 -363.36141031561226 13.73921 100.51175 50
802 -183.48932923972293 -345.1061557863489 13.739375 100.511525 50
803 -190.30303394115595 -340.016807793946 13.739421 100.511462 50
804 -882.0579743571168 -282.3607425201801 13.739942 100.505066 50
805 -842.03934305846 -235.4520001552933 13.740366 100.505436 50
806 -838.0374857074074 -230.69474028418847 13.740409 100.505473 50
807 -749.5643971898312 -126.69869775163033 13.741349 100.506291 50
808 -718.4147987175508 -78.57249744643967 13.741784 100.506579 50
809 -713.6558347063813 -70.93867781088508 13.741853 100.506623 50
810 -709.8703028198198 -65.0750221723839 13.741906 100.506658 50
811 -692.3487475929894 -38.96517001956185 13.742142 100.50682 50
812 -299.64425388932335 -70.83608218657321 13.741854 100.510451 50
813 -284.28659384744503 -83.33823058408399 13.741741 100.510593 50
814 -271.7408884442143 -93.51696454892111 13.741649 100.510709 50
815 -238.86244252996312 -120.2914301206069 13.741407 100.511013 50
816 -221.8824292460949 -134.12119959674334 13.741282 100.51117 50
817 -215.93401379973454 -139.0999125072972 13.741237 100.511225 50
818 -201.11703917529226 -151.1594590134798 13.741128 100.511362 50
819 -183.3799124753565 -165.542393703746 13.740998 100.511526 50
820 -118.48782104755293 -218.64850558728506 13.740518 100.512126 50
821 -834.3485772370568 134.07520704225564 13.743706 100.505507 50
822 -852.5179105231564 143.59057461483002 13.743792 100.505339 50
823 -873.2829069365243 152.66349376418952 13.743874 100.505147 50
824 -923.464961737001 173.46497423220737 13.744062 100.504683 50
825 4.375262195093662 -318.1113875419015 13.739619 100.513262 50
826 -28.071065657153632 -291.89041763785787 13.739856 100.512962 50
827 -61.49071493052787 -264.78430903237506 13.740101 100.512653 50
828 240.36919069955258 -401.1986202512113 13.738868 100.515444 50
829 240.15327301115545 -443.7938410652489 13.738483 100.515442 50
830 239.93712061917734 -460.94256713651885 13.738328 100.51544 50
831 239.93717250388423 -466.5850504957626 13.738277 100.51544 50
832 240.4779991639149 -472.1168919238452 13.738227 100.515445 50
833 345.8050158473725 742.7889384153145 13.749208 100.516419 50
834 -225.12036171267042 639.7845504292885 13.748277 100.51114 50
835 -214.52139043867308 666.2267085785257 13.748516 100.511238 50
836 -199.38003632372184 704.5069978052888 13.748862 100.511378 50
837 -193.97238899508673 722.4301548350473 13.749024 100.511428 50
838 -181.64300119771232 760.3785658738302 13.749367 100.511542 50
839 -164.33864971152303 814.9225065728914 13.74986 100.511702 50
840 -784.474495629735 656.3909280727037 13.748427 100.505968 50
841 -821.2452122472781 670.5535983581275 13.748555 100.505628 50
842 -869.9122846149543 689.0315584894643 13.748722 100.505178 50
843 -915.2267345540638 704.5222921990885 13.748862 100.504759 50
844 -924.4193866268214 707.9523640758817 13.748893 100.504674 50
845 -944.2106405775965 714.7019314056254 13.748954 100.504491 50
846 -669.8359546728473 618.7711463328412 13.748087 100.507028 50
847 -674.8111558902712 608.2607580861111 13.747992 100.506982 50
848 -678.2722164709761 599.0779756237596 13.747909 100.50695 50
849 -636.1990366616308 703.6288981032313 13.748854 100.507339 50
850 -661.7240954965664 640.8983426651394 13.748287 100.507103 50
851 -619.2185094376715 742.9046330946067 13.749209 100.507496 50
852 -634.5766827854869 707.7224284319035 13.748891 100.507354 50
853 -603.3196225241019 778.30810922691 13.749529 100.507643 50
854 -612.4046854523275 758.5042929593278 13.74935 100.507559 50
855 -458.93347335516813 1115.41623574009 13.752576 100.508978 50
856 -451.3626841972814 1137.8754259818427 13.752779 100.509048 50
857 -441.84510580330954 1168.0791798437508 13.753052 100.509136 50
858 -437.7352490091096 1181.134283585322 13.75317 100.509174 50
859 -430.2722307864412 1228.7080960632727 13.7536 100.509243 50
860 -427.2436957339577 1252.384378137691 13.753814 100.509271 50
861 -416.75216968453503 1325.5153106778428 13.754475 100.509368 50
862 -111.34482645654504 911.065810167891 13.750729 100.512192 50
863 -81.6037659989909 901.2190037285424 13.75064 100.512467 50
864 -54.56642115020205 891.1509627093232 13.750549 100.512717 50
865 -6.007297503853373 872.4532471176934 13.75038 100.513166 50
866 69.15673079611608 846.7855459845114 13.750148 100.513861 50
867 120.6360684966227 828.3093487163273 13.749981 100.514337 50
868 138.0482136538642 822.113761248694 13.749925 100.514498 50
869 380.0882476654629 767.2401983615335 13.749429 100.516736 50
870 384.63008328725977 798.7718181971283 13.749714 100.516778 50
871 387.1173056556454 813.9291282131308 13.749851 100.516801 50
872 399.33691235552413 900.3368366148609 13.750632 100.516914 50
873 403.22977634988064 933.7492824371056 13.750934 100.51695 50
874 409.609503666737 1002.6762599568794 13.751557 100.517009 50
875 414.04272342929465 1058.7693134973103 13.752064 100.51705 50
876 416.63755742703756 1104.9050056681835 13.752481 100.517074 50
877 417.6105741516247 1124.9303281806633 13.752662 100.517083 50
878 1134.9866471979565 508.37150091615564 13.747089 100.523716 50
879 1139.6360610103748 533.1543934971467 13.747313 100.523759 50
880 1145.0422646687766 563.8010821681479 13.74759 100.523809 50
881 1149.475303827042 589.8009751440077 13.747825 100.52385 50
882 1126.9816254629716 550.9664023023756 13.747474 100.523642 50
883 1116.815368381902 552.6255202112088 13.747489 100.523548 50
884 1100.8089172169957 555.3907650740612 13.747514 100.5234 50
885 1150.448426299824 595.1115947175307 13.747873 100.523859 50
886 1162.7745112114908 664.5921879281166 13.748501 100.523973 50
887 1166.1264178727506 681.5198016833301 13.748654 100.524004 50
888 1169.5864406950345 699.1112430565363 13.748813 100.524036 50
889 1169.6945661791817 699.6644330171832 13.748818 100.524037 50
890 1096.1583914546422 556.2756653173412 13.747522 100.523357 50
891 1070.8508871126655 561.0320055729154 13.747565 100.523123 50
892 1043.0559267784015 565.6776337994451 13.747607 100.522866 50
893 1027.4820947904825 568.4429409869844 13.747632 100.522722 50
894 1003.147993431111 572.6462002680555 13.74767 100.522497 50
895 979.2465031353692 576.8494984998181 13.747708 100.522276 50
896 972.7574133817644 577.9556258256489 13.747718 100.522216 50
897 934.1473347697888 584.7030723275863 13.747779 100.521859 50
898 890.6704622293314 592.3355054895247 13.747848 100.521457 50
899 830.1057074410187 602.954661156502 13.747944 100.520897 50
900 205.8739310231167 -1179.8614284950984 13.73183 100.515125 50
901 187.05436921214056 -1172.3382631122251 13.731898 100.514951 50
902 180.56485039732462 -1167.2490128216646 13.731944 100.514891 50
903 175.69763438927768 -1151.7598841459608 13.732084 100.514846 50
904 172.88546769032095 -1142.798316316779 13.732165 100.51482 50
905 145.62918468981624 -1056.2804458160056 13.732947 100.514568 50
906 134.9214070555956 -1021.9830703179144 13.733257 100.514469 50
907 133.2990200713918 -1017.0044189443058 13.733302 100.514454 50
908 127.8910635911892 -999.5238184286599 13.73346 100.514404 50
909 114.15488926591641 -955.7116752835126 13.733856 100.514277 50
910 112.64066941224411 -951.1755694549473 13.733897 100.514263 50
911 111.4509209880991 -946.5288252508169 13.733939 100.514252 50
912 101.06771064320263 -913.8909849961219 13.734234 100.514156 50
913 95.55164869431951 -898.7337515815433 13.734371 100.514105 50
914 92.1987487951469 -888.7764432739815 13.734461 100.514074 50
915 88.95400377430062 -877.4914913601381 13.734563 100.514044 50
916 85.38478683979278 -864.8788972663502 13.734677 100.514011 50
917 74.89347538778247 -828.921937991485 13.735002 100.513914 50
918 67.75507298689337 -804.1392920288351 13.735226 100.513848 50
919 249.23883013806054 -499.6654044629048 13.737978 100.515526 50
920 281.1447774305179 -512.8308741902094 13.737859 100.515821 50
921 267.62530479022695 -507.2991701560906 13.737909 100.515696 50
922 255.83632889035798 -502.4312637305592 13.737953 100.515587 50
923 -1104.2922603872914 259.65821324808064 13.744841 100.503011 50
924 -1122.5695596436951 269.17377437071616 13.744927 100.502842 50
925 -1124.4081069050378 270.058949464193 13.744935 100.502825 50
926 600.9640746148099 -686.3041532639653 13.736291 100.518778 50
927 610.6973653332168 -654.1085859276071 13.736582 100.518868 50
928 614.9151174408502 -640.1682357380905 13.736708 100.518907 50
929 -893.9018524043503 1266.6683778289018 13.753943 100.504956 50
930 -888.4937158242448 1288.3530583126344 13.754139 100.505006 50
931 -884.1672047722343 1305.9442052974168 13.754298 100.505046 50
932 -875.5142261831634 1340.3520425611887 13.754609 100.505126 50
933 -866.6449349465616 1375.9768841615016 13.754931 100.505208 50
934 -860.371554863291 1400.9806557088282 13.755157 100.505266 50
935 -858.3163572786509 1413.0400294648061 13.755266 100.505285 50
936 -857.4507490090102 1426.0951762741754 13.755384 100.505293 50
937 -857.8829375068792 1438.265269241765 13.755494 100.505289 50
938 -858.4234622971031 1444.6822376842642 13.755552 100.505284 50
939 -859.0721157648946 1451.652395132264 13.755615 100.505278 50
940 -859.3964587878361 1454.6396070097148 13.755642 100.505275 50
941 -861.5587254073472 1475.1075385348804 13.755827 100.505255 50
942 -895.199794970137 1261.8003914104193 13.753899 100.504944 50
943 -1361.9341735228 -191.5071680436813 13.740763 100.500629 50
944 -961.9470425627294 721.1195268518909 13.749012 100.504327 50
945 -1004.0169713230827 734.1762811616791 13.74913 100.503938 50
946 -1020.7800374715014 739.4875089989632 13.749178 100.503783 50
947 -856.0564992953236 1070.950150549183 13.752174 100.505306 50
948 -854.0016728837194 1070.9500831922676 13.752174 100.505325 50
949 -839.8341819474526 1071.060260240917 13.752175 100.505456 50
950 -836.048986057887 1070.7282274870931 13.752172 100.505491 50
951 -819.7185616424849 1069.510701605544 13.752161 100.505642 50
952 -720.1137633038273 1061.763168003639 13.752091 100.506563 50
953 -711.3537349058948 1060.8778312251063 13.752083 100.506644 50
954 -601.4747550366751 1052.134739087326 13.752004 100.50766 50
955 -599.095483163218 1052.0240472814478 13.752003 100.507682 50
956 -541.7766889117015 1047.7079488171428 13.751964 100.508212 50
957 -503.92464720639146 1044.71998973656 13.751937 100.508562 50
958 -495.59719698975067 1044.0560078883475 13.751931 100.508639 50
959 -893.0433974448669 1070.287568346812 13.752168 100.504964 50
960 -1063.6136868927858 587.5845924786058 13.747805 100.503387 50
961 -1061.6666533163498 595.4397411477524 13.747876 100.503405 50
962 -1084.0575848617086 505.7140464410885 13.747065 100.503198 50
963 -1078.0001214358558 529.943300166737 13.747284 100.503254 50
964 -1073.1325249599554 549.4152131820424 13.74746 100.503299 50
965 -1067.6159265086133 571.43175208767 13.747659 100.50335 50
966 -1064.262704366283 584.8186936140139 13.74778 100.503381 50
967 635.7896717727259 -659.6398320544399 13.736532 100.5191 50
968 233.56257366075283 -1199.0013734933746 13.731657 100.515381 50
969 -575.7894750855709 -1401.1296058748949 13.72983 100.507898 50
970 -586.929915049661 -1403.89527885825 13.729805 100.507795 50
971 -520.4117918986137 -1387.522436738594 13.729953 100.50841 50
972 -567.3530195964557 -1398.695780011447 13.729852 100.507976 50
973 -577.7360973123878 -1390.287151447927 13.729928 100.50788 50
974 -565.0814435960494 -1387.742781057874 13.729951 100.507997 50
975 -588.8765278662604 -1392.8315499199866 13.729905 100.507777 50
976 -997.1053842547245 472.0769279353174 13.746761 100.504002 50
977 -495.5975440696813 1025.800894851398 13.751766 100.508639 50
978 477.00601003642197 -71.71853751182007 13.741846 100.517632 50
979 468.1385270559589 -133.23284689097596 13.74129 100.51755 50
980 703.5909130203921 -194.96297856540386 13.740732 100.519727 50
981 704.3478447189942 -189.54174754479183 13.740781 100.519734 50
982 717.648182837887 -94.94678854719852 13.741636 100.519857 50
983 724.7846970124134 -36.53027574312185 13.742164 100.519923 50
984 727.7043189997839 -17.943184459255686 13.742332 100.51995 50
985 732.5701785988828 19.009698558207987 13.742666 100.519995 50
986 732.7864444385995 20.44798521786754 13.742679 100.519997 50
987 635.248991741783 -663.7334109835883 13.736495 100.519095 50
988 634.4920426415275 -669.5971857379926 13.736442 100.519088 50
989 634.2757548898512 -670.5929232029481 13.736433 100.519086 50
990 630.5989675083887 -691.9459361133253 13.73624 100.519052 50
991 624.0023519994934 -729.7839173732476 13.735898 100.518991 50
992 396.97834006338894 -460.71937608224977 13.73833 100.516892 50
993 407.9018783020961 -452.5320747946708 13.738404 100.516993 50
994 -677.5145836196303 621.3159960184973 13.74811 100.506957 50
995 -691.7903397874394 626.0737624280077 13.748153 100.506825 50
996 -693.6288794598639 626.8482703698777 13.74816 100.506808 50
997 -663.4546224235252 636.2516318851003 13.748245 100.507087 50
998 1500.10653764525 476.96903362555764 13.746805 100.527092 50
999 1382.2205810427429 498.204825558388 13.746997 100.526002 50
1000 1291.8053623331466 515.7914753022241 13.747156 100.525166 50
1001 1263.6858346516115 520.9900372541551 13.747203 100.524906 50
1002 1259.0353025883348 521.7642714282052 13.74721 100.524863 50
1003 283.73947425159645 -418.01499838012614 13.738716 100.515845 50
1004 282.11707607142836 -411.15552615178376 13.738778 100.51583 50
1005 281.4680463838015 -401.86203076353763 13.738862 100.515824 50
1006 281.6839332938826 -362.6965533323488 13.739216 100.515826 50
1007 286.3333082628213 -246.30644006605613 13.740268 100.515869 50
1008 -324.4043735247674 494.40856261705676 13.746963 100.510222 50
1009 -384.21164214632824 515.9835913450745 13.747158 100.509669 50
1010 -393.29629960537403 518.0858298900378 13.747177 100.509585 50
1011 -411.3574224395502 524.6136919521623 13.747236 100.509418 50
1012 -464.02664115748604 543.201593287272 13.747404 100.508931 50
1013 -473.9764499888822 547.5166155832555 13.747443 100.508839 50
1014 -503.1770026925873 557.8064045263427 13.747536 100.508569 50
1015 -1061.125814115633 597.5418224121146 13.747895 100.50341 50
1016 -1043.8192980018246 657.5063872047183 13.748437 100.50357 50
1017 -1025.6474767863115 722.1176870211543 13.749021 100.503738 50
1018 -1205.2701589416833 1042.419590098643 13.751916 100.502077 50
1019 -1203.4316229426079 1042.5301422593568 13.751917 100.502094 50
1020 -1168.0668166881126 1045.2944608520647 13.751942 100.502421 50
1021 -1139.7316788179746 1048.3910447593335 13.75197 100.502683 50
1022 -1137.5687162759705 1048.059039190173 13.751967 100.502703 50
1023 -1092.037877729513 1052.1506640967855 13.752004 100.503124 50
1024 -1077.3295857407988 1053.367060014896 13.752015 100.50326 50
1025 -1038.5040099566454 1057.0165079854603 13.752048 100.503619 50
1026 -1032.988407192168 1057.348200122488 13.752051 100.50367 50
1027 -1030.500971336106 1057.6800128842142 13.752054 100.503693 50
1028 -953.2824151952839 1065.9748553215395 13.752129 100.504407 50
1029 -943.8734353696669 1066.970246612488 13.752138 100.504494 50
1030 -941.8183248202973 1074.8254029918392 13.752209 100.504513 50
1031 -940.8448343902397 1079.0295758389343 13.752247 100.504522 50
1032 -932.6243595573943 1111.777848464024 13.752543 100.504598 50
1033 -930.3529193185485 1120.7393688152301 13.752624 100.504619 50
1034 -928.1896370353268 1129.4796191563057 13.752703 100.504639 50
1035 -926.4590209026742 1136.2284180723807 13.752764 100.504655 50
1036 -915.2099931780314 1181.367940798682 13.753172 100.504759 50
1037 -912.6140736991488 1191.6570964808693 13.753265 100.504783 50
1038 -900.2834678822915 1241.0007980377354 13.753711 100.504897 50
1039 -899.5263245949518 1244.0986097347043 13.753739 100.504904 50
1040 -895.9569372302997 1258.7025795495947 13.753871 100.504937 50
1041 -1016.8859594999313 756.7467330014885 13.749334 100.503819 50
1042 -1016.5614704893237 757.742453596529 13.749343 100.503822 50
1043 -1012.9918952712221 773.7846837414768 13.749488 100.503855 50
1044 -1008.7734505772478 789.1630672784815 13.749627 100.503894 50
1045 -1007.908127120043 792.3715076871449 13.749656 100.503902 50
1046 -1004.6630541284422 807.3073815980974 13.749791 100.503932 50
1047 -1003.0405339241487 814.3880891548313 13.749855 100.503947 50
1048 -996.6586285252255 842.2683767445492 13.750107 100.504006 50
1049 -993.9544598138457 853.4426140093246 13.750208 100.504031 50
1050 -988.5461335284731 875.6804526095656 13.750409 100.504081 50
1051 -986.490923307795 885.416434032515 13.750497 100.5041 50
1052 -984.8684087031017 892.6077801500189 13.750562 100.504115 50
1053 -984.1112243903247 896.2587738193259 13.750595 100.504122 50
1054 -981.8396643854999 907.4330290928688 13.750696 100.504143 50
1055 -980.8661279647041 912.5222962615832 13.750742 100.504152 50
1056 -979.0272638066865 921.1519162633681 13.75082 100.504169 50
1057 -975.6740450345239 936.8622503743755 13.750962 100.5042 50
1058 -975.3495515555269 938.079245691545 13.750973 100.504203 50
1059 -969.4003850177133 963.7468177135978 13.751205 100.504258 50
1060 -965.5064113274144 980.0103187362722 13.751352 100.504294 50
1061 -964.8574223267954 982.5549467478883 13.751375 100.5043 50
1062 -962.0451204250454 994.0610955683195 13.751479 100.504326 50
1063 -959.0164985216242 1006.2310591101232 13.751589 100.504354 50
1064 -951.769459376231 1035.1070631155312 13.75185 100.504421 50
1065 -946.1449009911563 1057.5661795774201 13.752053 100.504473 50
1066 -845.7561601952074 -1456.7725847317652 13.729327 100.505402 50
1067 -842.619888623665 -1467.5044602185853 13.72923 100.505431 50
1068 -483.9621042790994 -1380.9955641687695 13.730012 100.508747 50
1069 -478.33839355002823 -1411.1995281785694 13.729739 100.508799 50
1070 -493.5887860678505 -1409.4290544848157 13.729755 100.508658 50
1071 -491.20978667265206 -1435.9819430543662 13.729515 100.50868 50
1072 -492.2910590422226 -1419.0544848981112 13.729668 100.50867 50
1073 -476.60821429048724 -1431.224829466369 13.729558 100.508815 50
1074 -1190.0124281930052 -1136.797354785401 13.732219 100.502219 50
1075 -1195.529185938782 -1152.175627767633 13.73208 100.502168 50
1076 -1216.730897398675 -1211.1440986821303 13.731547 100.501972 50
1077 -1227.1154853157764 -1240.904929022044 13.731278 100.501876 50
1078 -1234.795774175681 -1263.0319392324757 13.731078 100.501805 50
1079 -1237.5000968753088 -1270.6657545527273 13.731009 100.50178 50
1080 -1241.3943487440288 -1282.1718030759705 13.730905 100.501744 50
1081 -1256.5386172407914 -1325.3194529155712 13.730515 100.501604 50
1082 -1259.351143473695 -1333.61708153388 13.73044 100.501578 50
1083 -1277.0916585178154 -1384.3985350900618 13.729981 100.501414 50
1084 -1298.510192667859 -1446.0222028153676 13.729424 100.501216 50
1085 -1313.2219071108143 -1487.0677358545754 13.729053 100.50108 50
1086 726.1984760947357 -316.2204514753268 13.739636 100.519936 50
1087 713.4374992014538 -362.1351332452716 13.739221 100.519818 50
1088 -197.76566268286044 -334.81681615101695 13.739468 100.511393 50
1089 -205.87721236488466 -329.1742694821998 13.739519 100.511318 50
1090 -223.83076971420263 -317.4466059512223 13.739625 100.511152 50
1091 -229.9955411192274 -313.3529855156164 13.739662 100.511095 50
1092 -235.51138968126259 -309.92319112488246 13.739693 100.511044 50
1093 -257.6829271317164 -296.53591157095286 13.739814 100.510839 50
1094 -293.8062465835102 -273.41240857120664 13.740023 100.510505 50
1095 -331.4436880375646 -252.39093793206948 13.740213 100.510157 50
1096 -398.17428469909186 -214.77344254653192 13.740553 100.50954 50
1097 -410.9363664333462 -208.35630156216064 13.740611 100.509422 50
1098 683.4862334758091 -651.7834051231976 13.736603 100.519541 50
1099 749.0294503147521 -677.5600059634418 13.73637 100.520147 50
1100 762.7654413510832 -683.6446380230767 13.736315 100.520274 50
1101 787.2090322006951 -694.4863290101575 13.736217 100.5205 50
1102 352.0945944477929 -507.0768929275017 13.737911 100.516477 50
1103 359.6655129546457 -510.5065343121722 13.73788 100.516547 50
1104 371.3463643967954 -515.9275799458069 13.737831 100.516655 50
1105 373.0768593275423 -516.5913767990933 13.737825 100.516671 50
1106 412.5538305431263 -533.739505481257 13.73767 100.517036 50
1107 492.4812951651265 -566.2653738781333 13.737376 100.517775 50
1108 524.7119177898868 -579.6518127486374 13.737255 100.518073 50
1109 561.5933311056739 -596.025308733861 13.737107 100.518414 50
1110 610.3720617676482 -618.3728701777679 13.736905 100.518865 50
1111 622.3774808933416 -623.7937953722801 13.736856 100.518976 50
1112 -680.9761433032156 592.9930102916543 13.747854 100.506925 50
1113 -684.7616429858829 584.474059342252 13.747777 100.50689 50
1114 -688.0063531279654 577.3933758897712 13.747713 100.50686 50
1115 -718.1824331635102 504.5950367867767 13.747055 100.506581 50
1116 -721.8597392943639 498.5101029229023 13.747 100.506547 50
1117 -742.0850213655287 462.6642808383458 13.746676 100.50636 50
1118 -751.6028188927842 445.84772889871874 13.746524 100.506272 50
1119 -764.9061458714984 421.6186123237208 13.746305 100.506149 50
1120 -792.269616199449 383.6709384796117 13.745962 100.505896 50
1121 -808.1685885375726 361.5440269345281 13.745762 100.505749 50
1122 -553.5749382643395 575.6199843178467 13.747697 100.508103 50
1123 -576.2864355751909 583.475704114643 13.747768 100.507893 50
1124 -586.7769617708226 587.9014185279749 13.747808 100.507796 50
1125 -597.2675097465342 591.2207670365242 13.747838 100.507699 50
1126 -620.0871283746972 599.1871645484695 13.74791 100.507488 50
1127 -647.773442319528 610.03026486953 13.748008 100.507232 50
1128 -509.8823123084634 560.1299119723064 13.747557 100.508507 50
1129 -514.8572155696643 562.0108388874622 13.747574 100.508461 50
1130 -526.5374269127768 566.1046414789441 13.747611 100.508353 50
1131 1248.2873812305781 -882.3297992553423 13.734519 100.524763 50
1132 1275.218941215101 -892.61772771186 13.734426 100.525012 50
1133 1281.9247993723611 -895.2726844672991 13.734402 100.525074 50
1134 1310.9114180467411 -906.5562069333131 13.7343 100.525342 50
1135 1331.1371695642702 -914.4104019922663 13.734229 100.525529 50
1136 1372.9948147886626 -931.3356767455379 13.734076 100.525916 50
1137 1400.2509694158994 -942.0660062121082 13.733979 100.526168 50
1138 1419.287028719104 -949.5882858842035 13.733911 100.526344 50
1139 1486.1296559566758 -976.2480533420473 13.73367 100.526962 50
1140 1500.1904220797162 -981.8897296959088 13.733619 100.527092 50
1141 1308.316599384517 -925.4752456185159 13.734129 100.525318 50
1142 1273.8138410236454 -911.8686156509077 13.734252 100.524999 50
1143 1237.3642520287085 -897.3769371866224 13.734383 100.524662 50
1144 1177.8768081704663 -872.1544792876381 13.734611 100.524112 50
1145 1153.865569782409 -862.5301425401768 13.734698 100.52389 50
1146 1123.9056047898016 -850.0294812869181 13.734811 100.523613 50
1147 1098.812802521943 -839.5200451028131 13.734906 100.523381 50
1148 1067.7713013474959 -826.4661802060319 13.735024 100.523094 50
1149 999.9560372876051 -798.8096429699706 13.735274 100.522467 50
1150 983.732297880819 -791.8401350524957 13.735337 100.522317 50
1151 935.8182462139342 -771.4847079065437 13.735521 100.521874 50
1152 926.3003496668288 -767.7233929046671 13.735555 100.521786 50
1153 918.2966683537205 -764.6258425816695 13.735583 100.521712 50
1154 912.1316856757862 -762.6345946082537 13.735601 100.521655 50
1155 842.2612228478764 -717.6077234812689 13.736008 100.521009 50
1156 890.0669012154634 -736.6356841121748 13.735836 100.521451 50
1157 893.7442631006654 -738.0738381582358 13.735823 100.521485 50
1158 657.9611447693705 -640.0565485867747 13.736709 100.519305 50
1159 663.9097871102999 -642.8223207156284 13.736684 100.51936 50
1160 667.5871289916532 -644.4817805716883 13.736669 100.519394 50
1161 605.1809955949265 -636.074897555262 13.736745 100.518817 50
1162 597.6100134846815 -632.8666015788385 13.736774 100.518747 50
1163 560.7285374151629 -617.0463415462028 13.736917 100.518406 50
1164 545.9110665262983 -610.7403516215542 13.736974 100.518269 50
1165 482.9639304231695 -583.7461851026972 13.737218 100.517687 50
1166 449.75991070652236 -569.5852530526707 13.737346 100.51738 50
1167 418.0701129262184 -555.9774389699523 13.737469 100.517087 50
1168 367.2367199446386 -534.2933674408199 13.737665 100.516617 50
1169 -81.60736369922809 -248.52062285388837 13.740248 100.512467 50
1170 354.14938304182874 -495.1280771512375 13.738019 100.516496 50
1171 363.88322319751904 -485.61316751003415 13.738105 100.516586 50
1172 -171.37825280519627 -686.5317866462544 13.736289 100.511637 50
1173 -227.29481453954548 -673.3655669691544 13.736408 100.51112 50
1174 -412.99127790532486 -207.3605365627681 13.74062 100.509403 50
1175 -436.0279024095896 -195.9645558077207 13.740723 100.50919 50
1176 -477.55872970789284 -178.8151010942138 13.740878 100.508806 50
1177 -495.62027415043286 -170.18508189765512 13.740956 100.508639 50
1178 -512.6002309733983 -159.6742432085948 13.741051 100.508482 50
1179 -541.4768163837155 -135.77607760393303 13.741267 100.508215 50
1180 -578.3566047815397 -106.67776638587821 13.74153 100.507874 50
1181 -615.7771202723519 -79.34958100604808 13.741777 100.507528 50
1182 -1500.1200823659628 -1466.1472941332554 13.729242 100.499352 50
1183 -1470.4850268290784 -1476.5488448777553 13.729148 100.499626 50
1184 -1455.018552653993 -1482.081554328926 13.729098 100.499769 50
1185 -1435.9828798445792 -1488.8314565792396 13.729037 100.499945 50
1186 1495.9452879543633 1374.4564653217662 13.754917 100.527054 50
1187 1500.0549756329322 1373.0184193659973 13.754904 100.527092 50
1188 531.8245955034666 675.5247577338 13.7486 100.518139 50
1189 1174.2359668369197 719.9112123253226 13.749001 100.524079 50
1190 1178.453205086529 733.6303935688193 13.749125 100.524118 50
1191 1183.535694938216 746.1326075858389 13.749238 100.524165 50
1192 1188.1857007096003 755.9795143508135 13.749327 100.524208 50
1193 -1433.162288570114 634.0698254112936 13.748225 100.49997 50
1194 -1432.5131541721344 638.273996419879 13.748263 100.499976 50
1195 -1427.320274253062 668.4776179089245 13.748536 100.500024 50
1196 -1414.121133593138 756.7652438091673 13.749334 100.500146 50
1197 -1411.3082498189196 774.9095640190618 13.749498 100.500172 50
1198 -1409.577042519402 789.8454693328473 13.749633 100.500188 50
1199 -1406.1146278744745 819.827917814199 13.749904 100.50022 50
1200 -1404.058804496625 837.9722804412005 13.750068 100.500239 50
1201 -1396.3767903144033 901.1456155815122 13.750639 100.50031 50
1202 -1388.1541261262494 963.2125566017316 13.7512 100.500386 50
1203 -1382.3117751594689 1006.4713309164975 13.751591 100.50044 50
1204 -1454.7985690335502 523.5446471800569 13.747226 100.49977 50
1205 -1450.3632015264518 544.6760689881282 13.747417 100.499811 50
1206 -1444.3048184988165 579.5263915027188 13.747732 100.499867 50
1207 -1435.6505009494851 620.4616091710344 13.748102 100.499947 50
1208 -168.99882406497537 -687.1956236312449 13.736283 100.511659 50
1209 355.9712133025592 736.4827647155647 13.749151 100.516513 50
1210 359.75650660997195 733.7168910177465 13.749126 100.516548 50
1211 362.89289816169907 731.0616458641113 13.749102 100.516577 50
1212 366.0293012250182 727.631941920642 13.749071 100.516606 50
1213 367.86791210503105 723.5383978809623 13.749034 100.516623 50
1214 369.70653768223497 718.4491207681095 13.748988 100.51664 50
1215 -310.56765018981025 -61.87436057364016 13.741935 100.51035 50
1216 411.1280516538184 719.7773850328932 13.749 100.517023 50
1217 410.26284470196146 720.1092824818666 13.749003 100.517015 50
1218 408.4242806520181 720.7730757733816 13.749009 100.516998 50
1219 393.1750190009765 726.1940556500331 13.749058 100.516857 50
1220 638.4618592822881 635.9190971167282 13.748242 100.519125 50
1221 633.7032049010464 637.1359882660913 13.748253 100.519081 50
1222 392.09166516499835 849.333053010293 13.750171 100.516847 50
1223 653.278600157171 631.3833462858717 13.748201 100.519262 50
1224 -931.3281498141786 1067.7442550255198 13.752145 100.50461 50
1225 -1334.9412388789071 1031.140925166193 13.751814 100.500878 50
1226 -1327.4780166638814 1049.7275685593931 13.751982 100.500947 50
1227 1260.7652805130597 530.8365897072089 13.747292 100.524879 50
1228 484.1652826294988 -1211.2786182264426 13.731546 100.517698 50
1229 473.02675185346686 -1308.7498983144337 13.730665 100.517595 50
1230 464.48390133687576 -1403.2339253512064 13.729811 100.517516 50
1231 462.10564437201333 -1473.3777287618668 13.729177 100.517494 50
1232 617.6190426093802 -641.3851779130989 13.736697 100.518932 50
1233 274.2328998578881 -1470.7250960202985 13.729201 100.515757 50
1234 268.8245261207737 -1431.0065245297376 13.72956 100.515707 50
1235 623.3535573422129 -735.7583258331018 13.735844 100.518985 50
1236 620.2174756716598 -754.6773114122043 13.735673 100.518956 50
1237 603.6715635722478 -841.4170299691723 13.734889 100.518803 50
1238 594.2630501002923 -890.5400275505344 13.734445 100.518716 50
1239 588.5314133575506 -920.6333921388411 13.734173 100.518663 50
1240 580.096147110235 -964.7776997893635 13.733774 100.518585 50
1241 560.0893132215614 -1069.5512649978666 13.732827 100.5184 50
1242 552.6272632588909 -1108.6062416341886 13.732474 100.518331 50
1243 -1015.1016277711855 -636.5047143220987 13.736741 100.503836 50
1244 -1016.507800197432 -640.2663146510979 13.736707 100.503823 50
1245 -1021.9161951122466 -655.6446343153355 13.736568 100.503773 50
1246 -699.7405516742392 -1432.9899880396476 13.729542 100.506752 50
1247 -864.3600691326485 -1472.4824069380375 13.729185 100.50523 50
1248 -920.1707917301018 -1487.305835050267 13.729051 100.504714 50
1249 302.34477260895045 -646.7013091682751 13.736649 100.516017 50
1250 367.45230787944564 -482.9578312315201 13.738129 100.516619 50
1251 372.6437007586175 -478.9748282067012 13.738165 100.516667 50
1252 287.84702915146187 -206.587759055932 13.740627 100.515883 50
1253 245.66951656309465 -479.5295176988359 13.73816 100.515493 50
1254 -821.8680625751344 1496.7911261338318 13.756023 100.505622 50
1255 -832.3584762479396 1491.923427073856 13.755979 100.505525 50
1256 -834.5214483713094 1490.927762429238 13.75597 100.505505 50
1257 -851.7170010786829 1485.5071011433113 13.755921 100.505346 50
1258 -1442.361867923555 511.4845226339054 13.747117 100.499885 50
1259 -1399.101555580569 509.26942624584217 13.747097 100.500285 50
1260 -1388.1783252477485 508.7156576036888 13.747092 100.500386 50
1261 -1380.1751680643717 508.2726848856049 13.747088 100.50046 50
1262 -1323.7204444621655 505.3931966758818 13.747062 100.500982 50
1263 374.0497023270058 -477.86843880918775 13.738175 100.51668 50
1264 733.2207953103275 -41.39806636524844 13.74212 100.520001 50
1265 714.1898786971847 -190.31593859312736 13.740774 100.519825 50
1266 713.4329611237974 -196.1797176977058 13.740721 100.519818 50
1267 713.0004448490599 -199.83074888672118 13.740688 100.519814 50
1268 -43.42949296675684 -592.8228471930452 13.737136 100.51282 50
1269 -44.18657227637537 -586.7378154178851 13.737191 100.512813 50
1270 -43.64578837171426 -583.3080718508428 13.737222 100.512818 50
1271 -408.8564309758486 1386.4762133191227 13.755026 100.509441 50
1272 -1466.197551075582 -243.6115189303157 13.740292 100.499665 50
1273 -1346.575821121423 -182.10382452579552 13.740848 100.500771 50
1274 -1156.745897745496 262.8689592398974 13.74487 100.502526 50
1275 152.32401785081743 816.692626148648 13.749876 100.51463 50
1276 185.74239954670247 804.19085819189 13.749763 100.514939 50
1277 237.5463779778812 783.0596058304618 13.749572 100.515418 50
1278 300.70623555201877 758.3882002429028 13.749349 100.516002 50
1279 334.989955436472 746.5504561622083 13.749242 100.516319 50
1280 337.15296755594795 745.7760248483661 13.749235 100.516339 50
1281 339.6404315790091 744.8909609108049 13.749227 100.516362 50
1282 -315.96261845795743 986.6325858712014 13.751412 100.5103 50
1283 -268.59348531060783 969.4833132233962 13.751257 100.510738 50
1284 -237.4466271689743 957.8661215612448 13.751152 100.511026 50
1285 -188.99589787407294 940.6063469497055 13.750996 100.511474 50
1286 -147.68295794018314 924.2317983019594 13.750848 100.511856 50
1287 -1500.0942151209317 -1015.9658956358787 13.733311 100.499352 50
1288 -1496.2006244812492 -1017.2937618442577 13.733299 100.499388 50
1289 -1456.8320663781155 -1030.5724160555235 13.733179 100.499752 50
1290 -1419.6265765504309 -1043.0764349252545 13.733066 100.500096 50
1291 -1375.6072696219755 -1058.3466828052094 13.732928 100.500503 50
1292 -1370.1994716498818 -1059.8958837277632 13.732914 100.500553 50
1293 -1303.9001221924282 -1085.0138532804656 13.732687 100.501166 50
1294 -1253.9320742869302 -1101.8331082735258 13.732535 100.501628 50
1295 -1223.7565450644922 -1112.234407606856 13.732441 100.501907 50
1296 1497.4879248239042 -1006.8938209437208 13.733393 100.527067 50
1297 1414.9620207921992 -973.1541778908722 13.733698 100.526304 50
1298 1408.256105253439 -970.0567079449805 13.733726 100.526242 50
1299 1403.929715310379 -968.1761140695533 13.733743 100.526202 50
1300 1394.4116619915937 -964.0830597633185 13.73378 100.526114 50
1301 1368.3452096335745 -953.2420251058769 13.733878 100.525873 50
1302 1337.1952929358113 -940.4097613875733 13.733994 100.525585 50
1303 1332.1117625714398 -937.5334623550209 13.73402 100.525538 50
1304 1500.1919290624598 -1008.110671299148 13.733382 100.527092 50
1305 1339.5738292235806 -922.4864631661916 13.734156 100.525607 50
1306 1356.2304476100692 -930.8940061654789 13.73408 100.525761 50
1307 1373.2115130684117 -938.6377000626073 13.73401 100.525918 50
1308 1038.6450763594096 -20.25603304042417 13.742311 100.522825 50
1309 1040.0507955548799 -13.396485189974893 13.742373 100.522838 50
1310 1055.6218555379228 60.9521830972067 13.743045 100.522982 50
1311 1070.0027345336937 145.36878085386581 13.743808 100.523115 50
1312 1071.3002521440646 153.00278563203102 13.743877 100.523127 50
1313 1072.7059579288114 159.75169912998297 13.743938 100.52314 50
1314 1080.1669205579874 197.479217519688 13.744279 100.523209 50
1315 1083.843223357807 218.61103382507872 13.74447 100.523243 50
1316 1094.8721516684213 280.6788439268644 13.745031 100.523345 50
1317 1101.3597086156933 317.74250889932233 13.745366 100.523405 50
1318 1110.2260198989795 368.08271708851004 13.745821 100.523487 50
1319 1125.2554647127101 452.3887547305679 13.746583 100.523626 50
1320 1133.7972449618162 502.39705080719807 13.747035 100.523705 50
1321 741.7630272106173 24.873717667072754 13.742719 100.52008 50
1322 740.789853565494 17.682287078563053 13.742654 100.520071 50
1323 977.1182145408277 -350.17779961056624 13.739329 100.522256 50
1324 979.4971475406019 -337.6757363377479 13.739442 100.522278 50
1325 979.9296745242184 -335.24170743152575 13.739464 100.522282 50
1326 981.9841828356481 -323.8460253814731 13.739567 100.522301 50
1327 984.7955703690137 -307.1397413263249 13.739718 100.522327 50
1328 986.8500366702325 -294.74832617484316 13.73983 100.522346 50
1329 990.4183892089144 -275.1654519615609 13.740007 100.522379 50
1330 993.7705079303473 -257.684687183301 13.740165 100.52241 50
1331 996.6900476348189 -241.31030774984652 13.740313 100.522437 50
1332 997.2307002269561 -238.2124525693154 13.740341 100.522442 50
1333 1001.8800854194272 -205.7956485040917 13.740634 100.522485 50
1334 1002.6370064681236 -201.70205227223016 13.740671 100.522492 50
1335 1019.1812155987151 -115.7364981365144 13.741448 100.522645 50
1336 1037.1312207066132 -27.558132937415145 13.742245 100.522811 50
1337 525.4824045920443 -1245.1326993545192 13.73124 100.51808 50
1338 524.9417685052873 -1252.877290669355 13.73117 100.518075 50
1339 526.0234772743651 -1259.0729331909276 13.731114 100.518085 50
1340 533.4870909506114 -1292.485113652078 13.730812 100.518154 50
1341 456.8025244708744 -1283.967530985413 13.730889 100.517445 50
1342 464.4805513071347 -1214.9299927396974 13.731513 100.517516 50
1343 475.1868392523469 -1139.254181285097 13.732197 100.517615 50
1344 666.2861370469128 -522.2280185509621 13.737774 100.519382 50
1345 648.1181926771488 -609.0784586858683 13.736989 100.519214 50
1346 647.6856192011725 -611.0699339283921 13.736971 100.51921 50
1347 732.144630158547 -232.6893924125012 13.740391 100.519991 50
1348 712.4629951047503 -321.42076645110234 13.739589 100.519809 50
1349 693.7542759550699 -397.20757272963874 13.738904 100.519636 50
1350 628.434418093618 -632.6446033647218 13.736776 100.519032 50
1351 564.5188398794306 -841.3072697501797 13.73489 100.518441 50
1352 528.0727734558867 -976.6169516726127 13.733667 100.518104 50
1353 516.0682396936611 -1023.1953201722814 13.733246 100.517993 50
1354 505.0371031761705 -1070.8800314616526 13.732815 100.517891 50
1355 496.49350186955326 -1115.6881304027606 13.73241 100.517812 50
1356 511.5246493154853 -973.2981748278293 13.733697 100.517951 50
1357 528.8284463448911 -906.1412380147625 13.734304 100.518111 50
1358 547.3218893255289 -839.5374458778224 13.734906 100.518282 50
1359 612.5354756953213 -631.0960647369787 13.73679 100.518885 50
1360 637.5174179336077 -547.1220451422219 13.737549 100.519116 50
1361 651.0354851883177 -492.3564338599555 13.738044 100.519241 50
1362 679.6940564413044 -393.7781979163001 13.738935 100.519506 50
1363 699.7006622657017 -317.7700928681077 13.739622 100.519691 50
1364 716.137749901239 -230.36646087134204 13.740412 100.519843 50
1365 735.4937536156885 -103.0227894466037 13.741563 100.520022 50
1366 192.0257118049246 -638.4045859990576 13.736724 100.514997 50
1367 202.516798128699 -634.4215777424665 13.73676 100.515094 50
1368 227.1762534868205 -625.9023321942066 13.736837 100.515322 50
1369 239.28966915099173 -622.2512056785284 13.73687 100.515434 50
