0 0 0 14.4170677987179 120.978521678205 50
1 173.01377603176786 -1382.3517985292544 14.404574 120.980126 50
2 197.06287030093262 -1414.8806673456024 14.40428 120.980349 50
3 619.4804753646106 -1362.9821408615271 14.404749 120.984266 50
4 620.7754338349012 -1397.060159438884 14.404441 120.984278 50
5 621.746782403674 -1427.7082515687237 14.404164 120.984287 50
6 622.7181083918157 -1457.3605557697085 14.403896 120.984296 50
7 623.2580767121585 -1487.4554421179146 14.403624 120.984301 50
8 -268.5851511713489 36.64660439538412 14.417399 120.976031 50
9 -239.7928838837727 38.19531350263594 14.417413 120.976298 50
10 -419.1246196948657 24.699230737353332 14.417291 120.974635 50
11 -238.7145235056464 38.08465996141876 14.417412 120.976308 50
12 -222.8626072424399 38.416441971227165 14.417415 120.976455 50
13 960.9194227749907 1152.2790551686082 14.427482 120.987433 50
14 938.9223779773413 1138.0052355444022 14.427353 120.987229 50
15 926.5220813711042 1129.7065267478129 14.427278 120.987114 50
16 909.8085028415433 1121.8502386201246 14.427207 120.986959 50
17 1310.795351070173 -195.1175983119692 14.415304 120.990677 50
18 1306.8049510189016 -187.0408605919328 14.415377 120.99064 50
19 1300.9813521031613 -179.51743398705747 14.415445 120.990586 50
20 1281.893118823873 -158.82816250220026 14.415632 120.990409 50
21 1274.128269876383 -147.43232011228395 14.415735 120.990337 50
22 1267.441684037359 -133.82355753679613 14.415858 120.990275 50
23 1261.2940816183057 -116.12096974896785 14.416018 120.990218 50
24 1258.813206364378 -103.72906486933866 14.41613 120.990195 50
25 1258.1655070849401 -90.34127854165204 14.416251 120.990189 50
26 1260.4293922298627 -76.84270121152029 14.416373 120.99021 50
27 -227.39190471808462 18.832646541674734 14.417238 120.976413 50
28 -231.27444718254714 -28.19065265675789 14.416813 120.976377 50
29 -234.18637020434784 -64.14964514920878 14.416488 120.97635 50
30 -237.7453952631127 -107.7430062924807 14.416094 120.976317 50
31 -238.06893531545495 -110.84101090037032 14.416066 120.976314 50
32 -240.76509984683642 -136.067618824492 14.415838 120.976289 50
33 -244.6475184210163 -165.49865316115824 14.415572 120.976253 50
34 -244.53995284611133 -193.04879273347314 14.415323 120.976254 50
35 -237.42304710992974 -229.2291633415022 14.414996 120.97632 50
36 -206.3669304516535 -352.8178027591963 14.413879 120.976608 50
37 -188.57378129367174 -365.32061591307996 14.413766 120.976773 50
38 -167.3297497723583 -370.4103513321079 14.41372 120.97697 50
39 -138.105661207946 -368.19766896985203 14.41374 120.977241 50
40 -88.93154444988726 -359.8996606029986 14.413815 120.977697 50
41 13.730101419221251 -341.3117733478399 14.413983 120.978649 50
42 51.79682492460319 -332.9028464950424 14.414059 120.979002 50
43 1500.058555171326 1439.314378248864 14.430076 120.992433 50
44 1482.3744997231752 1438.0962396529585 14.430065 120.992269 50
45 1473.208892412459 1438.980839888322 14.430073 120.992184 50
46 1401.0701063172219 1447.496193010204 14.43015 120.991515 50
47 1370.4461068546987 1452.473429579225 14.430195 120.991231 50
48 1318.7949926429833 1462.7604541262806 14.430288 120.990752 50
49 1265.957577568922 1477.251969730732 14.430419 120.990262 50
50 59.56122439347675 -366.6489782374654 14.413754 120.979074 50
51 910.9463777166479 -500.39984405505965 14.412545 120.986969 50
52 920.759585313624 -497.8546906102193 14.412568 120.98706 50
53 930.3571512941783 -496.3053292609384 14.412582 120.987149 50
54 946.8564111989394 -495.6408466222372 14.412588 120.987302 50
55 1009.0792265784327 -496.1916100121774 14.412583 120.987879 50
56 1159.7295513385018 -495.963740769909 14.412585 120.989276 50
57 1209.2274114086379 -496.0720213303901 14.412584 120.989735 50
58 1241.4711231216563 -496.2917154299756 14.412582 120.990034 50
59 1258.1860907399468 -496.40151670550074 14.412581 120.990189 50
60 1312.2131733672602 -496.62000490624973 14.412579 120.99069 50
61 865.3306992171031 -500.4014765808787 14.412545 120.986546 50
62 874.281332313569 -501.5075938530113 14.412535 120.986629 50
63 903.6134212592303 -502.0597586340856 14.41253 120.986901 50
64 857.3504527272642 -494.64831239654137 14.412597 120.986472 50
65 202.9854205789754 -340.31515895988986 14.413992 120.980404 50
66 403.0239476793129 -305.1282061201521 14.41431 120.982259 50
67 441.41403390511823 -298.8208953331337 14.414367 120.982615 50
68 573.622627284502 -285.20908810973737 14.41449 120.983841 50
69 619.3457508785708 -285.31863221192407 14.414489 120.984265 50
70 667.6572141458112 -294.2794719399084 14.414408 120.984713 50
71 -385.68063242806517 974.349132962327 14.425874 120.974945 50
72 -385.1412744496343 987.0730952751346 14.425989 120.97495 50
73 -384.3860387269234 1013.627457564683 14.426229 120.974957 50
74 -383.8510095517939 746.7560143719437 14.423817 120.974962 50
75 -385.25209869236625 794.4432579234528 14.424248 120.974949 50
76 -386.6531237743972 845.8923724604862 14.424713 120.974936 50
77 -465.8256511633253 -399.17375177468114 14.41346 120.974202 50
78 -464.9620597469584 -351.8185169635066 14.413888 120.97421 50
79 -458.7065183809742 -300.59087157880583 14.414351 120.974268 50
80 -450.51001004848274 -253.78898272177685 14.414774 120.974344 50
81 -437.89143005588187 -162.95120371409374 14.415595 120.974461 50
82 -425.27309591104506 -81.07550590603938 14.416335 120.974578 50
83 -425.0573789979007 -78.53071749628681 14.416358 120.97458 50
84 -93.67935113291477 -1139.1588382950288 14.406772 120.977653 50
85 -92.9243844879164 -1118.3579487513377 14.40696 120.97766 50
86 -91.52239139557997 -1102.6466414032425 14.407102 120.977673 50
87 -952.731535858602 -845.1621257711702 14.409429 120.969687 50
88 -953.2707145217324 -844.6088897186414 14.409434 120.969682 50
89 -964.8090547953734 -830.778060060243 14.409559 120.969575 50
90 -973.7592820182907 -818.3856865082115 14.409671 120.969492 50
91 -982.8172568982113 -803.8910869557949 14.409802 120.969408 50
92 -990.6890149743721 -790.171032834125 14.409926 120.969335 50
93 -994.5709221373297 -782.0939331215772 14.409999 120.969299 50
94 -1112.2122844856024 -519.6435389886112 14.412371 120.968208 50
95 -1118.5740669076724 -504.2638623987599 14.41251 120.968149 50
96 -783.6429640193825 -988.3401649240467 14.408135 120.971255 50
97 -798.0932990023553 -978.8244014840246 14.408221 120.971121 50
98 -811.4652068543342 -968.9767356683541 14.40831 120.970997 50
99 -862.7958175418078 -926.4880689329782 14.408694 120.970521 50
100 -918.6552931382521 -877.3605433849056 14.409138 120.970003 50
101 -935.9091411037211 -862.2017984721645 14.409275 120.969843 50
102 -938.1736944635034 -859.8782085370027 14.409296 120.969822 50
103 -106.8359813754474 -1138.3842838375028 14.406779 120.977531 50
104 -216.51050244721426 -1134.289776719052 14.406816 120.976514 50
105 -352.06690826191505 -1132.1860060140805 14.406835 120.975257 50
106 -161.61760293082483 -871.623580970543 14.40919 120.977023 50
107 -163.34303356268717 -869.9639236671042 14.409205 120.977007 50
108 -193.9693588727344 -836.6601395323331 14.409506 120.976723 50
109 -211.4392679112048 -817.6293886429081 14.409678 120.976561 50
110 -1153.9412269183929 -421.0586299939656 14.413262 120.967821 50
111 -1184.9931541864455 -306.7628330766814 14.414295 120.967533 50
112 -1201.5971673982258 -245.13381768681896 14.414852 120.967379 50
113 -1206.2333409823889 -227.983908888995 14.415007 120.967336 50
114 -1217.9853369264013 -181.73450883079195 14.415425 120.967227 50
115 -1219.6025617344737 -174.9851986712723 14.415486 120.967212 50
116 -1225.3164077667368 -144.22612751745456 14.415764 120.967159 50
117 -1226.7166855094968 -111.80762094270693 14.416057 120.967146 50
118 -1224.989723919425 -79.94248372702103 14.416345 120.967162 50
119 -1217.5459493496135 -17.872049786149724 14.416906 120.967231 50
120 -90.33611111978954 -1094.9016324453587 14.407172 120.977684 50
121 -89.47336225498546 -1089.2588401328876 14.407223 120.977692 50
122 -88.39492544852081 -1081.845759757464 14.40729 120.977702 50
123 -87.42433337648673 -1075.3178233056476 14.407349 120.977711 50
124 -1215.0501250039842 300.4481813427931 14.419783 120.967254 50
125 -1217.6375949125998 312.0658407732448 14.419888 120.96723 50
126 -1222.4893772580508 328.1093387920921 14.420033 120.967185 50
127 -1234.0261082233244 360.3070725255744 14.420324 120.967078 50
128 -1254.8356000671129 411.9784784907499 14.420791 120.966885 50
129 -460.5422274633479 -433.6944995610982 14.413148 120.974251 50
130 -463.2379861668758 -423.18335438358696 14.413243 120.974226 50
131 -1208.3760527839636 60.241561432220124 14.417612 120.967316 50
132 -1204.4913664475396 113.57137049775524 14.418094 120.967352 50
133 -1205.2447123881773 144.55148985125732 14.418374 120.967345 50
134 -1206.106591116471 161.14800494204792 14.418524 120.967337 50
135 -1207.1833915178204 193.1239296208793 14.418813 120.967327 50
136 -1208.5837220454296 224.5466550744044 14.419097 120.967314 50
137 -1209.014583548527 234.39391741017425 14.419186 120.96731 50
138 -399.400353067688 -581.7360246957786 14.41181 120.974818 50
139 -408.56634470185526 -562.9265496849497 14.41198 120.974733 50
140 -442.10290908215654 -490.5653895467157 14.412634 120.974422 50
141 -446.8475595150562 -477.1774894018167 14.412755 120.974378 50
142 -452.67050737255806 -459.3638444662208 14.412916 120.974324 50
143 -457.30725285205364 -442.98858015893825 14.413064 120.974281 50
144 -424.62596613426933 -74.65821514726278 14.416393 120.974584 50
145 -421.3904875928578 -52.308356747174756 14.416595 120.974614 50
146 -418.47689717656493 66.52232885087439 14.417669 120.974641 50
147 -417.5057958936112 100.82168863244728 14.417979 120.97465 50
148 -415.77962845253967 148.17692882394994 14.418407 120.974666 50
149 -122.36585101983958 -1286.3139529257337 14.405442 120.977387 50
150 -65.10184070195972 -1300.5871200972992 14.405313 120.977918 50
151 -35.876678872831974 -1307.0044752496522 14.405255 120.978189 50
152 1.1131232269282947 -1314.52822710137 14.405187 120.978532 50
153 18.907060535692494 -1319.7284422416858 14.40514 120.978697 50
154 98.278908735915 -1346.1719382111687 14.404901 120.979433 50
155 120.71011033716012 -1352.9210637786052 14.40484 120.979641 50
156 137.96488975546896 -1358.2318390357448 14.404792 120.979801 50
157 151.5530446777442 -1364.206483079235 14.404738 120.979927 50
158 163.5235853170438 -1372.1727047853512 14.404666 120.980038 50
159 -126.24624071570851 -908.9104991594704 14.408853 120.977351 50
160 -143.06922101223736 -891.5394467435361 14.40901 120.977195 50
161 -145.65736659170528 -888.3307827901828 14.409039 120.977171 50
162 -267.2996352736367 -754.3410112448992 14.41025 120.976043 50
163 -360.7798846977439 392.5868186906003 14.420616 120.975176 50
164 -360.56406755193404 402.7659876697965 14.420708 120.975178 50
165 -360.45611081711377 411.1748674736981 14.420784 120.975179 50
166 -364.4450324452582 476.2331149970885 14.421372 120.975142 50
167 -394.85785410605513 252.18115622271938 14.419347 120.97486 50
168 -387.0933423747079 276.3012436449817 14.419565 120.974932 50
169 -365.20175656300165 348.21897103942274 14.420215 120.975135 50
170 -401.4361834688208 228.61426825798313 14.419134 120.974799 50
171 -379.21694661578164 566.2968893157251 14.422186 120.975005 50
172 -381.80453495127546 593.8470833932286 14.422435 120.974981 50
173 -382.01997578374005 608.562631259978 14.422568 120.974979 50
174 -382.9901764039856 628.1464914709544 14.422745 120.97497 50
175 -383.2056572523963 640.2066030353916 14.422854 120.974968 50
176 -383.9601699672507 661.0075355855207 14.423042 120.974961 50
177 -383.85216188649 672.2931400630683 14.423144 120.974962 50
178 -383.8513126226242 727.1721673840477 14.42364 120.974962 50
179 -376.6291929378582 549.2577988750605 14.422032 120.975029 50
180 -360.4566461295004 374.3306902846373 14.420451 120.975179 50
181 -1160.303935658737 -426.59048860384826 14.413212 120.967762 50
182 -1129.3578161945202 -502.0505120043695 14.41253 120.968049 50
183 -1217.0024101555089 70.97436828508992 14.417709 120.967236 50
184 -1218.4052288588273 51.611886385693964 14.417534 120.967223 50
185 -1225.7414982922076 -17.53971690898921 14.416909 120.967155 50
186 -1229.5171531682429 -45.42160121190838 14.416657 120.96712 50
187 -1215.6149746526103 -223.66836931364583 14.415046 120.967249 50
188 -1214.8602869935862 -227.2089861993806 14.415014 120.967256 50
189 -1211.9492743176652 -239.37987196558785 14.414904 120.967283 50
190 -1210.1163522771305 -245.7972624478637 14.414846 120.9673 50
191 -1201.5986886526107 -276.55646361697904 14.414568 120.967379 50
192 -1199.011058762341 -286.2931831580263 14.41448 120.967403 50
193 -1189.84648982763 -320.1504177926365 14.414174 120.967488 50
194 -1187.366646167606 -329.0019857127759 14.414094 120.967511 50
195 -1185.5337481246422 -336.19387572712503 14.414029 120.967528 50
196 -1179.8194244790343 -358.87598608652957 14.413824 120.967581 50
197 -1001.904553509811 -795.26016397034 14.40988 120.969231 50
198 -992.5231265220793 -811.0825003961289 14.409737 120.969318 50
199 -982.2789289634757 -825.9090796036778 14.409603 120.969413 50
200 -971.2798264456636 -840.4037547580564 14.409472 120.969515 50
201 -960.6041455360794 -852.6855509818943 14.409361 120.969614 50
202 -953.9183282458622 -859.5456791214988 14.409299 120.969676 50
203 -931.7040598449847 -880.3474197113347 14.409111 120.969882 50
204 -824.5139610727483 -970.5253083835846 14.408296 120.970876 50
205 -811.2499270504197 -981.2581221527231 14.408199 120.970999 50
206 -796.0447504174152 -991.9909910831809 14.408102 120.97114 50
207 -995.7806507673406 -1367.9488308477378 14.404704 120.969288 50
208 -966.2310131544567 -1345.8213940096605 14.404904 120.969562 50
209 -787.956844437266 -996.4169714577149 14.408062 120.971215 50
210 -774.9083309356013 -1002.9453226308768 14.408003 120.971336 50
211 -759.9186949888176 -1010.0269417013512 14.407939 120.971475 50
212 -731.988283794713 -1021.2027297563918 14.407838 120.971734 50
213 -683.8918138919541 -1039.4602055773619 14.407673 120.97218 50
214 -607.0019869737303 -1067.3442542760672 14.407421 120.972893 50
215 -536.7980689086392 -1092.2405581226117 14.407196 120.973544 50
216 -515.1221821580276 -1100.2073169328733 14.407124 120.973745 50
217 -1334.2627112242183 1284.293709888904 14.428675 120.966148 50
218 -1328.117373333851 1265.3733848926315 14.428504 120.966205 50
219 -1326.608334002994 1254.3089795427873 14.428404 120.966219 50
220 -1317.1209936673959 1220.8942143176257 14.428102 120.966307 50
221 -1360.6945412126229 1041.875809802137 14.426484 120.965903 50
222 -1372.2353333361843 991.4231340403709 14.426028 120.965796 50
223 -1372.7769860158219 946.3913724098793 14.425621 120.965791 50
224 -1368.5739604784496 902.3551391181759 14.425223 120.96583 50
225 -1367.3903235995554 856.6594259725755 14.42481 120.965841 50
226 -277.54426373985086 -742.5020894691233 14.410357 120.975948 50
227 -284.4458939058153 -733.7612081122261 14.410436 120.975884 50
228 -288.4359013458577 -729.1141527324102 14.410478 120.975847 50
229 -300.0823977927207 -715.2836296362071 14.410603 120.975739 50
230 -319.92455838645026 -692.6015500487792 14.410808 120.975555 50
231 -383.19955781329105 1034.981582017887 14.426422 120.974968 50
232 -382.55233652602686 1049.9184078711758 14.426557 120.974974 50
233 -349.36417717778914 -655.9782922126402 14.411139 120.975282 50
234 -373.51966629314336 -623.8914451368015 14.411429 120.975058 50
235 -380.85256354558464 -613.712169502023 14.411521 120.97499 50
236 -386.46005770243005 -605.1925649018622 14.411598 120.974938 50
237 -386.97575849544114 901.2139847892913 14.425213 120.974933 50
238 -387.0833370373736 917.4785394455707 14.42536 120.974932 50
239 -386.9754045837926 923.895844433759 14.425418 120.974933 50
240 -371.7670651995989 1189.771292679664 14.427821 120.975074 50
241 -372.521718606965 1200.7249848465135 14.42792 120.975067 50
242 -377.2651519502559 1275.2986032184767 14.428594 120.975023 50
243 -379.74468511491307 1312.806702424958 14.428933 120.975 50
244 -379.96029206269026 1316.3472897441097 14.428965 120.974998 50
245 -382.76343811879656 1345.4465080764232 14.429228 120.974972 50
246 -384.8118751472526 1367.4645472998138 14.429427 120.974953 50
247 -387.7228174587835 1398.0021312962185 14.429703 120.974926 50
248 -390.52591551507555 1428.9822876570308 14.429983 120.9749 50
249 -1267.235122781591 440.3037620830909 14.421047 120.96677 50
250 -1374.186093658826 814.836667374299 14.424432 120.965778 50
251 -1377.6361214650738 826.0118229171596 14.424533 120.965746 50
252 -1382.811376326333 838.8467232887822 14.424649 120.965698 50
253 -1387.0164293773134 846.3706964026364 14.424717 120.965659 50
254 -1398.2300684270604 863.2997373417993 14.42487 120.965555 50
255 -1420.6575730817583 892.4001767668819 14.425133 120.965347 50
256 -1426.2644394225786 899.7029506920222 14.425199 120.965295 50
257 -1446.427516677182 926.8117062035012 14.425444 120.965108 50
258 -1453.1126058316568 935.5529111124763 14.425523 120.965046 50
259 -1462.9244325543987 950.9328952667956 14.425662 120.964955 50
260 -1471.9814486137552 965.8702658015818 14.425797 120.964871 50
261 -1481.5774222808002 984.0163254679354 14.425961 120.964782 50
262 -1489.2324864971397 1000.8345538290176 14.426113 120.964711 50
263 -1496.6717296443408 1020.0869227304904 14.426287 120.964642 50
264 -1499.9060434102605 1030.708867830316 14.426383 120.964612 50
265 -1499.886775275914 1349.2507564884081 14.429262 120.964612 50
266 -1498.3768950018743 1353.4551089130262 14.4293 120.964626 50
267 -1495.6806938927768 1360.75740103111 14.429366 120.964651 50
268 -1481.4451781730581 1392.6218047382117 14.429654 120.964783 50
269 -1465.4844563993177 1423.8222558460886 14.429936 120.964931 50
270 -1474.9730723031578 1431.1252731939908 14.430002 120.964843 50
271 -1477.3456242847656 1426.2571108933953 14.429958 120.964821 50
272 -1487.806472592131 1404.1290841165048 14.429758 120.964724 50
273 -1493.1986624432068 1392.8437957350525 14.429656 120.964674 50
274 -1499.5614436736575 1379.6776318989878 14.429537 120.964615 50
275 -1499.884994841022 1378.6818621495386 14.429528 120.964612 50
276 -1499.9077966973646 1001.7203425978817 14.426121 120.964612 50
277 -1496.1342190169144 992.758013573204 14.42604 120.964647 50
278 -1488.4790706529486 977.3781450808985 14.425901 120.964718 50
279 -1481.255195027415 962.7728074206689 14.425769 120.964785 50
280 -1476.5110625122134 954.6955694953539 14.425696 120.964829 50
281 -1469.7183250600538 943.0776280460767 14.425591 120.964892 50
282 -1460.1222095899072 926.9231514521774 14.425445 120.964981 50
283 -1449.0163770047834 911.6537363032372 14.425307 120.965084 50
284 -1434.6757056020192 893.8393450837283 14.425146 120.965217 50
285 -1407.6118398292447 857.325534207947 14.424816 120.965468 50
286 -1398.015669358835 840.8391530245833 14.424667 120.965557 50
287 -1459.6609851506391 1434.7755953494768 14.430035 120.964985 50
288 -1444.5631249587564 1463.099386807055 14.430291 120.965125 50
289 -1438.955402595808 1472.8356681430619 14.430379 120.965177 50
290 -1381.054472645977 1405.8932052654336 14.429774 120.965714 50
291 -1347.4158289381144 1325.343066343166 14.429046 120.966026 50
292 -512.1024491268097 -1091.355935629886 14.407204 120.973773 50
293 -528.4952825135083 -1138.0469572886138 14.406782 120.973621 50
294 -530.8679036200699 -1143.357772739034 14.406734 120.973599 50
295 -533.8875568889764 -1147.8940727287386 14.406693 120.973571 50
296 -538.6326723188064 -1152.4303349448962 14.406652 120.973527 50
297 -549.2012656549002 -1158.9580428025313 14.406593 120.973429 50
298 -561.7110067510152 -1165.3750592250485 14.406535 120.973313 50
299 -573.0344682729202 -1170.4643802371431 14.406489 120.973208 50
300 -590.8284115205013 -1175.2216137383825 14.406446 120.973043 50
301 -608.0830785487524 -1176.8808425552993 14.406431 120.972883 50
302 -639.3571422304756 -1178.871631272257 14.406413 120.972593 50
303 -650.2492078486646 -1181.9693533917803 14.406385 120.972492 50
304 -665.0236397613985 -1187.7223999400128 14.406333 120.972355 50
305 -679.9060775190794 -1199.2288727198106 14.406229 120.972217 50
306 -689.8277800090048 -1209.407758408273 14.406137 120.972125 50
307 -507.0341591925303 -1103.0842027192857 14.407098 120.97382 50
308 -490.75026869734063 -1108.9486115444993 14.407045 120.973971 50
309 -484.81904773697704 -1111.0509460040191 14.407026 120.974026 50
310 -454.9472475208389 -1121.6732439856019 14.40693 120.974303 50
311 -440.6044624950309 -1126.8737258910462 14.406883 120.974436 50
312 -418.60496852885535 -1133.5126893936035 14.406823 120.97464 50
313 -401.242601348107 -1137.93869794478 14.406783 120.974801 50
314 -383.448847510886 -1141.368913611365 14.406752 120.974966 50
315 -1292.8825986958884 768.5834372331962 14.424014 120.966532 50
316 -1242.631770627415 781.8580547867457 14.424134 120.966998 50
317 -1150.0022748554784 803.9822307640006 14.424334 120.967857 50
318 -1095.8696301968964 816.9250366353677 14.424451 120.968359 50
319 -1061.5784579843184 825.2217867445097 14.424526 120.968677 50
320 -976.6054757210388 845.4660047972618 14.424709 120.969465 50
321 -899.8278212225213 868.0343174403625 14.424913 120.970177 50
322 -896.3771440742368 869.0299814813684 14.424922 120.970209 50
323 -685.6706999480756 929.6557475468812 14.42547 120.972163 50
324 -623.7745296068119 947.4676728647704 14.425631 120.972737 50
325 -589.807144585114 957.7566618286551 14.425724 120.973052 50
326 -565.1134090156723 965.390469490526 14.425793 120.973281 50
327 -512.1675418911451 979.8835823997737 14.425924 120.973772 50
328 -465.90735311104703 992.6066414659035 14.426039 120.974201 50
329 -394.73794554479144 1010.8615394285675 14.426204 120.974861 50
330 -1365.3474064103937 749.4460440129438 14.423841 120.96586 50
331 -1366.1017990028868 757.4123962819029 14.423913 120.965853 50
332 -1368.7961101092123 784.852059921261 14.424161 120.965828 50
333 -1371.490959741516 802.444478816507 14.42432 120.965803 50
334 -1362.1150336561366 701.7586460713219 14.42341 120.96589 50
335 -1364.3777123310447 734.8410877599787 14.423709 120.965869 50
336 -1364.7009438182383 739.7094064887627 14.423753 120.965866 50
337 -1359.4204816854112 678.4127831906274 14.423199 120.965915 50
338 -1360.2827784308517 685.1620655794361 14.42326 120.965907 50
339 -1361.145098992993 691.4687752346991 14.423317 120.965899 50
340 -1298.718989426269 512.4447444197633 14.421699 120.966478 50
341 -1313.4904365587672 546.8555528331407 14.42201 120.966341 50
342 -1333.0059047633763 592.8841603788203 14.422426 120.96616 50
343 -1340.7688689098504 612.579066845366 14.422604 120.966088 50
344 -1345.8362218353095 627.8481019033152 14.422742 120.966041 50
345 -1348.423842802561 634.9294068424813 14.422806 120.966017 50
346 -1354.8924415239908 660.8202670766877 14.42304 120.965957 50
347 -1276.507793331462 461.43708467340707 14.421238 120.966684 50
348 -368.3509173348747 -1131.0793392128717 14.406845 120.975106 50
349 -382.4780988744385 -1129.8620520157617 14.406856 120.974975 50
350 -398.8699196207688 -1127.095717854654 14.406881 120.974823 50
351 -416.77148743616954 -1122.7803449215628 14.40692 120.974657 50
352 -436.2906393431638 -1116.9159280366105 14.406973 120.974476 50
353 -1062.9430819396896 -823.8035373306993 14.409622 120.968665 50
354 -1052.8059213692798 -818.8250312395321 14.409667 120.968759 50
355 -1032.5316308198908 -809.3105788653282 14.409753 120.968947 50
356 -1095.51140171982 -839.0708647349705 14.409484 120.968363 50
357 -1079.2273233937474 -833.4287816642203 14.409535 120.968514 50
358 -1005.6786180918414 -787.1830669059116 14.409953 120.969196 50
359 -1036.413499652098 -800.5696142904133 14.409832 120.968911 50
360 -1067.4719528920166 -814.3986818432314 14.409707 120.968623 50
361 1495.5900631479835 438.2142537347382 14.421028 120.992391 50
362 1498.0701007449288 440.75919644232016 14.421051 120.992414 50
363 1500.1186999561276 444.9637610053266 14.421089 120.992433 50
364 1500.1128256297156 542.1084756344076 14.421967 120.992433 50
365 1486.8475386498646 570.6536199249086 14.422225 120.99231 50
366 1470.5628269638091 601.0795270665903 14.4225 120.992159 50
367 1284.3453997887734 381.55311507258773 14.420516 120.990432 50
368 1292.1092928975702 385.42602921176797 14.420551 120.990504 50
369 1294.912918282839 386.86453661850555 14.420564 120.99053 50
370 1307.2056459898647 394.83148970489253 14.420636 120.990644 50
371 1317.8809179625769 401.47064486888655 14.420696 120.990743 50
372 1327.9093250670842 405.3436906339705 14.420731 120.990836 50
373 1335.5654825566926 407.1143923267091 14.420747 120.990907 50
374 1344.839198899393 408.11068175866103 14.420756 120.990993 50
375 1356.3775424588416 407.2261643414623 14.420748 120.9911 50
376 1375.6799493105113 406.784654194543 14.420744 120.991279 50
377 1387.3260796207637 406.78530255219584 14.420744 120.991387 50
378 1398.1094213734525 408.777484921791 14.420762 120.991487 50
379 1440.0561676850293 424.0486420975669 14.4209 120.991876 50
380 1442.7520035621899 424.49137139662054 14.420904 120.991901 50
381 1445.7713878625896 424.1596175942111 14.420901 120.991929 50
382 1448.0359826475478 422.9426746836066 14.42089 120.99195 50
383 1449.8692914854637 420.84056135950823 14.420871 120.991967 50
384 1452.4577724089822 413.0956903435401 14.420801 120.991991 50
385 197.92561964625267 -1416.0977336932642 14.404269 120.980357 50
386 199.21974426753812 -1417.9786546646505 14.404252 120.980369 50
387 203.10211659347505 -1423.2894881024356 14.404204 120.980405 50
388 208.0629101730005 -1427.9364537832814 14.404162 120.980451 50
389 213.0236866309191 -1430.3705580959447 14.40414 120.980497 50
390 217.44523201927888 -1430.5918057849417 14.404138 120.980538 50
391 223.4844034182115 -1429.4853219546492 14.404148 120.980594 50
392 272.76818689651793 -1406.9136533052952 14.404352 120.981051 50
393 303.8266485981825 -1394.1893451236922 14.404467 120.981339 50
394 354.296617076982 -1376.0432203021082 14.404631 120.981807 50
395 363.6788458452237 -1372.613150871722 14.404662 120.981894 50
396 1310.20553606954 -1279.1985146001696 14.405506 120.990671 50
397 1370.1656615750085 -1280.0804208350546 14.405498 120.991227 50
398 1421.8219227534737 -1280.1881581175987 14.405497 120.991706 50
399 1468.8410297386422 -1281.0705639906148 14.405489 120.992142 50
400 1500.2229877916866 -1280.626114618674 14.405493 120.992433 50
401 1468.2975269200442 614.4672192596522 14.422621 120.992138 50
402 1468.1890908010255 624.6463866741879 14.422713 120.992137 50
403 1470.5607214270362 636.5959921363609 14.422821 120.992159 50
404 1481.3419148193618 672.7769587103714 14.423148 120.992259 50
405 1500.1051577003448 668.9055739520495 14.423113 120.992433 50
406 1019.5805234668771 1131.0378946726848 14.42729 120.987977 50
407 1077.7023940312883 1113.7800061843247 14.427134 120.988516 50
408 1230.286126500564 1069.3085225560972 14.426732 120.989931 50
409 1270.2920577882924 1061.7867985928378 14.426664 120.990302 50
410 1318.3852338717677 1057.2529347205775 14.426623 120.990748 50
411 1451.3417412547806 1057.1497115799787 14.426622 120.991981 50
412 1487.2497213084393 1056.8199080352788 14.426619 120.992314 50
413 1496.3075718905493 1057.041739024764 14.426621 120.992398 50
414 1500.081675136621 1057.1526101180625 14.426622 120.992433 50
415 -1233.296269482694 -142.7873715306751 14.415777 120.967085 50
416 -1231.787008274677 -151.97082623188518 14.415694 120.967099 50
417 -1227.474853804516 -178.74667684403283 14.415452 120.967139 50
418 -1226.396723518281 -183.61502771535868 14.415408 120.967149 50
419 -1233.0773081720442 -76.62278912064654 14.416375 120.967087 50
420 -1234.4805054044623 -103.17707158290901 14.416135 120.967074 50
421 -1234.8044175470668 -111.25400416203819 14.416062 120.967071 50
422 -1234.1580790685307 -124.9737846680452 14.415938 120.967077 50
423 -86.45374220014357 -1068.900529832548 14.407407 120.97772 50
424 -86.13021204911314 -1066.7983130086475 14.407426 120.977723 50
425 -84.51256210801492 -1056.2872287762818 14.407521 120.977738 50
426 -83.75766312708501 -1052.5253675980841 14.407555 120.977745 50
427 -83.00276400523114 -1048.6528633347282 14.40759 120.977752 50
428 -82.14002207350975 -1044.1165010818518 14.407631 120.97776 50
429 -143.0706980204574 -1147.8994031206646 14.406693 120.977195 50
430 -111.47320502446041 -1149.4485677668745 14.406679 120.977488 50
431 -105.973300907727 -1150.0018070755564 14.406674 120.977539 50
432 -93.6793974605875 -1151.4402160829425 14.406661 120.977653 50
433 -1102.9801618234137 -1465.0888689551134 14.403826 120.968294 50
434 -1101.0391065211807 -1467.6337444921364 14.403803 120.968312 50
435 -1098.2352750204486 -1469.404156964755 14.403787 120.968338 50
436 -1095.107876001772 -1470.2894392822616 14.403779 120.968367 50
437 -1091.7647475931471 -1470.1789435649305 14.40378 120.968398 50
438 -1088.7450939507876 -1468.851360046881 14.403792 120.968426 50
439 -1086.1567774949267 -1466.7492561812394 14.403811 120.96845 50
440 -1084.6468785219 -1464.4258189024326 14.403832 120.968464 50
441 -1083.7840164756371 -1461.6597812186546 14.403857 120.968472 50
442 -1083.7838957873291 -1458.8937058367646 14.403882 120.968472 50
443 -1084.538673534878 -1456.127597469374 14.403907 120.968465 50
444 -1085.7248506162928 -1454.0253283007887 14.403926 120.968454 50
445 -1087.3424124865762 -1452.2549692231958 14.403942 120.968439 50
446 -1089.3913688275484 -1451.0378061866352 14.403953 120.96842 50
447 -1092.0873951960452 -1450.152543562082 14.403961 120.968395 50
448 -1094.8912932402418 -1449.9311339843882 14.403963 120.968369 50
449 -1097.5873877391932 -1450.5948729893203 14.403957 120.968344 50
450 -1100.0678216585743 -1451.8118363422648 14.403946 120.968321 50
451 -1102.116919706465 -1453.8033197179454 14.403928 120.968302 50
452 -1103.5189868653674 -1456.3480467802121 14.403905 120.968289 50
453 -1104.2740082772464 -1459.1140885892382 14.40388 120.968282 50
454 -1104.1662935072409 -1461.9908117839198 14.403854 120.968283 50
455 -1070.8420294403256 -1441.5233140715982 14.404039 120.968592 50
456 -1216.1876808782247 -907.8852318050681 14.408862 120.967244 50
457 -1196.6680832678053 -897.2644465390285 14.408958 120.967425 50
458 -1077.5012891278361 -819.7091158579511 14.409659 120.96853 50
459 -1085.6974337198117 -826.9005582742748 14.409594 120.968454 50
460 -1172.7033065813953 -383.8816663093528 14.413598 120.967647 50
461 -1119.7611588178256 -523.515707923516 14.412336 120.968138 50
462 -1348.0844604595802 -1058.0210464333009 14.407505 120.966021 50
463 -1334.8192025772246 -1042.6423793050863 14.407644 120.966144 50
464 -1300.8461393418804 -981.5692170408026 14.408196 120.966459 50
465 -1275.6097402781047 -948.3776093462261 14.408496 120.966693 50
466 -1244.4426865152727 -925.0335058303835 14.408707 120.966982 50
467 -1500.0360164560338 -1119.6405048751874 14.406948 120.964612 50
468 -1473.5066091127949 -1111.5651518970278 14.407021 120.964858 50
469 -1416.4576824826981 -1094.6400874364144 14.407174 120.965387 50
470 -1383.4577378290048 -1084.2415024919671 14.407268 120.965693 50
471 -80.73806481475597 -1036.0395628612562 14.407704 120.977773 50
472 -79.120405057026 -1021.102755869838 14.407839 120.977788 50
473 -78.58116246177025 -1008.8213785292935 14.40795 120.977793 50
474 -78.90465571184052 -999.7486469542989 14.408032 120.97779 50
475 -79.12032573751172 -996.208068475149 14.408064 120.977788 50
476 -80.09086507248536 -988.0204791789987 14.408138 120.977779 50
477 -80.73789285867112 -983.1521825695532 14.408182 120.977773 50
478 -82.57114999652597 -973.3049443987668 14.408271 120.977756 50
479 -84.83578051592251 -967.2195685462799 14.408326 120.977735 50
480 -86.12985361331016 -963.4577000872819 14.40836 120.977723 50
481 -91.5218380298189 -952.5040178964636 14.408459 120.977673 50
482 -98.20790381122525 -941.8822585351745 14.408555 120.977611 50
483 -109.9624444305609 -927.609254297412 14.408684 120.977502 50
484 -103.06196261179986 -1240.839754140367 14.405853 120.977566 50
485 -95.83649311780553 -1221.2559657925033 14.40603 120.977633 50
486 -94.00313289101074 -1207.3149501330638 14.406156 120.97765 50
487 -92.38546799847958 -1196.1400093505238 14.406257 120.977665 50
488 -92.27760922582006 -1191.4930021188354 14.406299 120.977666 50
489 -92.16972667728308 -1180.4286985630617 14.406399 120.977667 50
490 -1028.3501786563784 -1396.16147333892 14.404449 120.968986 50
491 -1499.925354611862 711.3925517543951 14.423497 120.964612 50
492 -1498.0921565380818 711.945657022734 14.423502 120.964629 50
493 -1490.1123658413803 714.1580405931529 14.423522 120.964703 50
494 -1457.6540384361333 723.2288552963205 14.423604 120.965004 50
495 -1447.6253862834935 726.1049914953069 14.42363 120.965097 50
496 -1407.0382280798158 1464.424949815495 14.430303 120.965473 50
497 -1402.7255813260433 1454.6880985533485 14.430215 120.965513 50
498 -1389.5719790949663 1425.1456078242168 14.429948 120.965635 50
499 -326.7183175589333 -683.639371817945 14.410889 120.975492 50
500 -336.423704357088 -672.6855768479913 14.410988 120.975402 50
501 -338.68829201905044 -670.0301120195447 14.411012 120.975381 50
502 -343.8644842189559 -663.5020988341104 14.411071 120.975333 50
503 1333.9661966484969 67.99301505786053 14.417682 120.990892 50
504 1345.6124199990063 69.21071845949302 14.417693 120.991 50
505 1351.2198622477936 69.7642388928081 14.417698 120.991052 50
506 1357.5821804753366 69.87522928719966 14.417699 120.991111 50
507 1362.6504909016785 69.54357763217598 14.417696 120.991158 50
508 1379.6887089799243 67.22101296596077 14.417675 120.991316 50
509 1388.7470086042179 65.89380046891273 14.417663 120.9914 50
510 1407.7263052894937 63.12879117476892 14.417638 120.991576 50
511 1434.5778229996413 57.155598981482946 14.417584 120.991825 50
512 1458.302282701256 48.19488696330019 14.417503 120.992045 50
513 1477.8212028871988 38.34880172011144 14.417414 120.992226 50
514 1500.144046533824 25.736822640179888 14.4173 120.992433 50
515 664.6641461500433 -1279.8880580621155 14.4055 120.984685 50
516 865.3578491466438 -1279.4392993219105 14.405504 120.986546 50
517 934.4844691630287 -1278.9942205012953 14.405508 120.987187 50
518 1038.9832684794196 -1279.7645667980748 14.405501 120.988156 50
519 1107.8942072180364 -1279.4296570124523 14.405504 120.988795 50
520 1142.4036044121872 -1279.428092427769 14.405504 120.989115 50
521 -1220.7661422974015 284.958418565487 14.419643 120.967201 50
522 -1217.6414230191212 234.06240972690023 14.419183 120.96723 50
523 -1217.318405697257 224.1045093724017 14.419093 120.967233 50
524 -1215.2722276368 169.11475932961844 14.418596 120.967252 50
525 -1214.8414162146867 158.2717089777986 14.418498 120.967256 50
526 -1214.3029041130985 144.66257459788048 14.418375 120.967261 50
527 -1213.8732230687604 110.69510571060495 14.418068 120.967265 50
528 -1366.204756363514 845.9269690179848 14.424713 120.965852 50
529 -1365.0192794380198 833.534864037959 14.424601 120.965863 50
530 -1365.8826599161484 820.4790126572487 14.424483 120.965855 50
531 -711.8280836360709 -1231.203815329483 14.40594 120.971921 50
532 -719.1616143275934 -1241.4934061693748 14.405847 120.971853 50
533 -724.7695023240349 -1245.587035305173 14.40581 120.971801 50
534 -732.7498940821877 -1249.1273780526444 14.405778 120.971727 50
535 -778.1515906235729 -1259.5264411410258 14.405684 120.971306 50
536 -864.8570603192936 -1278.9967446535486 14.405508 120.970502 50
537 -944.8776771888109 -1330.3321925210591 14.405044 120.96976 50
538 -914.7889237385095 -1308.3153573193877 14.405243 120.970039 50
539 -893.0044594007147 -1297.694419947672 14.405339 120.970241 50
540 -861.0828712353064 -1286.963174134271 14.405436 120.970537 50
541 -845.6613590292314 -1283.4231274397807 14.405468 120.97068 50
542 -834.4457138439798 -1280.7680743409157 14.405492 120.970784 50
543 -805.5438766080168 -1274.1304474124624 14.405552 120.971052 50
544 -792.8184471793371 -1271.254138378207 14.405578 120.97117 50
545 -775.0244172167941 -1267.1609082635468 14.405615 120.971335 50
546 -723.0442538351613 -1253.1108119458202 14.405742 120.971817 50
547 -713.5540142750222 -1247.3576488636902 14.405794 120.971905 50
548 -705.8969591278483 -1237.0680656198504 14.405887 120.971976 50
549 -1002.5744892731079 -1362.4164061217396 14.404754 120.969225 50
550 -1033.7420624776487 -1390.5184552367468 14.4045 120.968936 50
551 -897.1021616151434 -1289.6173309561234 14.405412 120.970203 50
552 -949.4067868841298 -1323.5827950053952 14.405105 120.969718 50
553 -972.0542037280709 -1338.5187268948284 14.40497 120.969508 50
554 -380.82673463562514 1069.0596600898964 14.42673 120.97499 50
555 -379.53239229617714 1092.737291818793 14.426944 120.975002 50
556 -377.48302842314433 1129.8027439697364 14.427279 120.975021 50
557 -372.09061340491905 1186.1200705989565 14.427788 120.975071 50
558 1284.4518596373018 408.10748260036553 14.420756 120.990433 50
559 1287.039205411429 421.27415468900165 14.420875 120.990457 50
560 1348.9550956329583 73.6366258573548 14.417733 120.991031 50
561 1341.19021080351 86.47081022538552 14.417849 120.990959 50
562 1337.0919982363323 94.76882528801316 14.417924 120.990921 50
563 1333.6407500473415 104.06266419594596 14.418008 120.990889 50
564 1329.326663806526 116.2331793554555 14.418118 120.990849 50
565 1324.9047933036247 127.51854440095069 14.41822 120.990808 50
566 1315.306208890725 150.1998802799405 14.418425 120.990719 50
567 1310.3451610832487 161.7065059500554 14.418529 120.990673 50
568 1300.3151683716396 186.1581159596322 14.41875 120.99058 50
569 1296.540399787578 196.22644583099523 14.418841 120.990545 50
570 1293.4126698039147 205.85223743264862 14.418928 120.990516 50
571 1288.8827260692683 222.33783257060847 14.419077 120.990474 50
572 1287.9118232020899 229.7508739454841 14.419144 120.990465 50
573 1287.5880244455755 235.3936583788291 14.419195 120.990462 50
574 1287.1550130066535 267.59079637090406 14.419486 120.990458 50
575 1287.4780419075043 276.77419580788626 14.419569 120.990461 50
576 1287.3693801072393 292.7068060548238 14.419713 120.99046 50
577 1287.260448632027 313.83964538121876 14.419904 120.990459 50
578 1286.2886434715392 338.7343080914748 14.420129 120.99045 50
579 1284.561871112855 366.0630820124293 14.420376 120.990434 50
580 1284.128756918584 400.3624435682439 14.420686 120.99043 50
581 1238.1880445580728 464.2012225894035 14.421263 120.990004 50
582 1233.658883298568 466.6351469950448 14.421285 120.989962 50
583 1229.7767120880117 469.4010338301672 14.42131 120.989926 50
584 1228.5903433542892 473.27348641547906 14.421345 120.989915 50
585 1228.482300901338 477.4779219744383 14.421383 120.989914 50
586 1229.0212747363203 481.4611032182115 14.421419 120.989919 50
587 1230.530712276755 486.32947805131596 14.421463 120.989933 50
588 1234.6279876762335 494.84920665918776 14.42154 120.989971 50
589 1242.3912878868496 510.00771033321905 14.421677 120.990043 50
590 1244.5477254868554 514.8761185249728 14.421721 120.990063 50
591 1246.0571468255257 519.9657807946876 14.421767 120.990077 50
592 1245.7334168804755 524.5021351544603 14.421808 120.990074 50
593 1244.6547823720339 530.3661698935945 14.421861 120.990064 50
594 1243.252707434447 535.0131134441637 14.421903 120.990051 50
595 1240.6644981680759 538.8854954505116 14.421938 120.990027 50
596 1236.2431070547195 542.8684295310094 14.421974 120.989986 50
597 1230.3119764688308 548.1790077672076 14.422022 120.989931 50
598 1223.194555462907 555.9236790830563 14.422092 120.989865 50
599 1221.2533765447326 559.353522320701 14.422123 120.989847 50
600 1219.5277788563626 564.5536673391298 14.42217 120.989831 50
601 1216.6160314450829 569.3111815566212 14.422213 120.989804 50
602 1212.7338186912725 573.2941463570627 14.422249 120.989768 50
603 1206.694995781753 575.9492885306975 14.422273 120.989712 50
604 1199.470104082983 576.5021542049103 14.422278 120.989645 50
605 1193.5392183122663 577.0550841873877 14.422283 120.98959 50
606 1187.0690738030307 579.4889240215338 14.422305 120.98953 50
607 1182.971252600863 582.3654512881576 14.422331 120.989492 50
608 1180.5987146627645 586.4591363597949 14.422368 120.98947 50
609 1175.529951204674 598.6296467920698 14.422478 120.989423 50
610 1170.13783267245 607.8127769128779 14.422561 120.989373 50
611 1161.079333384385 617.8808819984206 14.422652 120.989289 50
612 1156.2266037420377 622.5276695564595 14.422694 120.989244 50
613 1149.0015422224737 627.0637049264383 14.422735 120.989177 50
614 1122.9053743235725 636.7991114658598 14.422823 120.988935 50
615 1113.4159631252846 638.1264022166291 14.422835 120.988847 50
616 1107.1616279603936 637.90483599158 14.422833 120.988789 50
617 1099.2898827894453 635.580978931647 14.422812 120.988716 50
618 1089.5850969035 630.2696775616587 14.422764 120.988626 50
619 1079.0177151243495 623.1880513800812 14.4227 120.988528 50
620 1072.2243083098674 620.6429634559232 14.422677 120.988465 50
621 1064.8916227400366 620.6426477039062 14.422677 120.988397 50
622 1057.8823200372399 623.4084277508115 14.422702 120.988332 50
623 1046.9908603117667 629.7146279052971 14.422759 120.988231 50
624 1040.1972339252072 632.3697788724282 14.422783 120.988168 50
625 1032.5410327119246 632.8120318993772 14.422787 120.988097 50
626 1024.561404221375 631.4839828174744 14.422775 120.988023 50
627 1017.6601877419316 628.2750461975405 14.422746 120.987959 50
628 1005.5831274896009 620.8614598521511 14.422679 120.987847 50
629 992.2121182585817 611.8988229503512 14.422598 120.987723 50
630 980.134906892287 607.9151880457244 14.422562 120.987611 50
631 967.518402388223 607.0295473900547 14.422554 120.987494 50
632 950.264985392007 607.8033830404167 14.422561 120.987334 50
633 940.5599217584204 608.6881588356991 14.422569 120.987244 50
634 929.7764931862656 610.347400350006 14.422584 120.987144 50
635 918.345941273896 615.3259183913717 14.422629 120.987038 50
636 911.9835941070685 619.7514114927185 14.422669 120.986979 50
637 907.6700875392166 624.1769810967057 14.422709 120.986939 50
638 904.5427034412583 629.930313006782 14.422761 120.98691 50
639 903.0328239901716 635.6837041440099 14.422813 120.986896 50
640 902.0621088200138 641.5477581878616 14.422866 120.986887 50
641 902.1696928455077 648.4076402385971 14.422928 120.986888 50
642 904.9726693101661 667.4383721632894 14.4231 120.986914 50
643 910.2554912475152 695.0993650848716 14.42335 120.986963 50
644 914.4602103741317 716.2323710343675 14.423541 120.987002 50
645 915.8616987505834 725.5264516949704 14.423625 120.987015 50
646 916.0770831021777 733.160840637333 14.423694 120.987017 50
647 914.6743303930832 758.1661530250075 14.42392 120.987004 50
648 913.1638453562348 780.5160250229181 14.424122 120.98699 50
649 912.0846495490391 804.0829886310212 14.424335 120.98698 50
650 912.2995256456225 825.5477792364165 14.424529 120.986982 50
651 913.8085844890245 841.8123868347294 14.424676 120.986996 50
652 920.0610475851649 891.1594913497756 14.425122 120.987054 50
653 930.7340296255013 955.886172346626 14.425707 120.987153 50
654 935.5852285206086 988.9686783872568 14.426006 120.987198 50
655 936.555453370004 995.9392381248174 14.426069 120.987207 50
656 -1309.071288898634 508.1302041706194 14.42166 120.966382 50
657 -1277.263937943765 436.09983545933443 14.421009 120.966677 50
658 -1254.8370103270781 384.0963983777622 14.420539 120.966885 50
659 -1245.672127077616 362.96309053141647 14.420348 120.96697 50
660 -1243.4078694444825 357.54146153736735 14.420299 120.966991 50
661 -1238.879389875526 345.92370204079714 14.420194 120.967033 50
662 -1227.2350041657733 310.07473652897244 14.41987 120.967141 50
663 -1225.6178350201474 302.8828507065482 14.419805 120.967156 50
664 -1115.4480728761714 -533.6950670691626 14.412244 120.968178 50
665 -1079.5414184710853 -616.6789746163398 14.411494 120.968511 50
666 -1071.4543061547213 -635.4886501236576 14.411324 120.968586 50
667 -1012.6875596404034 -771.4714652137485 14.410095 120.969131 50
668 1152.8642654293908 -1279.4276086853702 14.405504 120.989212 50
669 1159.3347773983298 -1279.4273072558776 14.405504 120.989272 50
670 1250.0297922473478 -1279.5335477040344 14.405503 120.990113 50
671 704.9700787639412 -331.5651698342583 14.414071 120.985059 50
672 818.419386632973 -452.71589140127986 14.412976 120.986111 50
673 842.6838176472788 -476.8352755986785 14.412758 120.986336 50
674 899.2410786204055 1120.3008481339498 14.427193 120.986861 50
675 883.3898688596942 1119.9683490685231 14.42719 120.986714 50
676 867.969934090637 1121.0742372638213 14.4272 120.986571 50
677 855.6770396600692 1124.2824641405693 14.427229 120.986457 50
678 817.8277871860047 1137.1158031949947 14.427345 120.986106 50
679 798.7416745300709 1135.8981059046744 14.427334 120.985929 50
680 -1377.6405462248727 746.3487137186601 14.423813 120.965746 50
681 -369.5373486044705 -1143.0287703123388 14.406737 120.975095 50
682 -350.6651378990293 -1143.9141885015142 14.406729 120.97527 50
683 -315.29320389764257 -1144.3572352768408 14.406725 120.975598 50
684 -216.61844212411367 -1145.5753662256645 14.406714 120.976513 50
685 -204.21669689087497 -1145.9074005068703 14.406711 120.976628 50
686 -157.52142897615954 -1147.45674343171 14.406697 120.977061 50
687 1309.2274642409675 -1137.0222626811783 14.406791 120.990662 50
688 1309.2268751079248 -1125.847315217666 14.406892 120.990662 50
689 1309.2256851644054 -1103.276133900752 14.407096 120.990662 50
690 1309.2242268775258 -1075.615371933573 14.407346 120.990662 50
691 1309.2231302295265 -1054.814478535469 14.407534 120.990662 50
692 1309.2221735675903 -1036.6690180580692 14.407698 120.990662 50
693 1309.2216718992588 -1027.1537155085373 14.407784 120.990662 50
694 1309.540135279052 -931.2261675869688 14.408651 120.990665 50
695 1309.5397910040904 -924.6982269311391 14.40871 120.990665 50
696 1309.5394992450724 -919.1660738064852 14.40876 120.990665 50
697 1309.6466450969356 -905.9995435823434 14.408879 120.990666 50
698 1309.6463124598736 -899.6928889258738 14.408936 120.990666 50
699 1309.9630850496314 -771.7894829530792 14.410092 120.990669 50
700 1309.9628690563554 -767.6956891522725 14.410129 120.990669 50
701 1256.715982357707 -1279.4225669886196 14.405504 120.990175 50
702 1275.5883088673627 -1279.4216041289108 14.405504 120.99035 50
703 -1435.6122719138903 1479.8060001234574 14.430442 120.965208 50
704 -1424.828178037747 1499.0573066467182 14.430616 120.965308 50
705 -1395.2123502606169 834.9749050228922 14.424614 120.965583 50
706 -1392.6247200918215 828.6680966229411 14.424557 120.965607 50
707 -1389.9292372708685 822.6932121128592 14.424503 120.965632 50
708 -1387.018267069283 813.5096627882363 14.42442 120.965659 50
709 -1383.999715029871 799.789736303667 14.424296 120.965687 50
710 -1381.5204966569281 782.9718305393119 14.424144 120.96571 50
711 -1379.2571808184812 761.8388522095553 14.423953 120.965731 50
712 -1378.6105333746548 755.5321535740096 14.423896 120.965737 50
713 -1377.1017986250436 738.8249459449111 14.423745 120.965751 50
714 -1374.8389594419466 708.9511558183036 14.423475 120.965772 50
715 -1374.192487246113 699.4358047419843 14.423389 120.965778 50
716 -1373.4381934952676 689.69916138241 14.423301 120.965785 50
717 -1372.899314770066 684.4989011919769 14.423254 120.96579 50
718 -1372.791542672112 683.3924632384843 14.423244 120.965791 50
719 -1371.4979525066565 675.979297392477 14.423177 120.965803 50
720 -1360.0700601470812 631.3894601817244 14.422774 120.965909 50
721 -1357.5902999519576 623.8655871713747 14.422706 120.965932 50
722 -1343.6816539095666 589.0122244510194 14.422391 120.966061 50
723 -1336.3499246518975 571.0876316760126 14.422229 120.966129 50
724 -1331.6058064840179 560.4656304738594 14.422133 120.966173 50
725 -1416.6767662090222 734.9546615880637 14.42371 120.965384 50
726 -1405.785439915465 738.1626950969207 14.423739 120.965485 50
727 372.9532314240609 -1369.2937225292442 14.404692 120.98198 50
728 378.5610102878912 -1368.076564362936 14.404703 120.982032 50
729 397.002021336085 -1367.191132022002 14.404711 120.982203 50
730 400.4529715128947 -1367.0804335529422 14.404712 120.982235 50
731 507.10887141269814 -1362.984691461934 14.404749 120.983224 50
732 1486.532649537157 426.92810532259443 14.420926 120.992307 50
733 1470.573642530821 418.62891613657064 14.420851 120.992159 50
734 1481.8959994192696 423.05531678425143 14.420891 120.992264 50
735 1255.5524227557848 403.7909197134177 14.420717 120.990165 50
736 1259.2193310732312 393.28000385418136 14.420622 120.990199 50
737 1234.6301516997946 451.36643640238543 14.421147 120.989971 50
738 1234.6303994853881 446.38749333404473 14.421102 120.989971 50
739 1236.7873847116966 440.4128690719888 14.421048 120.989991 50
740 1242.503217159606 428.24240498687607 14.420938 120.990044 50
741 1247.3561622536554 420.38698284497065 14.420867 120.990089 50
742 1251.3464119717771 412.97409088658736 14.4208 120.990126 50
743 1254.3661084081123 406.44629594131277 14.420741 120.990154 50
744 1260.9452413823244 382.3264172194979 14.420523 120.990215 50
745 1263.9684670535053 306.6466421542159 14.419839 120.990243 50
746 1263.6459144726177 287.94793051876337 14.41967 120.99024 50
747 1262.6762717345866 270.7981905235121 14.419515 120.990231 50
748 1261.9222136480485 255.3081092003976 14.419375 120.990224 50
749 1261.8151830870434 239.48613148757852 14.419232 120.990223 50
750 1263.1098202454084 227.4260927414117 14.419123 120.990235 50
751 1265.6987314619112 210.49782111936986 14.41897 120.990259 50
752 1269.4737231227946 195.78247379877376 14.418837 120.990294 50
753 1273.6798682354329 184.82901669095835 14.418738 120.990333 50
754 1308.514558051866 112.35956290934867 14.418083 120.990656 50
755 1318.544529811835 89.01438907714265 14.417872 120.990749 50
756 1326.6334010322598 66.99683363726886 14.417673 120.990824 50
757 1237.8646134580258 462.7628451031802 14.42125 120.990001 50
758 -106.40509324389659 -1249.6911827809406 14.405773 120.977535 50
759 -608.080149892596 -1057.2757102924302 14.407512 120.972883 50
760 -636.9812450410096 -1046.8745384795445 14.407606 120.972615 50
761 -692.8422442917677 -1026.625363161915 14.407789 120.972097 50
762 -728.96850580465 -1013.1258756729795 14.407911 120.971762 50
763 -756.359699222226 -1001.7288212733405 14.408014 120.971508 50
764 -774.5845017684285 -993.0981007506891 14.408092 120.971339 50
765 -1410.3803834702107 1474.4936765069979 14.430394 120.965442 50
766 -1418.5742401170678 1495.737650368541 14.430586 120.965366 50
767 -1413.3991853529542 1482.1282334867997 14.430463 120.965414 50
768 1353.3768780305265 64.34284220588054 14.417649 120.991072 50
769 1353.8083368345438 62.24064594250463 14.41763 120.991076 50
770 1353.4849433846393 60.138408506967494 14.417611 120.991073 50
771 1352.2988734936557 57.814837760182904 14.41759 120.991062 50
772 1349.1718624595076 53.49958483630724 14.417551 120.991033 50
773 1347.5544775459555 50.62277515112464 14.417525 120.991018 50
774 1346.6919629756385 47.414077093489055 14.417496 120.99101 50
775 1336.4516924856775 -29.81539008334957 14.416798 120.990915 50
776 1335.3735067222442 -33.13474230327798 14.416768 120.990905 50
777 1333.6482661963832 -35.790270417161985 14.416744 120.990889 50
778 1330.9524910913628 -38.33520733930976 14.416721 120.990864 50
779 1307.229533240033 -58.58416256270549 14.416538 120.990644 50
780 1300.328294694724 -64.33796825105564 14.416486 120.99058 50
781 1295.6916333673328 -70.3129401305369 14.416432 120.990537 50
782 1291.594245137402 -78.05817322093995 14.416362 120.990499 50
783 1289.1143758252783 -85.25010594160102 14.416297 120.990476 50
784 1288.6832819079104 -90.11842624889326 14.416253 120.990472 50
785 1289.0070506151912 -95.09735046618071 14.416208 120.990475 50
786 1291.5955465274344 -103.06352148931221 14.416136 120.990499 50
787 1298.3898294345886 -113.90619394010972 14.416038 120.990562 50
788 1308.2035850712302 -125.41256423673784 14.415934 120.990653 50
789 1316.0760332509383 -132.16137896991793 14.415873 120.990726 50
790 1323.8404717397298 -135.59090302509904 14.415842 120.990798 50
791 1330.9577781577657 -136.9182398843058 14.41583 120.990864 50
792 1338.182826791059 -136.47527880675486 14.415834 120.990931 50
793 1355.9758126815047 -134.59337973053346 14.415851 120.991096 50
794 1362.5538206176072 -133.81851751224013 14.415858 120.991157 50
795 1367.298649844723 -133.92889966561614 14.415857 120.991201 50
796 1372.15135882526 -134.81377686178647 14.415849 120.991246 50
797 1378.0825047087376 -136.91566767722492 14.41583 120.991301 50
798 1396.7388493021422 -146.8725063222745 14.41574 120.991474 50
799 1421.9737026057066 -164.46333063652216 14.415581 120.991708 50
800 1430.8167339141226 -171.32269626352212 14.415519 120.99179 50
801 1435.6697020734898 -176.52264295736558 14.415472 120.991835 50
802 1440.091407337072 -183.1609743555152 14.415412 120.991876 50
803 1454.327370246347 -208.16549047074312 14.415186 120.992008 50
804 1466.6220415892396 -228.9656740975161 14.414998 120.992122 50
805 1470.3967797984178 -236.26789678843963 14.414932 120.992157 50
806 1474.279351017057 -243.45946933703712 14.414867 120.992193 50
807 1478.0540014304977 -249.2126870967538 14.414815 120.992228 50
808 1481.6129457384968 -254.4127015345998 14.414768 120.992261 50
809 1487.6522520267067 -261.27221367173127 14.414706 120.992317 50
810 1500.162171119493 -274.1060624098267 14.41459 120.992433 50
811 -697.8084598290004 -1223.7911300874737 14.406007 120.972051 50
812 -703.6318261120227 -1220.9142467145414 14.406033 120.971997 50
813 -696.514112080094 -1214.9397235146819 14.406087 120.972063 50
814 937.4176700676752 1007.556809325477 14.426174 120.987215 50
815 937.6330996624861 1013.7528381156449 14.42623 120.987217 50
816 936.6623910529089 1019.6168924550059 14.426283 120.987208 50
817 933.9663691101546 1025.591525087883 14.426337 120.987183 50
818 929.8685347382059 1031.5661054714983 14.426391 120.987145 50
819 911.2128890663627 1051.7024809842492 14.426573 120.986972 50
820 897.8413129547066 1063.8727488449254 14.426683 120.986848 50
821 892.0182427823711 1068.2982680551165 14.426723 120.986794 50
822 885.763895526045 1071.3960544771044 14.426751 120.986736 50
823 878.970430857252 1073.3873910695045 14.426769 120.986673 50
824 871.7456835223472 1074.1616388271962 14.426776 120.986606 50
825 865.4914638475436 1073.7188469779558 14.426772 120.986548 50
826 858.8059786788076 1071.5057500810292 14.426752 120.986486 50
827 853.4145255598368 1067.7436942298498 14.426718 120.986436 50
828 850.6111223130988 1061.3262906176426 14.42666 120.98641 50
829 849.6408644993242 1054.6876635913598 14.4266 120.986401 50
830 849.6411563918043 1046.1681349573278 14.426523 120.986401 50
831 851.1511238476783 1036.7635122882712 14.426438 120.986415 50
832 852.2297194437513 1028.68659368586 14.426365 120.986425 50
833 852.229989407203 1020.8309245751853 14.426294 120.986425 50
834 850.9362157516316 1014.7455027190464 14.426239 120.986413 50
835 847.9170928314384 1009.7664542010881 14.426194 120.986385 50
836 842.6334565670481 1006.0044045490012 14.42616 120.986336 50
837 823.8709164849885 999.4758242316468 14.426101 120.986162 50
838 806.4022604936243 995.7133807603918 14.426067 120.986 50
839 797.9912876264557 998.1472597992058 14.426089 120.985922 50
840 792.9230434951191 1002.5728263335936 14.426129 120.985875 50
841 787.8545797246915 1013.968917140681 14.426232 120.985828 50
842 782.7858516886455 1033.8845375833375 14.426412 120.985781 50
843 773.4032518583856 1073.3838762746298 14.426769 120.985694 50
844 771.7852021366965 1091.861245601611 14.426936 120.985679 50
845 775.2355250679384 1101.0447414838247 14.427019 120.985711 50
846 787.9594444254005 1107.351806566998 14.427076 120.985829 50
847 791.9491249679236 1110.0073711889956 14.4271 120.985866 50
848 802.0838923330127 1153.04791541659 14.427489 120.98596 50
849 804.779391079587 1161.7888184816284 14.427568 120.985985 50
850 806.6121877681476 1172.0786991838636 14.427661 120.986002 50
851 805.5333939835376 1186.9048582550313 14.427795 120.985992 50
852 798.8473422670455 1203.0585552866128 14.427941 120.98593 50
853 783.9660410897918 1222.4206480916928 14.428116 120.985792 50
854 758.4087989988798 1264.7962166041605 14.428499 120.985555 50
855 745.683934718553 1292.3459996322194 14.428748 120.985437 50
856 734.900442523277 1306.618657098273 14.428877 120.985337 50
857 717.8628795230661 1317.7931266572227 14.428978 120.985179 50
858 682.7096287842228 1335.2737683463104 14.429136 120.984853 50
859 665.8878293187179 1344.235414700072 14.429217 120.984697 50
860 649.8207477032547 1357.2908926619843 14.429335 120.984548 50
861 636.5572522801294 1371.1209556997712 14.42946 120.984425 50
862 627.930510503171 1383.5127805353884 14.429572 120.984345 50
863 625.3424020218927 1390.7045268485317 14.429637 120.984321 50
864 623.9404081115972 1398.670806067073 14.429709 120.984308 50
865 623.508814505381 1409.5138344877182 14.429807 120.984304 50
866 623.5082023417642 1433.8553515115625 14.430027 120.984304 50
867 621.9981288087868 1451.8901651530439 14.43019 120.98429 50
868 618.5472265764599 1465.6098434116966 14.430314 120.984258 50
869 614.341524494944 1479.1082170612503 14.430436 120.984219 50
870 609.380996487081 1493.4917191279458 14.430566 120.984173 50
871 622.9347731509039 -1496.4175342578012 14.403543 120.984298 50
872 1288.0094859338192 425.69993213009377 14.420915 120.990466 50
873 1288.7640569977941 430.90020066646946 14.420962 120.990473 50
874 1288.8716787505539 434.99400385109624 14.420999 120.990474 50
875 1288.440139959711 438.866492692105 14.421034 120.99047 50
876 1286.9302000677822 443.84535739284206 14.421079 120.990456 50
877 1284.6655234113475 446.832605889301 14.421106 120.990435 50
878 1281.9695213189043 449.5985459541042 14.421131 120.99041 50
879 1278.8422166804535 451.7006050077973 14.42115 120.990381 50
880 1274.7444206035157 453.470685045463 14.421166 120.990343 50
881 1266.225378063847 456.0150420307622 14.421189 120.990264 50
882 1252.961593866265 459.22302100421314 14.421218 120.990141 50
883 664.450670536973 -1362.427762454705 14.404754 120.984683 50
884 664.6652091317185 -1319.6089056613562 14.405141 120.984685 50
885 664.6651025387093 -1315.6257566551094 14.405177 120.984685 50
886 -386.86823331079 881.5194906533557 14.425035 120.974934 50
887 -386.9759691143186 887.7155124018994 14.425091 120.974933 50
888 -1211.0613208372754 278.09806677897893 14.419581 120.967291 50
889 1272.0732598016946 -28.26976973076087 14.416812 120.990318 50
890 1289.1079443244762 38.55956729726145 14.417416 120.990476 50
891 1292.234714177966 47.743111002580186 14.417499 120.990505 50
892 1296.008613650281 54.71382602194433 14.417562 120.99054 50
893 1303.0177142094058 59.36120522812898 14.417604 120.990605 50
894 1313.261934027009 63.234255393681664 14.417639 120.9907 50
895 1311.1458388609074 -705.8461455910983 14.410688 120.99068 50
896 1312.0061448529013 -660.2611497147074 14.4111 120.990688 50
897 1311.68015453938 -613.4591409327772 14.411523 120.990685 50
898 1311.463418650897 -593.4327530278417 14.411704 120.990683 50
899 1311.1380261824334 -557.9163374403053 14.412025 120.99068 50
900 1312.3155309460249 -392.9474110217982 14.413516 120.990691 50
901 1312.3142323283325 -368.38464077705476 14.413738 120.990691 50
902 1312.4178053686624 -287.7258051799769 14.414467 120.990692 50
903 1312.4150380639976 -235.39160971128643 14.41494 120.990692 50
904 1311.9822733423805 -208.61599681262916 14.415182 120.990688 50
