0 0 0 10.7699104270886 106.72501037038 50
1 -1500.0155068627664 -1232.1321070865254 10.758771 106.711296 50
2 -1460.4225358536678 -1253.8139980856724 10.758575 106.711658 50
3 -1406.1735174801347 -1283.4605939301193 10.758307 106.712154 50
4 -1380.7990558152696 -1300.0535942981958 10.758157 106.712386 50
5 -1362.6431741184292 -1311.889924976847 10.75805 106.712552 50
6 -1334.0971809006583 -1338.7700246988777 10.757807 106.712813 50
7 -1317.1443482648785 -1349.389539918535 10.757711 106.712968 50
8 -1302.9258458567172 -1358.5709717828825 10.757628 106.713098 50
9 -1291.5510196024359 -1365.4294158367074 10.757566 106.713202 50
10 -1247.692357050632 -1394.1904477783667 10.757306 106.713603 50
11 -1205.4740975947063 -1418.4162313744089 10.757087 106.713989 50
12 -1145.8651218129182 -1447.0670786907058 10.756828 106.714534 50
13 -1098.5059125886903 -1467.421448446509 10.756644 106.714967 50
14 -1094.4589996117961 -1467.642806684523 10.756642 106.715004 50
15 -1079.6932629859966 -1469.302479733713 10.756627 106.715139 50
16 -1058.3649788096634 -1471.8472577164985 10.756604 106.715334 50
17 -1034.958570024756 -1475.276990015349 10.756573 106.715548 50
18 -1028.833571361763 -1477.6000506555815 10.756552 106.715604 50
19 -1025.5524323730558 -1482.467121419607 10.756508 106.715634 50
20 -1013.411756479573 -1485.4540404149363 10.756481 106.715745 50
21 -992.958320097958 -1483.0211671186487 10.756503 106.715932 50
22 -974.473627330545 -1479.4820945899742 10.756535 106.716101 50
23 -967.4735083837551 -1478.1549417350952 10.756547 106.716165 50
24 -957.0827104033098 -1476.2748195506267 10.756564 106.71626 50
25 -927.2227587989245 -1467.7584604125 10.756641 106.716533 50
26 -921.6445319624313 -1466.3206456779455 10.756654 106.716584 50
27 -893.4252881220185 -1459.574018657962 10.756715 106.716842 50
28 -876.4718852970304 -1456.0348512324792 10.756747 106.716997 50
29 -864.1122824724159 -1452.3849442156525 10.75678 106.71711 50
30 -837.8618436288143 -1446.0806714490784 10.756837 106.71735 50
31 -817.1895354384706 -1437.2321444928953 10.756917 106.717539 50
32 1042.564324150219 1064.177527777413 10.779531 106.734543 50
33 795.6144971510707 936.0807643931345 10.778373 106.732285 50
34 1401.5020376054988 1254.2239682341774 10.781249 106.737825 50
35 1064.4387045650342 1039.4008749831196 10.779307 106.734743 50
36 1403.362705050966 1220.2658131742637 10.780942 106.737842 50
37 1485.494308911675 1295.928737080671 10.781626 106.738593 50
38 801.1930597043831 903.6712539781979 10.77808 106.732336 50
39 1484.7302680906248 1261.4174038944386 10.781314 106.738586 50
40 277.42962437699885 629.563550691422 10.775602 106.727547 50
41 289.46020621205946 635.426146621343 10.775655 106.727657 50
42 309.474711500282 645.0496650028356 10.775742 106.72784 50
43 332.98900104147486 656.8854919589918 10.775849 106.728055 50
44 465.54355622761534 731.2190752467424 10.776521 106.729267 50
45 377.9390199083744 724.4705740947027 10.77646 106.728466 50
46 -764.252705060445 -1490.5488401592809 10.756435 106.718023 50
47 -768.5182186349945 -1483.4695132368872 10.756499 106.717984 50
48 -771.4711848969068 -1475.062860430464 10.756575 106.717957 50
49 -773.439817207259 -1468.9791022252741 10.75663 106.717939 50
50 -773.3303263397288 -1464.0015214837217 10.756675 106.71794 50
51 -771.5802002078469 -1459.3558173984718 10.756717 106.717956 50
52 -767.4237985832245 -1454.7101683587985 10.756759 106.717994 50
53 -762.720557483867 -1451.8343386326565 10.756785 106.718037 50
54 -757.3610901556932 -1450.2858786194693 10.756799 106.718086 50
55 -746.6421717408125 -1447.8526337956769 10.756821 106.718184 50
56 -1324.1977859969218 69.33329207425618 10.770537 106.712903 50
57 -1499.9587274607995 37.92658327898208 10.770253 106.711296 50
58 -789.2986446920014 -1438.1177162269541 10.756909 106.717794 50
59 -786.7832711166001 -1449.9533623766029 10.756802 106.717817 50
60 -784.8147897110615 -1462.3420602662 10.75669 106.717835 50
61 -782.0805546136047 -1469.642579601461 10.756624 106.71786 50
62 -780.7681195951924 -1473.0716119777023 10.756593 106.717872 50
63 -775.1901790349126 -1483.8011985600597 10.756496 106.717923 50
64 -768.1903580548765 -1495.1944945004016 10.756393 106.717987 50
65 -781.2049477201199 -1443.9803927911216 10.756856 106.717868 50
66 -775.2987150253795 -1447.409531702489 10.756825 106.717922 50
67 -765.6736661844424 -1449.7326250513472 10.756804 106.71801 50
68 -680.797096338545 -1416.882405240638 10.757101 106.718786 50
69 -686.3754426090574 -1425.0676509144444 10.757027 106.718735 50
70 -693.1568671628538 -1430.2663207500375 10.75698 106.718673 50
71 -697.5319663627074 -1432.920941169221 10.756956 106.718633 50
72 -703.7664533136178 -1435.2436831543237 10.756935 106.718576 50
73 -710.76657400126 -1437.5664077597312 10.756914 106.718512 50
74 -718.7510548034943 -1438.6723672208623 10.756904 106.718439 50
75 -728.5949279770125 -1439.6676714726955 10.756895 106.718349 50
76 -677.73443722458 -1410.4669152988372 10.757159 106.718814 50
77 -666.3587739847947 -1382.4820627970494 10.757412 106.718918 50
78 -663.0773339611067 -1374.2967682440944 10.757486 106.718948 50
79 -658.264576656522 -1363.2355662422676 10.757586 106.718992 50
80 -654.7643930846417 -1355.2715010099841 10.757658 106.719024 50
81 -649.6235009375984 -1343.5466262244313 10.757764 106.719071 50
82 -641.8574752189692 -1325.6274745437274 10.757926 106.719142 50
83 -636.4978972888875 -1316.8891519548786 10.758005 106.719191 50
84 -625.3414757889229 -1311.6905521651606 10.758052 106.719293 50
85 -617.2476281300529 -1309.2572167257938 10.758074 106.719367 50
86 -606.6382285055658 -1311.6908957040396 10.758052 106.719464 50
87 -583.997599779734 -1319.9872704885681 10.757977 106.719671 50
88 -525.7006703798849 -1341.7789902264933 10.75778 106.720204 50
89 -516.1850290455363 -1345.3187530750924 10.757748 106.720291 50
90 -510.38814228016196 -1347.4204882222061 10.757729 106.720344 50
91 -673.9073704420176 -1464.9991833983615 10.756666 106.718849 50
92 -681.125868506151 -1448.628319170566 10.756814 106.718783 50
93 -682.875601379995 -1434.5804372643433 10.756941 106.718767 50
94 -1499.9591925411082 27.52895556919932 10.770159 106.711296 50
95 -1322.0107586004624 59.267417056572434 10.770446 106.712923 50
96 -1499.9597219366783 15.693358146795093 10.770052 106.711296 50
97 -1489.3502553800943 25.648060698167722 10.770142 106.711393 50
98 -1481.8033680595684 31.62083165312733 10.770196 106.711462 50
99 -1475.4596749551247 35.16016989692616 10.770228 106.71152 50
100 -1467.0379621536058 37.925126948648455 10.770253 106.711597 50
101 -1371.0092885685033 54.070570533982384 10.770399 106.712475 50
102 -1362.2595427445247 55.17634458290694 10.770409 106.712555 50
103 -1356.0253900116397 54.95486579260786 10.770407 106.712612 50
104 -1350.3381246684864 53.95911874210955 10.770398 106.712664 50
105 -1344.7602701744795 51.967859484074495 10.77038 106.712715 50
106 -1341.6979631831487 49.75547558213331 10.77036 106.712743 50
107 -1335.9014310112293 46.10501312646013 10.770327 106.712796 50
108 -1315.011996626447 33.82613766234084 10.770216 106.712987 50
109 -1304.2937743340021 29.51180970576972 10.770177 106.713085 50
110 -1295.8722708077016 27.188608946577148 10.770156 106.713162 50
111 -1287.2319427243567 26.967050054809597 10.770154 106.713241 50
112 -1274.9822632287435 29.289456363948915 10.770175 106.713353 50
113 -1106.2212891726163 59.37021755445608 10.770447 106.714896 50
114 -1090.3623651755904 62.24563779397354 10.770473 106.715041 50
115 -1046.7229280419704 72.3100360278198 10.770564 106.71544 50
116 -1038.3012837861143 74.30080936385815 10.770582 106.715517 50
117 -1000.6773348104759 82.92748454303998 10.77066 106.715861 50
118 -966.3345266096723 91.99674862366166 10.770742 106.716175 50
119 -958.240945392505 96.08919977567555 10.770779 106.716249 50
120 -938.0070056257941 106.15441664652127 10.77087 106.716434 50
121 -718.7167624661898 162.2298250048592 10.771377 106.718439 50
122 -629.3602180626981 189.43884419679802 10.771623 106.719256 50
123 -532.5665155942722 222.51047583776568 10.771922 106.720141 50
124 -476.5683846423273 245.40653954782385 10.772129 106.720653 50
125 -467.70931194662097 249.05664628116838 10.772162 106.720734 50
126 -358.01006833346037 296.2870792656372 10.772589 106.721737 50
127 1036.3299874033708 1075.9023259006165 10.779637 106.734486 50
128 789.1614784786859 948.1374417974562 10.778482 106.732226 50
129 1402.813838933047 1268.7143441474568 10.78138 106.737837 50
130 1323.5242089468254 1226.6781288928805 10.781 106.737112 50
131 1313.2439128968829 1220.4833891303651 10.780944 106.737018 50
132 1099.5435679313043 1108.8670510275401 10.779935 106.735064 50
133 1070.3449430682656 1028.0079112197022 10.779204 106.734797 50
134 1303.1848178219846 1150.7967227658023 10.780314 106.736926 50
135 1404.5664148915034 1204.337572147774 10.780798 106.737853 50
136 -714.778032600149 226.8277744254069 10.771961 106.718475 50
137 -874.8979168142986 181.5908231829279 10.771552 106.717011 50
138 -880.5852386050688 180.15300212858114 10.771539 106.716959 50
139 -899.615882475299 175.8395975138158 10.7715 106.716785 50
140 -723.419406129558 176.38839903418727 10.771505 106.718396 50
141 -647.1874868971435 198.50945534541046 10.771705 106.719093 50
142 -536.831769761871 235.23104728880153 10.772037 106.720102 50
143 -104.37935317549416 484.8806383505388 10.774294 106.724056 50
144 -240.32657145689578 417.2967405952658 10.773683 106.722813 50
145 -254.10725586980055 410.1069916522009 10.773618 106.722687 50
146 -260.6694895197497 406.56742330566016 10.773586 106.722627 50
147 -12.8367700065456 515.7415306418973 10.774573 106.724893 50
148 -97.92656708504556 472.71317906839084 10.774184 106.724115 50
149 -19.180209108532353 527.6877476011729 10.774681 106.724835 50
150 -77.1463829550693 430.79076464509245 10.773805 106.724305 50
151 9.36530242901388 474.04039446203285 10.774196 106.725096 50
152 -254.43549378424458 393.29380531430604 10.773466 106.722684 50
153 -261.435212296303 389.643627390376 10.773433 106.72262 50
154 -280.90318577268744 379.6886073156727 10.773343 106.722442 50
155 -303.76167010454367 367.300141329504 10.773231 106.722233 50
156 -340.2915059954071 350.04485137957465 10.773075 106.721899 50
157 -400.3361231941871 322.94530977354634 10.77283 106.72135 50
158 -547.4401921786348 267.8620758741022 10.772332 106.720005 50
159 764.6632568119827 935.526978751169 10.778368 106.732002 50
160 761.600977177621 933.9783254142079 10.778354 106.731974 50
161 505.1340817731764 802.3438762418032 10.777164 106.729629 50
162 383.6260320785143 740.177699604505 10.776602 106.728518 50
163 267.25786573792664 680.4454942335602 10.776062 106.727454 50
164 254.13360965851132 673.8086061028565 10.776002 106.727334 50
165 243.08735956966655 667.8354167390523 10.775948 106.727233 50
166 127.70302498842241 605.8914432880991 10.775388 106.726178 50
167 -1.243574933829322 536.5367895481405 10.774761 106.724999 50
168 -410.7267679246098 285.55821499092696 10.772492 106.721255 50
169 -362.1660363914091 306.4635270703928 10.772681 106.721699 50
170 -1112.5635845825236 96.64702987561458 10.770784 106.714838 50
171 -1088.7205863656184 99.52218702083121 10.77081 106.715056 50
172 -710.2941057472783 213.99656269734783 10.771845 106.718516 50
173 807.3179776708539 891.946410633703 10.777974 106.732392 50
174 -551.158615033937 278.59160517802104 10.772429 106.719971 50
175 283.77316021254893 616.4006450712627 10.775483 106.727605 50
176 295.2568947173246 622.7056908072547 10.77554 106.72771 50
177 381.439453509488 669.7171277616137 10.775965 106.728498 50
178 531.6021964539543 748.143862540222 10.776674 106.729871 50
179 785.1164383992622 880.3315064421668 10.777869 106.732189 50
180 1485.6030874411665 1309.2023187472541 10.781746 106.738594 50
181 1487.027654520455 1246.2635058639462 10.781177 106.738607 50
182 -83.27107467508608 442.95821882108334 10.773915 106.724249 50
183 2.4749981182532252 487.7564163290681 10.77432 106.725033 50
184 -876.3201598954456 165.44135211133022 10.771406 106.716998 50
185 -894.9133308651986 161.01732036640783 10.771366 106.716828 50
186 319.2081504267 690.4011277022466 10.776152 106.727929 50
187 298.3187271770588 680.1139168588222 10.776059 106.727738 50
188 273.7107590245451 667.0613610004782 10.775941 106.727513 50
189 261.46145240140163 660.5350903056099 10.775882 106.727401 50
190 250.19646063512133 654.5618969401984 10.775828 106.727298 50
191 227.99457383575492 642.5049107519479 10.775719 106.727095 50
192 243.19713013681377 612.5288678358481 10.775448 106.727234 50
193 266.930204718705 624.3646498406193 10.775555 106.727451 50
194 -1325.4476968192992 -1115.9958303872659 10.759821 106.712892 50
195 -1309.041797812155 -1125.2879655261456 10.759737 106.713042 50
196 -1304.995017798212 -1127.8322218892242 10.759714 106.713079 50
197 -1278.9643221818217 -1143.0978165163672 10.759576 106.713317 50
198 -1276.886236140052 -1144.2040255384472 10.759566 106.713336 50
199 -1240.683860986348 -1165.996141989876 10.759369 106.713667 50
200 -1169.4821179667238 -1210.1332797416696 10.75897 106.714318 50
201 -1136.560816769473 -1230.4871996224997 10.758786 106.714619 50
202 -1117.5298678485196 -1241.8809758428029 10.758683 106.714793 50
203 -1090.077148705724 -1258.141986923428 10.758536 106.715044 50
204 -1074.2179963167293 -1267.5446015736509 10.758451 106.715189 50
205 -1049.390205176776 -1282.3675262463498 10.758317 106.715416 50
206 -961.8911616799453 -1333.030891374045 10.757859 106.716216 50
207 -942.4226012682634 -1344.756418963063 10.757753 106.716394 50
208 -914.9696195800828 -1357.5882836439673 10.757637 106.716645 50
209 -880.7353948688892 -1373.6280805960782 10.757492 106.716958 50
210 -860.0635931910577 -1383.2519452827728 10.757405 106.717147 50
211 -800.6731156138446 -1411.0172703278606 10.757154 106.71769 50
212 -795.6418728960361 -1413.340262339419 10.757133 106.717736 50
213 -1500.013846166965 -1194.966146297542 10.759107 106.711296 50
214 -1492.3569385577412 -1180.6974134196832 10.759236 106.711366 50
215 -1465.5581294267145 -1138.0019840456475 10.759622 106.711611 50
216 -1462.8235627639351 -1133.688197061012 10.759661 106.711636 50
217 -1453.197885454675 -1118.3134106775576 10.7598 106.711724 50
218 -1423.0083274516246 -1070.308669005777 10.760234 106.712 50
219 -1417.3204482829365 -1061.238644798451 10.760316 106.712052 50
220 -769.2823953511133 -1419.8670422804514 10.757074 106.717977 50
221 -935.8598823565976 -1338.6728893932018 10.757808 106.716454 50
222 -957.5159315781868 -1326.0623994168873 10.757922 106.716256 50
223 -1045.1243253372784 -1274.9565901817011 10.758384 106.715455 50
224 -1133.3886785292366 -1223.076237464155 10.758853 106.714648 50
225 -1250.636513195738 -1152.7222144238272 10.759489 106.713576 50
226 -1305.650950102227 -1119.6468354834626 10.759788 106.713073 50
227 -1321.9474548071996 -1109.912254340792 10.759876 106.712924 50
228 -779.4544235276403 -1422.18967966037 10.757053 106.717884 50
229 -726.0797840378216 -1463.1176740738003 10.756683 106.718372 50
230 -1111.57944614656 90.56327867500438 10.770729 106.714847 50
231 -1071.7686435387916 81.38109835862221 10.770646 106.715211 50
232 -1059.8471716954123 81.82317172529736 10.77065 106.71532 50
233 -1014.5672121177709 91.55572091527766 10.770738 106.715734 50
234 -896.664501905606 114.78110487302146 10.770948 106.716812 50
235 -883.2117823028138 117.76730065685608 10.770975 106.716935 50
236 -833.6787923520169 -368.9313901783162 10.766575 106.717388 50
237 -828.1005200073711 -358.09145093811185 10.766673 106.717439 50
238 -816.7251387117161 -332.2082793871036 10.766907 106.717543 50
239 -808.6309267633379 -305.4401203133866 10.767149 106.717617 50
240 -803.0523076072093 -279.3355769626864 10.767385 106.717668 50
241 -799.4423214322703 -250.0232071784856 10.76765 106.717701 50
242 -798.7854082786782 -221.48505760171503 10.767908 106.717707 50
243 -800.5347186897537 -194.49543282679574 10.768152 106.717691 50
244 -805.3464046764261 -165.95715145919746 10.76841 106.717647 50
245 -811.9079844545173 -135.4277917031325 10.768686 106.717587 50
246 -821.4225226268835 -102.13303161403732 10.768987 106.7175 50
247 -937.2397136738934 166.770356208747 10.771418 106.716441 50
248 -952.4421957881846 169.3148851378139 10.771441 106.716302 50
249 -998.3782019362782 161.46269332943945 10.77137 106.715882 50
250 -1070.8915121868654 149.07626685117998 10.771258 106.715219 50
251 -1119.9993504876136 140.671277828665 10.771182 106.71477 50
252 -1376.8042305115932 96.32499827157335 10.770781 106.712422 50
253 -1499.9570551162597 75.31379832718633 10.770591 106.711296 50
254 1500.0398355344928 1302.898012415218 10.781689 106.738726 50
255 -907.9285594510424 157.69927814771958 10.771336 106.716709 50
256 -956.5990815575874 141.55112319880567 10.77119 106.716264 50
257 -1015.7691721483441 128.61113436590728 10.771073 106.715723 50
258 -1042.67460449695 123.41314598117341 10.771026 106.715477 50
259 -1067.5020127739833 117.66204765235952 10.770974 106.71525 50
260 -1091.1263981331906 110.36234563602395 10.770908 106.715034 50
261 -949.8175671147876 159.69147366405974 10.771354 106.716326 50
262 -1023.5340215389987 144.76087832759725 10.771219 106.715652 50
263 -1034.0336888901102 142.99139134900346 10.771203 106.715556 50
264 -1070.3450493558666 136.79819885988854 10.771147 106.715224 50
265 -1080.0791638655082 133.81195813834333 10.77112 106.715135 50
266 -1090.579042677524 125.73754405846003 10.771047 106.715039 50
267 -886.6019574337014 130.1560535907978 10.771087 106.716904 50
268 -868.1181242639663 135.24377110050247 10.771133 106.717073 50
269 -798.7764504465088 154.59933465137425 10.771308 106.717707 50
270 -864.9466991621472 122.30196030696374 10.771016 106.717102 50
271 -789.5896123006412 140.99370968924043 10.771185 106.717791 50
272 -1359.1618994268701 924.484492829762 10.778268 106.712583 50
273 -1499.9155960643443 1001.8090636841284 10.778967 106.711296 50
274 -1499.9160417106696 991.8538827539628 10.778877 106.711296 50
275 -1363.2088685117642 916.1886733316671 10.778193 106.712546 50
276 574.914160500264 640.8498673912243 10.775704 106.730267 50
277 351.0363031614453 526.2516092299488 10.774668 106.72822 50
278 335.28714380338056 518.1766923512004 10.774595 106.728076 50
279 234.1205017476991 464.30725860765483 10.774108 106.727151 50
280 142.57808219244112 415.41576008827184 10.773666 106.726314 50
281 45.89499485202389 365.97143998805353 10.773219 106.72543 50
282 35.72356678707225 361.4362912490867 10.773178 106.725337 50
283 -1177.5044766378685 824.1515276869206 10.777361 106.714244 50
284 -1168.31696180296 839.6370419370095 10.777501 106.714328 50
285 -1155.9575814982252 860.4318787761606 10.777689 106.714441 50
286 -1134.5202400397213 892.6195628865692 10.77798 106.714637 50
287 -1113.083013208736 922.594998941847 10.778251 106.714833 50
288 -1093.286551758515 946.3761680085984 10.778466 106.715014 50
289 -1074.9119981916538 967.2814535083411 10.778655 106.715182 50
290 -1066.7090812090446 976.5726936584823 10.778739 106.715257 50
291 -1045.1628454642218 998.6946394081017 10.778939 106.715454 50
292 -1020.3355073282507 1023.6924404819223 10.779165 106.715681 50
293 -996.1645261282208 1044.9294335354343 10.779357 106.715902 50
294 -969.5874580170679 1066.9406664876951 10.779556 106.716145 50
295 -943.885480067614 1084.9698728141482 10.779719 106.71638 50
296 -934.5890358904833 1091.1639475580391 10.779775 106.716465 50
297 -910.9655320350388 1092.711881275899 10.779789 106.716681 50
298 -298.83497442675355 931.9799723416899 10.778336 106.722278 50
299 -287.02354736305085 889.9468849870082 10.777956 106.722386 50
300 -283.96143924731456 865.0589082253325 10.777731 106.722414 50
301 -279.4775980705722 832.428002397882 10.777436 106.722455 50
302 -277.1811705077238 794.2664603176173 10.777091 106.722476 50
303 -277.4001773906734 761.7462083746632 10.776797 106.722474 50
304 -511.9876094472182 1349.1046639573785 10.782107 106.720329 50
305 -507.2849625401655 1340.144927915868 10.782026 106.720372 50
306 -500.5043796162897 1328.419832950737 10.78192 106.720434 50
307 -495.9110955000392 1319.349487097739 10.781838 106.720476 50
308 -482.6780244921975 1294.903789944223 10.781617 106.720597 50
309 -441.77566811944195 1220.460584567219 10.780944 106.720971 50
310 -424.4960051292675 1189.2674574914713 10.780662 106.721129 50
311 -392.34262801565467 1130.752719270851 10.780133 106.721423 50
312 -389.60849472060124 1125.553870300031 10.780086 106.721448 50
313 -348.92450323975226 1047.0181020767068 10.779376 106.72182 50
314 -333.941387187548 1016.5993404992292 10.779101 106.721957 50
315 -319.8331675258245 988.5034700056874 10.778847 106.722086 50
316 -316.2240957824451 980.0968385975593 10.778771 106.722119 50
317 -312.5056529274279 971.8008197182473 10.778696 106.722153 50
318 -305.1781501636077 952.9965219282569 10.778526 106.72222 50
319 -653.872005339373 -463.1776811447757 10.765723 106.719032 50
320 -703.5267399396058 -435.302192762385 10.765975 106.718578 50
321 -767.7278916014943 -403.99729653250307 10.766258 106.717991 50
322 -816.0700418429036 -378.9976094450492 10.766484 106.717549 50
323 541.0081892658999 732.1051126483977 10.776529 106.729957 50
324 550.6329965266067 711.9736842825987 10.776347 106.730045 50
325 565.0702458658324 680.7810294251634 10.776065 106.730177 50
326 572.3984406755948 654.0127832400734 10.775823 106.730244 50
327 580.2737316084344 613.5285243506911 10.775457 106.730316 50
328 583.2270509634262 593.7288312000866 10.775278 106.730343 50
329 583.883318078264 590.8529021132316 10.775252 106.730349 50
330 583.883360469849 588.4194139972152 10.77523 106.730349 50
331 583.992774316105 585.8753146922592 10.775207 106.73035 50
332 584.6492577411833 570.6107189483414 10.775069 106.730356 50
333 585.4152137777834 549.4836312832679 10.774878 106.730363 50
334 585.6340574321207 543.5105280541054 10.774824 106.730365 50
335 583.1188321963092 527.5821988534012 10.77468 106.730342 50
336 578.853883076613 500.37130445731657 10.774434 106.730303 50
337 577.9789761133854 497.3847359223126 10.774407 106.730295 50
338 571.745292741272 474.15588022305934 10.774197 106.730238 50
339 569.6673888441087 466.85538100315364 10.774131 106.730219 50
340 556.2156379180096 421.725015656899 10.773723 106.730096 50
341 520.234090172386 344.1846668281313 10.773022 106.729767 50
342 474.9561579277797 246.84448664343955 10.772142 106.729353 50
343 474.08121943943956 244.96405199643846 10.772125 106.729345 50
344 459.097899079777 211.5586953638263 10.771823 106.729208 50
345 454.5045794976256 192.9756367461742 10.771655 106.729166 50
346 445.9740564742601 162.88876712985402 10.771383 106.729088 50
347 445.0993373535655 144.19514691401983 10.771214 106.72908 50
348 445.0997705011682 111.56429216500963 10.770919 106.72908 50
349 446.85003347625087 87.1188280464105 10.770698 106.729096 50
350 451.7720305438155 65.21750739013167 10.7705 106.729141 50
351 465.66270168959636 27.388030284915935 10.770158 106.729268 50
352 482.0690688938839 -18.847996559901027 10.76974 106.729418 50
353 486.55357647164124 -37.87337758733478 10.769568 106.729459 50
354 491.9131659696225 -63.977980490194085 10.769332 106.729508 50
355 495.08538791847417 -94.0646844049011 10.76906 106.729537 50
356 497.60137627534823 -123.59833198005138 10.768793 106.72956 50
357 498.14868071807376 -153.57446035392172 10.768522 106.729565 50
358 495.52425912024773 -187.75393098618457 10.768213 106.729541 50
359 488.19699334904965 -233.21600001241558 10.767802 106.729474 50
360 475.29168030100476 -276.02343276525113 10.767415 106.729356 50
361 463.58925575969437 -306.11034343585567 10.767143 106.729249 50
362 446.19954133331976 -343.94023821307877 10.766801 106.72909 50
363 423.6692323700426 -378.67302351085544 10.766487 106.728884 50
364 409.01354618020076 -399.35784272871024 10.7663 106.72875 50
365 387.9048960313633 -424.35663877227887 10.766074 106.728557 50
366 367.0149009281905 -443.9353803099734 10.765897 106.728366 50
367 340.6562653227143 -466.6113294027701 10.765692 106.728125 50
368 301.06352628658203 -497.0302907603286 10.765417 106.727763 50
369 266.28304403804566 -516.0560254030961 10.765245 106.727445 50
370 -74.5217821830721 304.80245804488885 10.772666 106.724329 50
371 -81.74023996313589 301.37346944102916 10.772635 106.724263 50
372 333.6419537277728 984.6321453184538 10.778812 106.728061 50
373 345.6717123891751 1056.9732496351717 10.779466 106.728171 50
374 349.3900349113177 1075.1138408062136 10.77963 106.728205 50
375 359.4515962622657 1101.9929370598204 10.779873 106.728297 50
376 372.1379074090782 1134.2921091215092 10.780165 106.728413 50
377 392.9164298102797 1249.2193918904445 10.781204 106.728603 50
378 395.103607475682 1263.5991254619214 10.781334 106.728623 50
379 399.3687996260631 1274.7711029515585 10.781435 106.728662 50
380 407.35239181250694 1292.801140664505 10.781598 106.728735 50
381 419.3823526719698 1327.4232020133668 10.781911 106.728845 50
382 433.1619989274999 1374.544576197594 10.782337 106.728971 50
383 442.12978109346244 1397.8840669106862 10.782548 106.729053 50
384 457.4400155101989 1480.512294259925 10.783295 106.729193 50
385 -1499.9679986293745 -169.36228065531725 10.768379 106.711296 50
386 -1462.783929472364 -224.55983323394406 10.76788 106.711636 50
387 -1408.3192966380961 -289.04956833732024 10.767297 106.712134 50
388 -1359.4321872740252 -346.90220472459885 10.766774 106.712581 50
389 -1305.294715449011 -397.01206033667273 10.766321 106.713076 50
390 -1249.6256057147402 -440.2638763090043 10.76593 106.713585 50
391 -1190.1282143637288 -481.19286125862243 10.76556 106.714129 50
392 217.39340444762942 -538.6214349513456 10.765041 106.726998 50
393 190.48764340413285 -546.5857362607715 10.764969 106.726752 50
394 180.75344033754874 -549.1298896711041 10.764946 106.726663 50
395 177.6909933999825 -549.7935841756407 10.76494 106.726635 50
396 148.16025136340176 -556.7623480762153 10.764877 106.726365 50
397 128.6918220917364 -559.4171409749581 10.764853 106.726187 50
398 94.23925666440121 -563.9523893975144 10.764812 106.725872 50
399 13.849900023008292 -571.9166565165259 10.76474 106.725137 50
400 -54.50841870076073 -573.9076494632558 10.764722 106.724512 50
401 -115.21060759229083 -574.2393349248412 10.764719 106.723957 50
402 -121.2261393708642 -574.1287006972742 10.76472 106.723902 50
403 -167.70979142659203 -573.0223702359668 10.76473 106.723477 50
404 -246.67727287086535 -566.6063270941355 10.764788 106.722755 50
405 -326.19153448833913 -554.4382154969838 10.764898 106.722028 50
406 -390.3934905554478 -542.3807100523865 10.765007 106.721441 50
407 -436.439478857116 -532.2037442214244 10.765099 106.72102 50
408 -489.81338802498465 -518.486992077969 10.765223 106.720532 50
409 -571.9521977351901 -494.3720521515361 10.765441 106.719781 50
410 -1094.3194227199951 -541.3696104229025 10.765016 106.715005 50
411 -991.510461354769 -603.9797778279353 10.76445 106.715945 50
412 -974.3389358737783 -607.4092847231245 10.764419 106.716102 50
413 -91.69296576187324 296.17468051866166 10.772588 106.724172 50
414 -174.81474737865446 253.69958949770398 10.772204 106.723412 50
415 -185.97058113576557 248.05838269281728 10.772153 106.72331 50
416 -188.48611310675864 246.73103984194626 10.772141 106.723287 50
417 -224.1410614330662 228.5907150691344 10.771977 106.722961 50
418 -302.99769585680923 188.3281766028072 10.771613 106.72224 50
419 -379.4483748275751 146.627827304653 10.771236 106.721541 50
420 -406.3538686283045 127.04962958142103 10.771059 106.721295 50
421 -413.4630575639204 121.18722394359804 10.771006 106.72123 50
422 -418.05669245813624 117.09459743779571 10.770969 106.721188 50
423 -427.35334656085763 108.1350562767732 10.770888 106.721103 50
424 -436.7593925939095 97.95877544836254 10.770796 106.721017 50
425 -441.79054136267405 92.09634891374698 10.770743 106.720971 50
426 -449.77477696544554 81.47760087294688 10.770647 106.720898 50
427 -455.3528285029965 72.51801799057738 10.770566 106.720847 50
428 -467.1651511368142 55.81560796962854 10.770415 106.720739 50
429 -474.16508836446997 43.31643021435356 10.770302 106.720675 50
430 -480.1806776696667 31.59153132753408 10.770196 106.72062 50
431 -485.4307163869053 16.769456830865696 10.770062 106.720572 50
432 -489.8057624263305 3.7171794358109285 10.769944 106.720532 50
433 -493.41522297200135 -10.109399970321316 10.769819 106.720499 50
434 -496.14969143913294 -22.387409031163763 10.769708 106.720474 50
435 -498.22793587575774 -34.88665365053398 10.769595 106.720455 50
436 -500.08745681598657 -48.602644925082586 10.769471 106.720438 50
437 -501.8375960451055 -61.544346239926256 10.769354 106.720422 50
438 -501.83796514957567 -86.21105727570169 10.769131 106.720422 50
439 -501.6194797992505 -103.46669675698998 10.768975 106.720424 50
440 -498.8854650867888 -122.27095629198043 10.768805 106.720449 50
441 -496.9168899953268 -130.23512516416184 10.768733 106.720467 50
442 -493.9640239728131 -142.070765136035 10.768626 106.720494 50
443 -486.52705869423835 -164.41470972647346 10.768424 106.720562 50
444 -469.9030716084234 -203.90380451512837 10.768067 106.720714 50
445 -456.2318880310157 -228.12825010201618 10.767848 106.720839 50
446 -440.2639165442867 -256.1135634405285 10.767595 106.720985 50
447 -419.92100298228956 -282.4397281762987 10.767357 106.721171 50
448 -411.60883658070674 -293.27990916069086 10.767259 106.721247 50
449 -401.6561034987656 -306.22175544548145 10.767142 106.721338 50
450 -345.8766435155285 -353.1223049869426 10.766718 106.721848 50
451 -290.64380977346707 -390.62064790280965 10.766379 106.722353 50
452 -243.17621241816659 -412.7436322363153 10.766179 106.722787 50
453 -204.34895768278557 -426.57052024622357 10.766054 106.723142 50
454 -181.38069070434213 -431.6588517592554 10.766008 106.723352 50
455 -173.3964819853112 -433.42870248318025 10.765992 106.723425 50
456 -162.1310903942212 -435.97285854118866 10.765969 106.723528 50
457 -121.77253137620293 -443.3841023971393 10.765902 106.723897 50
458 -63.80490844932834 -446.81326671195205 10.765871 106.724427 50
459 -41.7115820313325 -445.8177842018859 10.76588 106.724629 50
460 -23.993172936274533 -445.3753494401577 10.765884 106.724791 50
461 -13.493374568386532 -443.6055468306899 10.7659 106.724887 50
462 21.396572057902016 -437.0793739410254 10.765959 106.725206 50
463 56.50524632502432 -427.8984516181913 10.766042 106.725527 50
464 76.73920617426059 -421.4828556129506 10.7661 106.725712 50
465 87.12961491913589 -418.1644392821347 10.76613 106.725807 50
466 107.03544327890748 -411.3063736831425 10.766192 106.725989 50
467 122.34761368141432 -406.1075088011446 10.766239 106.726129 50
468 144.33150359408455 -397.8114439420419 10.766314 106.72633 50
469 157.01871728637613 -392.7231874152232 10.76636 106.726446 50
470 -514.7219842462268 1336.1629681165657 10.78199 106.720304 50
471 -618.1842456331904 1281.7430505895404 10.781498 106.719358 50
472 -735.6460421846963 1219.6914517449025 10.780937 106.718284 50
473 -802.0328949915565 1186.066581010615 10.780633 106.717677 50
474 264.96142517371834 640.8459859667208 10.775704 106.727433 50
475 258.1805067740876 643.2794212645584 10.775726 106.727371 50
476 254.35257563014375 643.8324575098833 10.775731 106.727336 50
477 251.399600975375 644.1642745409205 10.775734 106.727309 50
478 243.63437794603175 644.1642172257774 10.775734 106.727238 50
479 256.10264311476436 623.147821320086 10.775544 106.727352 50
480 261.68043451031076 629.3421978995656 10.7756 106.727403 50
481 264.4146220591288 635.3153266875056 10.775654 106.727428 50
482 263.53953926600195 651.5754454408482 10.775801 106.72742 50
483 287.05380540625936 667.5039249671254 10.775945 106.727635 50
484 280.1636149294629 658.7654317285024 10.775866 106.727572 50
485 276.22639248090604 650.0269641432441 10.775787 106.727536 50
486 274.6952646190038 644.828135873066 10.77574 106.727522 50
487 274.9140395838365 640.4036136836304 10.7757 106.727524 50
488 275.57028842811366 636.4215474955794 10.775664 106.72753 50
489 280.1637480748719 642.8371453204956 10.775722 106.727572 50
490 285.0853797879999 641.509829605348 10.77571 106.727617 50
491 287.4915054239634 641.5098501469513 10.77571 106.727639 50
492 292.0850189653506 641.3992767427076 10.775709 106.727681 50
493 315.8178004643996 680.3353032985467 10.776061 106.727898 50
494 315.27103656279223 671.5968631241262 10.775982 106.727893 50
495 318.33344592153037 664.1858142790032 10.775915 106.727921 50
496 323.14573339537134 660.0931755777426 10.775878 106.727965 50
497 -267.8879461914175 402.9172484015721 10.773553 106.722561 50
498 -286.91843134937767 393.18345441937976 10.773465 106.722387 50
499 -329.573001481078 371.9461345252442 10.773273 106.721997 50
500 -413.0229803558115 331.6838969234561 10.772909 106.721234 50
501 -233.43672711153073 349.712098071601 10.773072 106.722876 50
502 -225.99952365189418 353.14105264270324 10.773103 106.722944 50
503 -215.06245653461002 359.1140871187029 10.773157 106.723044 50
504 -184.76680741616423 374.48912493523056 10.773296 106.723321 50
505 -145.83092113898857 394.8417403400957 10.77348 106.723677 50
506 19.42677347821484 1438.476182923801 10.782915 106.725188 50
507 62.84533166897705 1459.7139608277162 10.783107 106.725585 50
508 72.79768791768373 1464.912799005199 10.783154 106.725676 50
509 178.11975179817134 1094.2485646749767 10.779803 106.726639 50
510 184.68179043187126 1100.3323221981063 10.779858 106.726699 50
511 187.74405798917996 1106.0842218642229 10.77991 106.726727 50
512 188.4002183227356 1114.3802101848064 10.779985 106.726733 50
513 185.9940805834493 1122.6761814316044 10.78006 106.726711 50
514 149.24621342688488 1188.7120371461563 10.780657 106.726375 50
515 102.54598987158684 1278.5297283217371 10.781469 106.725948 50
516 56.06475122590316 1368.0156499075952 10.782278 106.725523 50
517 -263.18219416757665 764.1795821310227 10.776819 106.722604 50
518 -262.8538313885281 796.8104464627526 10.777114 106.722607 50
519 -265.2596446832485 834.8613753700988 10.777458 106.722585 50
520 -269.63413077024563 867.4922784616671 10.777753 106.722545 50
521 -272.8056178321739 892.3802548378969 10.777978 106.722516 50
522 -284.61706187324916 934.4133372425874 10.778358 106.722408 50
523 -285.4919835577072 937.3998988601876 10.778385 106.7224 50
524 -291.39770781377325 956.7572453952357 10.77856 106.722346 50
525 -298.9439490685756 976.1146077637495 10.778735 106.722277 50
526 -306.27146847326264 992.9278682495236 10.778887 106.72221 50
527 -320.3796976444765 1021.0237331065531 10.779141 106.722081 50
528 -335.36282513831793 1051.331875574549 10.779415 106.721944 50
529 -376.04684317173883 1129.8676275328653 10.780125 106.721572 50
530 -379.98400198896945 1136.946912233096 10.780189 106.721536 50
531 -411.37181653853895 1195.9040819392585 10.780722 106.721249 50
532 -414.6527673604825 1201.987844717074 10.780777 106.721219 50
533 -428.7608571765182 1226.9865906284704 10.781003 106.72109 50
534 -469.66323760479764 1301.2085541184122 10.781674 106.720716 50
535 -483.22441696265264 1325.654250946976 10.781895 106.720592 50
536 -488.03644104036016 1334.5033719920766 10.781975 106.720548 50
537 -494.4889210580302 1346.560299064382 10.782084 106.720489 50
538 -499.4103012220882 1355.7412628864467 10.782167 106.720444 50
539 -1146.366460971138 -113.95909453637344 10.76888 106.714529 50
540 -1129.852100212457 -137.18839564659163 10.76867 106.71468 50
541 -1113.2282968643904 -158.9797223113424 10.768473 106.714832 50
542 -1097.3700000883068 -178.4481414238539 10.768297 106.714977 50
543 -1081.8397440526965 -196.14673349716898 10.768137 106.715119 50
544 -1071.449764119255 -207.6508238249131 10.768033 106.715214 50
545 -852.8187263157066 -357.98021841672323 10.766674 106.717213 50
546 -878.4115193697413 -342.82557187287495 10.766811 106.716979 50
547 -916.2537593318496 -318.489691076777 10.767031 106.716633 50
548 -956.8301375459512 -290.0610068526351 10.767288 106.716262 50
549 -997.8438110488078 -257.42896445017385 10.767583 106.715887 50
550 -978.2552965975591 115.44706412526105 10.770954 106.716066 50
551 -960.2087894309929 125.29110546080801 10.771043 106.716231 50
552 -923.5692963033804 132.47992572976995 10.771108 106.716566 50
553 -912.0852292691599 136.57229491278383 10.771145 106.716671 50
554 -902.5698486327982 140.44349483020898 10.77118 106.716758 50
555 -895.0229734174508 150.84092096402276 10.771274 106.716827 50
556 -295.00267290175566 1432.5043648921862 10.782861 106.722313 50
557 -247.8654178734854 1456.7282629540587 10.78308 106.722744 50
558 -230.80403496290563 1482.832844684234 10.783316 106.7229 50
559 -301.6739260173532 1445.7780020734806 10.782981 106.722252 50
560 1500.0413462814065 1269.1610049682206 10.781384 106.738726 50
561 -205.6562612644373 416.52221845396883 10.773676 106.72313 50
562 -233.8738363637492 403.0276070176339 10.773554 106.722872 50
563 -247.43577924557613 396.6121454548644 10.773496 106.722748 50
564 -239.88948611343335 362.10080873651066 10.773184 106.722817 50
565 -232.23354348145125 365.6403734674294 10.773216 106.722887 50
566 -220.8590027934266 370.949724574367 10.773264 106.722991 50
567 -202.81286400114158 379.3562048634231 10.77334 106.723156 50
568 -1500.005700105608 -1012.6759454666645 10.760755 106.711296 50
569 -1486.7717046486973 -1020.5300572231876 10.760684 106.711417 50
570 -1481.7405875850875 -1023.2956046851766 10.760659 106.711463 50
571 -1454.616334163193 -1039.225062873488 10.760515 106.711711 50
572 -1423.5546625944392 -1057.5881521027086 10.760349 106.711995 50
573 -1413.9295655453652 -1055.0444605378718 10.760372 106.712083 50
574 -1419.7262936523905 -1051.725825951562 10.760402 106.71203 50
575 -1447.8349184719698 -1035.1326756766582 10.760552 106.711773 50
576 -1500.0053293513806 -1004.3799710403524 10.76083 106.711296 50
577 -1405.617626136416 -1068.207755641755 10.760253 106.712159 50
578 -1383.7431802766641 -1081.260997943026 10.760135 106.712359 50
579 -1343.3847798162142 -1105.2656570502304 10.759918 106.712728 50
580 -1346.3375154909886 -1095.5315958388703 10.760006 106.712701 50
581 -1401.7892591164075 -1062.3454274807784 10.760306 106.712194 50
582 -1339.9942330382723 -1107.2568264446568 10.7599 106.712759 50
583 -1333.21314266932 -1111.349777183921 10.759863 106.712821 50
584 -1329.9316541987466 -1105.376806242512 10.759917 106.712851 50
585 -1336.4940025149515 -1101.5050908429662 10.759952 106.712791 50
586 -1408.1328455730613 -1058.58432009392 10.76034 106.712136 50
587 -262.20121700934516 336.77058019970764 10.772955 106.722613 50
588 -240.21771102249076 346.1725273684732 10.77304 106.722814 50
589 -295.996667138505 335.11166526645354 10.77294 106.722304 50
590 -267.5602675112011 348.82744832058006 10.773064 106.722564 50
591 -246.45172522013527 358.8930769502064 10.773155 106.722757 50
592 190.0438354807244 567.7302204985843 10.775043 106.726748 50
593 272.398787241416 610.5380565690724 10.77543 106.727501 50
594 18.771110555962395 478.9073743284831 10.77424 106.725182 50
595 186.2158157154525 582.8841930834176 10.77518 106.726713 50
596 -507.1068873780446 -1348.7478936337127 10.757717 106.720374 50
597 -498.7943830032013 -1352.7300851947712 10.757681 106.72045 50
598 -492.77877624952407 -1357.1546928898342 10.757641 106.720505 50
599 -488.731936931369 -1361.800496797382 10.757599 106.720542 50
600 -484.57577966771646 -1370.538981605222 10.75752 106.72058 50
601 -482.27905245256386 -1382.1533763122284 10.757415 106.720601 50
602 -482.8260244364717 -1388.5689205275994 10.757357 106.720596 50
603 -492.4514906779161 -1414.5628275539025 10.757122 106.720508 50
604 -957.1466942286097 115.00400273799886 10.77095 106.716259 50
605 -899.5078172480877 127.16984447245731 10.77106 106.716786 50
606 -1064.1120295939327 101.29120616841645 10.770826 106.715281 50
607 -1037.0972803606962 104.05568646528005 10.770851 106.715528 50
608 -1320.8079363221834 52.630585914490624 10.770386 106.712934 50
609 -1499.9595042418425 20.560332778016218 10.770096 106.711296 50
610 -1324.635074215546 74.31089719954923 10.770582 106.712899 50
611 -1499.9584998664832 43.014784095487656 10.770299 106.711296 50
612 -1101.9539240600038 116.77825751385657 10.770966 106.714935 50
613 -1114.0942547656982 112.46474906249524 10.770927 106.714824 50
614 -911.5373849808911 172.96397962397344 10.771474 106.716676 50
615 -844.9446564788565 -388.06716314058434 10.766402 106.717285 50
616 -840.1320524868859 -379.88191954556913 10.766476 106.717329 50
617 -114.33330902579928 104.03984475223574 10.770851 106.723965 50
618 -105.91178528780439 87.89030962003989 10.770705 106.724042 50
619 -101.86507647247169 80.03676952964823 10.770634 106.724079 50
620 -31.867649890403637 -54.57946352986023 10.769417 106.724719 50
621 -21.696102012706135 -74.04736926318273 10.769241 106.724812 50
622 103.97270884848925 -315.6261078925434 10.767057 106.725961 50
623 122.7849059486975 -351.7965074283643 10.76673 106.726133 50
624 149.69081855196052 -409.20456280123557 10.766211 106.726379 50
625 163.25326272118858 -454.44522907794953 10.765802 106.726503 50
626 171.45646985017845 -501.0132727993477 10.765381 106.726578 50
627 184.03434358192743 -495.5931678432341 10.76543 106.726693 50
628 176.48738800369213 -454.777001129823 10.765799 106.726624 50
629 162.59679680446942 -407.324081161596 10.766228 106.726497 50
630 144.11261746243147 -365.069986818649 10.76661 106.726328 50
631 115.45679679493327 -309.4317401649097 10.767113 106.726066 50
632 -9.227728530827033 -67.52120481523593 10.7693 106.724926 50
633 -18.961795592349016 -48.606368317879316 10.769471 106.724837 50
634 -83.49072695246633 76.60771377283675 10.770603 106.724247 50
635 -88.74051714693245 86.78412914132795 10.770695 106.724199 50
636 -92.78722852673954 94.52705461426706 10.770765 106.724162 50
637 -257.3885797434945 381.34761483493565 10.773358 106.722657 50
638 -249.62341443313096 365.4192722402348 10.773214 106.722728 50
639 -237.92071469344216 377.14417391106906 10.77332 106.722835 50
640 -239.9987177952871 381.45809895423133 10.773359 106.722816 50
641 -265.91904088195247 433.55705739576626 10.77383 106.722579 50
642 -275.32461415659935 463.8651192341688 10.774104 106.722493 50
643 -281.7771952922478 492.956415300179 10.774367 106.722434 50
644 -284.72998250121645 516.2958024177447 10.774578 106.722407 50
645 -286.26092953175305 543.1747969206739 10.774821 106.722393 50
646 -285.2764537764525 560.6516573613019 10.774979 106.722402 50
647 -281.7763175045396 597.3751754954278 10.775311 106.722434 50
648 -277.07312123775773 634.6517502932215 10.775648 106.722477 50
649 -273.57304951398004 665.5127764623442 10.775927 106.722509 50
650 -270.182412251164 689.0733396394949 10.77614 106.72254 50
651 -269.4167870041574 694.1615362000618 10.776186 106.722547 50
652 -265.91675661857875 721.482944859645 10.776433 106.722579 50
653 -263.61981787209123 745.3753574534426 10.776649 106.7226 50
654 -279.47837201841264 739.6236043694466 10.776597 106.722455 50
655 -282.3222229629469 709.2050244083613 10.776322 106.722429 50
656 -284.40039029838977 691.0644930520336 10.776158 106.72241 50
657 -286.47853813314214 675.4680633455459 10.776017 106.722391 50
658 -289.9785958199379 647.4829789433679 10.775764 106.722359 50
659 -293.8067879638562 617.1750231643496 10.77549 106.722324 50
660 -297.30690493962726 583.8805118416451 10.775189 106.722292 50
661 -299.05705633250477 557.1121584064392 10.774947 106.722276 50
662 -299.16654343742636 543.949201223958 10.774828 106.722275 50
663 -299.38536872016937 534.3258640811996 10.774741 106.722273 50
664 -298.83868590909566 515.7428597202446 10.774573 106.722278 50
665 -295.8859035933031 492.9565368181316 10.774367 106.722305 50
666 -289.98017476705206 464.9713736454367 10.774114 106.722359 50
667 -281.7776750679771 435.8800617162361 10.773851 106.722434 50
668 -1134.0071734283945 -105.88476197495129 10.768953 106.714642 50
669 -1159.81752575066 -65.731340909828 10.769316 106.714406 50
670 -1174.80054705672 -40.179203573371375 10.769547 106.714269 50
671 -1194.7048446554545 -2.901900023570919 10.769884 106.714087 50
672 -1211.984190127428 34.26470811785434 10.77022 106.713929 50
673 -1225.9838088485637 31.831729659074366 10.770198 106.713801 50
674 -1216.5786485991846 10.483066525509726 10.770005 106.713887 50
675 -1206.0797854921361 -11.52931140618152 10.769806 106.713983 50
676 -1189.4563961680947 -41.83788278833415 10.769532 106.714135 50
677 -1171.9580111023276 -72.36770209204492 10.769256 106.714295 50
678 -1159.052876062055 -93.27401771484523 10.769067 106.714413 50
679 -1258.0261529410047 123.97359855346318 10.771031 106.713508 50
680 -1252.5583367430083 104.28426810488807 10.770853 106.713558 50
681 -1247.9652652243692 90.45746372916759 10.770728 106.7136 50
682 -1242.6066571769466 74.86082269970748 10.770587 106.713649 50
683 -1236.2637518707336 57.93678961598848 10.770434 106.713707 50
684 -1230.2489013082238 42.45073973101714 10.770294 106.713762 50
685 -1217.0148496226648 45.87926175464381 10.770325 106.713883 50
686 -1222.5922731573476 59.927323530563385 10.770452 106.713832 50
687 -1229.4819882022387 78.28934392038364 10.770618 106.713769 50
688 -1236.371601884867 99.19546641509528 10.770807 106.713706 50
689 -1239.542922596618 111.14179456821908 10.770915 106.713677 50
690 -1243.698469599478 126.07471239520146 10.77105 106.713639 50
691 -941.3695615273369 1101.2299318391117 10.779866 106.716403 50
692 -951.4315949311392 1094.482815015107 10.779805 106.716311 50
693 -976.3679973828733 1076.3429789516028 10.779641 106.716083 50
694 -1004.038768994894 1053.4468789860196 10.779434 106.71583 50
695 -1028.6472586799243 1030.9931605636043 10.779231 106.715605 50
696 -1052.1621311032748 1007.5439080478571 10.779019 106.71539 50
697 -1075.5676930386487 983.3203769743583 10.7788 106.715176 50
698 -1083.223744491981 974.8034131282914 10.778723 106.715106 50
699 -1101.5982773009216 954.561810808335 10.77854 106.714938 50
700 -1122.2697388939453 929.2320921664856 10.778311 106.714749 50
701 -1144.0350903154613 898.8142206027145 10.778036 106.71455 50
702 -1165.0349394332695 867.2902059427989 10.777751 106.714358 50
703 -1178.9255349017649 845.0574557053965 10.77755 106.714231 50
704 -1188.113037466012 830.0143967591541 10.777414 106.714147 50
705 -1293.4514603856908 406.7019679573557 10.773587 106.713184 50
706 -1291.8130782568371 350.39984555846786 10.773078 106.713199 50
707 -1287.440764116946 285.35918687475606 10.77249 106.713239 50
708 -1275.0849761140544 204.3899442584129 10.771758 106.713352 50
709 -1266.8837773473144 161.80360126209695 10.771373 106.713427 50
710 -1264.5874512968014 149.5254639520823 10.771262 106.713448 50
711 -1252.3373719399187 163.79409012689828 10.771391 106.71356 50
712 -1257.477003780105 185.1426049692343 10.771584 106.713513 50
713 -1263.1630369886507 218.32674019055077 10.771884 106.713461 50
714 -1268.3020928389642 254.4974093450037 10.772211 106.713414 50
715 -1272.5662324179505 289.1194637450053 10.772524 106.713375 50
716 -1275.9551264541979 330.9313362466538 10.772902 106.713344 50
717 -1278.578572298009 368.7611099306289 10.773244 106.71332 50
718 -1280.1082857124352 407.2545213802895 10.773592 106.713306 50
719 -915.8867869787604 1103.6627149812696 10.779888 106.716636 50
720 -1168.2083141778396 818.9523863464854 10.777314 106.714329 50
721 -1198.3934963551485 835.6560312567802 10.777465 106.714053 50
722 -1288.5114006921676 885.4352737946643 10.777915 106.713229 50
723 -1292.8864499253284 877.4712979422221 10.777843 106.713189 50
724 -1202.9872840282667 827.2495992715327 10.777389 106.714011 50
725 -1192.5974585104445 821.4973463915717 10.777337 106.714106 50
726 -1182.0982606456237 815.7450928940865 10.777285 106.714202 50
727 -1172.6927277742516 810.5459464803985 10.777238 106.714288 50
728 326.9708534630857 947.5766845193967 10.778477 106.728 50
729 321.1744656603766 933.5287625053286 10.77835 106.727947 50
730 313.8469293408888 917.932243604517 10.778209 106.72788 50
731 311.3315301301664 909.8574626564598 10.778136 106.727857 50
732 310.01919136842446 900.897788109645 10.778055 106.727845 50
733 313.5191851946547 879.3282632301308 10.77786 106.727877 50
734 332.1122127882596 841.9412099739193 10.777522 106.728047 50
735 -904.865206393355 193.53783004513016 10.77166 106.716737 50
736 -906.1775394951601 197.85177526319356 10.771699 106.716725 50
737 -913.7234279192006 223.40359971497966 10.77193 106.716656 50
738 -923.7844970391986 261.01232062061626 10.77227 106.716564 50
739 -928.1587693421843 280.92279510721914 10.77245 106.716524 50
740 -932.5330364417902 300.8332703929225 10.77263 106.716484 50
741 -934.173155640744 316.5403731928031 10.772772 106.716469 50
742 -936.7973870428729 340.101032390509 10.772985 106.716445 50
743 -938.3275592702829 376.2715528768813 10.773312 106.716431 50
744 -938.1083205013126 394.0802531668412 10.773473 106.716433 50
745 -937.88908195584 411.88895364000774 10.773634 106.716435 50
746 -936.6853371294344 436.00257270696176 10.773852 106.716446 50
747 -936.138221395455 445.51528290224223 10.773938 106.716451 50
748 -930.88745764413 481.68561662065986 10.774265 106.716499 50
749 -923.7774133518797 518.077126820642 10.774594 106.716564 50
750 -915.7925936405285 548.3848952182971 10.774868 106.716637 50
751 -906.6047621781186 577.2546632518792 10.775129 106.716721 50
752 -896.5420943847927 602.2529524740189 10.775355 106.716813 50
753 -886.1513538769545 626.4769447084415 10.775574 106.716908 50
754 -876.7450795331213 645.8339898210608 10.775749 106.716994 50
755 -871.9326073455086 654.3510730499737 10.775826 106.717038 50
756 -859.5733227726619 675.9203086647545 10.776021 106.717151 50
757 -850.2765674672875 690.521001133163 10.776153 106.717236 50
758 -845.5735082680698 697.821346999765 10.776219 106.717279 50
759 -829.933203073119 718.6162197660865 10.776407 106.717422 50
760 -827.417637431766 721.7133245270711 10.776435 106.717445 50
761 -812.7617294360932 740.295967769817 10.776603 106.717579 50
762 -794.824700574176 761.7544804630106 10.776797 106.717743 50
763 -775.9034105649008 781.6643967049365 10.776977 106.717916 50
764 -755.4510318514104 799.2514140210907 10.777136 106.718103 50
765 -736.6392791480888 813.5200866731035 10.777265 106.718275 50
766 -726.3584718927044 820.0460359281061 10.777324 106.718369 50
767 -722.6890239732833 -1458.5826158776902 10.756724 106.718403 50
768 -612.9348075504686 1271.3453191886547 10.781404 106.719406 50
769 -730.2872199390023 1211.2847363538456 10.780861 106.718333 50
770 -795.252302648313 1177.770434551541 10.780558 106.717739 50
771 -819.0947793400851 1163.833753783698 10.780432 106.717521 50
772 -893.6851070704319 1103.993955336207 10.779891 106.716839 50
773 -812.8610465342219 1154.6527121776512 10.780349 106.717578 50
774 -726.131473621734 1201.2188508745435 10.78077 106.718371 50
775 -608.341546052443 1262.2749582198055 10.781322 106.719448 50
776 -508.7069746233976 1324.3272701367828 10.781883 106.720359 50
777 -623.1055911303856 1291.4770979360508 10.781586 106.719313 50
778 242.75904828295273 695.9311422709688 10.776202 106.72723 50
779 201.63575738452587 776.2359843022426 10.776928 106.726854 50
780 -820.8826939738034 -389.39511716819766 10.76639 106.717505 50
781 -707.2456223464734 -445.0360611949348 10.765887 106.718544 50
782 -510.56543668609595 1375.4305705288589 10.782345 106.720342 50
783 -519.861806080201 1363.9269463436992 10.782241 106.720257 50
784 -1069.7785217909695 753.2449153781492 10.77672 106.715229 50
785 -977.9100687740837 702.1388560404781 10.776258 106.716069 50
786 -973.2069480836367 710.6559281956784 10.776335 106.716112 50
787 -1065.294122828179 761.7619818424989 10.776797 106.71527 50
788 -834.436621365558 -56.228293040329675 10.769402 106.717381 50
789 -856.8557803592307 22.97122162080507 10.770118 106.717176 50
790 -876.5407696279399 93.98531652436543 10.77076 106.716996 50
791 -267.44600638920696 961.7346361837016 10.778605 106.722565 50
792 -227.52651982006986 970.0303255452887 10.77868 106.72293 50
793 -131.06362297796 990.0507846052442 10.778861 106.723812 50
794 -81.19169149828755 1001.5543914071529 10.778965 106.724268 50
795 21.505007073192097 1025.004281998912 10.779177 106.725207 50
796 63.72106167313606 1040.9326254701107 10.779321 106.725593 50
797 105.06213323860196 1056.5291801001115 10.779462 106.725971 50
798 -1269.055585456965 574.1692542173727 10.775101 106.713407 50
799 -1260.7417677168778 620.1839888833538 10.775517 106.713483 50
800 -1250.3502166784672 659.2300239199382 10.77587 106.713578 50
801 -1236.896185947729 702.8110871730548 10.776264 106.713701 50
802 -1211.7391669013475 761.324501359417 10.776793 106.713931 50
803 -1221.2540603424104 766.9661149926782 10.776844 106.713844 50
804 -1246.7392773302886 706.3510709879641 10.776296 106.713611 50
805 -1262.927855599323 654.6953581239547 10.775829 106.713463 50
806 -1281.961092561125 576.8244593791507 10.775125 106.713289 50
807 -800.1742328412967 1161.510421201587 10.780411 106.717694 50
808 -765.176137934408 1181.0881287678133 10.780588 106.718014 50
809 -900.1375419628522 1113.9493094809052 10.779981 106.71678 50
810 -911.511995224224 1106.5385371158202 10.779914 106.716676 50
811 -663.1425886946598 857.3213449141555 10.777661 106.718947 50
812 -650.0182142970764 864.4003271886627 10.777725 106.719067 50
813 -625.0819483323686 876.2354562724231 10.777832 106.719295 50
814 -599.3801557893223 886.0795542188296 10.777921 106.71953 50
815 -569.1942860719925 894.9280774700705 10.778001 106.719806 50
816 -539.2271924059719 902.3386609484044 10.778068 106.72008 50
817 -433.90503603761505 925.1234347503228 10.778274 106.721043 50
818 -334.70766347739294 946.5812427822979 10.778468 106.72195 50
819 -1008.5625803334565 -266.94136539622605 10.767497 106.715789 50
820 -962.9553626117566 -303.00255715970053 10.767171 106.716206 50
821 -920.0821783235571 -332.42682900770006 10.766905 106.716598 50
822 -881.1461790497046 -355.9884514303584 10.766692 106.716954 50
823 -859.1626151174166 -368.8201339395014 10.766576 106.717155 50
824 -1040.3890473876245 -238.73406729894384 10.767752 106.715498 50
825 -1059.9654123306648 -198.80214513114788 10.768113 106.715319 50
826 -1071.667840381029 -186.74495115190373 10.768222 106.715212 50
827 -1093.5413987380841 -160.63956578447588 10.768458 106.715012 50
828 -1114.1024384439922 -133.87053107879754 10.7687 106.714824 50
829 -1029.9983776665106 -228.66860107247817 10.767843 106.715593 50
830 458.33458234548476 44.86479297855958 10.770316 106.729201 50
831 1500.0392015037658 1317.056494415231 10.781817 106.738726 50
832 1500.042069443424 1253.0114868718958 10.781238 106.738726 50
