0 0 0 39.8637431741758 116.427912436813 50
1 1500.4333949669542 709.4007507682528 39.870131 116.44545 50
2 1435.069085080217 709.277174032547 39.87013 116.444686 50
3 486.09378487561276 625.6618185426032 39.869378 116.433594 50
4 485.49417848151165 636.876024988634 39.869479 116.433587 50
5 481.386676106433 649.6444598493241 39.869594 116.433539 50
6 419.7188978119474 318.87620446488535 39.866615 116.432818 50
7 418.949516712961 306.8846987868119 39.866507 116.432809 50
8 412.27941690622276 240.59819492534095 39.86591 116.432731 50
9 409.03197190036633 168.42718759614766 39.86526 116.432693 50
10 405.52600663500243 129.67681853911637 39.864911 116.432652 50
11 400.65088059777287 93.36908627225846 39.864584 116.432595 50
12 484.7272622069307 588.1328752776725 39.86904 116.433578 50
13 420.1295923080321 630.2102274442825 39.869419 116.432823 50
14 417.6505155018847 592.5702027676161 39.86908 116.432794 50
15 417.65116436058526 580.6897663495395 39.868973 116.432794 50
16 424.92410113405276 569.8090197659119 39.868875 116.432879 50
17 433.4801758175331 563.1475731548773 39.868815 116.432979 50
18 941.8331813306321 87.30981990180038 39.864529 116.43892 50
19 636.2900659740166 86.05694571836986 39.864518 116.435349 50
20 410.4051139578569 90.9268987637139 39.864562 116.432709 50
21 -1056.995115449228 45.35476154286924 39.864151 116.415559 50
22 -1045.0162575987888 45.79724357645636 39.864155 116.415699 50
23 -939.7734965517242 49.669709084823005 39.86419 116.416929 50
24 -905.1203042443883 51.886170210767645 39.86421 116.417334 50
25 -643.1261576505215 63.29595163167798 39.864313 116.420396 50
26 294.58331016112794 -677.419633048874 39.857642 116.431355 50
27 198.65850712259316 -685.194958583264 39.857572 116.430234 50
28 156.7287894871698 -688.9710170847122 39.857538 116.429744 50
29 120.78899130556866 -691.747466424968 39.857513 116.429324 50
30 84.59246228710171 -695.3009729934031 39.857481 116.428901 50
31 -84.3250952781928 -709.8461539406846 39.85735 116.426927 50
32 512.8750175335066 -681.6273235648127 39.857604 116.433906 50
33 513.81720054186 -695.0621197275575 39.857483 116.433917 50
34 625.1454274841439 -697.4965330482453 39.857461 116.435218 50
35 880.4901519812322 -701.1354551039099 39.857428 116.438202 50
36 909.84110895088 -701.4651159250811 39.857425 116.438545 50
37 930.0359910794551 -702.128878535317 39.857419 116.438781 50
38 1039.7378902965092 -699.3389563199107 39.857444 116.440063 50
39 1091.165243228908 -692.8919431196197 39.857502 116.440664 50
40 1161.5025254489701 -678.6695032029543 39.85763 116.441486 50
41 1241.1656438507202 -657.5609306995045 39.85782 116.442417 50
42 1297.1251912717794 -635.7893926521912 39.858016 116.443071 50
43 1341.8750339367484 -615.7959296972938 39.858196 116.443594 50
44 1389.019796457917 -591.3604931897005 39.858416 116.444145 50
45 1446.4309824185007 -558.26234091538 39.858714 116.444816 50
46 1500.6750440820124 -522.2775478508038 39.859038 116.44545 50
47 297.2365997932874 -692.6309001897991 39.857505 116.431386 50
48 941.8336598784583 83.42369888252144 39.864494 116.43892 50
49 941.8341110807731 79.75964194145547 39.864461 116.43892 50
50 -1217.146735347079 -891.8420610324029 39.85571 116.413689 50
51 -1124.5541180146433 -876.3117729144245 39.85585 116.414771 50
52 -937.6570988366985 -833.367633240061 39.856237 116.416955 50
53 -846.519751619082 -811.1718873804891 39.856437 116.41802 50
54 -784.7351214843527 -798.0767139743971 39.856555 116.418742 50
55 -699.845771800698 -779.9867554753819 39.856718 116.419734 50
56 -663.4772472563805 -775.4376893393571 39.856759 116.420159 50
57 -545.130400940006 -765.0100420376066 39.856853 116.421542 50
58 -468.02974980087754 -759.0194264224604 39.856907 116.422443 50
59 -372.8734138348229 -749.697978540964 39.856991 116.423555 50
60 -360.97889076076353 -748.5882302569021 39.857001 116.423694 50
61 -253.58605562617146 -738.7107065432531 39.85709 116.424949 50
62 -1500.1394877279452 -900.8964100830099 39.855628 116.410382 50
63 -1497.657858532965 -900.8968963573703 39.855628 116.410411 50
64 -1483.1959074104363 -900.6776504340662 39.85563 116.41058 50
65 -1333.1854145808418 -899.0397881793754 39.855645 116.412333 50
66 -255.55374271570196 -724.9426869424199 39.857214 116.424926 50
67 -1332.49821673258 -884.0506065936281 39.85578 116.412341 50
68 -1400.272338733264 -884.7046915078856 39.855774 116.411549 50
69 -1417.3015162683894 -885.256714562197 39.855769 116.41135 50
70 -1460.0026930101337 -885.9148747579262 39.855763 116.410851 50
71 -1500.2206031622964 -1314.6009707947278 39.851902 116.410382 50
72 -1451.1062366588685 -1353.80466481542 39.851549 116.410956 50
73 -1419.447139954158 -1380.4582314975405 39.851309 116.411326 50
74 -1089.3605783953824 486.60071817502967 39.868125 116.41518 50
75 -1069.2306476879278 45.02336617244521 39.864148 116.415416 50
76 -1101.1826109555934 976.2541579201768 39.872535 116.415041 50
77 -1095.4027270989932 713.2181373266644 39.870166 116.415109 50
78 -1094.389156372424 621.7275161211519 39.869342 116.415121 50
79 -1093.1953668732062 593.747250905524 39.86909 116.415135 50
80 -1078.7513830832345 486.7102464922512 39.868126 116.415304 50
81 -1081.3885420487125 593.7455723474966 39.86909 116.415273 50
82 -1082.4968812295806 621.2816951253839 39.869338 116.41526 50
83 1159.5375073022221 -699.2107022247919 39.857445 116.441463 50
84 1216.6147283146079 -707.085101482948 39.857374 116.44213 50
85 1271.723944393574 -715.07043409705 39.857302 116.442774 50
86 1326.6621133642836 -722.9443673676772 39.857231 116.443416 50
87 1500.7193246824993 -748.0054060390834 39.857005 116.44545 50
88 390.59560919399576 -711.1690288598705 39.857338 116.432477 50
89 399.85397548839387 -1030.0520633350493 39.854466 116.432585 50
90 401.3113514605452 -1079.6832156823368 39.854019 116.432602 50
91 401.9121933003812 -1114.2140814238621 39.853708 116.432609 50
92 403.6297482222656 -1228.687788083237 39.852677 116.432629 50
93 1438.6490865721948 1234.7931733175744 39.874863 116.444729 50
94 1500.3302308656027 1235.138122569836 39.874866 116.44545 50
95 -333.6457936894779 70.27120767954129 39.864376 116.424013 50
96 -330.56583428970714 63.49812030028555 39.864315 116.424049 50
97 -325.94569805293264 57.724256671243566 39.864263 116.424103 50
98 -319.9564995214071 53.17169075799511 39.864222 116.424173 50
99 -313.0260348787994 50.28457134652769 39.864196 116.424254 50
100 -302.50256352626513 31.297672067125326 39.864025 116.424377 50
101 -302.418440504836 -5.120833032662734 39.863697 116.424378 50
102 -301.9921710150262 -44.31514978022156 39.863344 116.424383 50
103 -301.7357904851858 -52.19843239554805 39.863273 116.424386 50
104 -300.9679913532519 -110.04613532213102 39.862752 116.424395 50
105 -300.71153334624086 -116.04187318168614 39.862698 116.424398 50
106 -299.77072696129557 -126.367885586923 39.862605 116.424409 50
107 -298.830239037498 -144.91026503025964 39.862438 116.42442 50
108 -296.7779033268605 -176.44342939265474 39.862154 116.424444 50
109 -294.4681740187907 -190.32251660999344 39.862029 116.424471 50
110 -291.3882356847021 -201.3148007246821 39.86193 116.424507 50
111 -280.18007784272953 -226.85257449890943 39.8617 116.424638 50
112 -268.88613456653684 -248.28215088016594 39.861507 116.42477 50
113 -208.73663757787318 -376.0818161932509 39.860356 116.425473 50
114 -190.08392647419686 -416.9420587921824 39.859988 116.425691 50
115 -1067.688183836091 674.5750347498578 39.869818 116.415433 50
116 -1039.5400246097674 676.7917995297184 39.869838 116.415762 50
117 -1022.599803450649 678.1219012655454 39.86985 116.41596 50
118 -1002.750692923561 679.4516585722469 39.869862 116.416192 50
119 -915.3976412463579 684.770246483961 39.86991 116.417213 50
120 -813.6715670132752 688.2007431924255 39.869941 116.418402 50
121 -1104.3046219653754 684.5731262988113 39.869908 116.415005 50
122 -1181.134210416315 680.8095134368557 39.869874 116.414107 50
123 -1228.3616852746466 676.3756677566123 39.869834 116.413555 50
124 -1270.883533710858 672.60752312759 39.8698 116.413058 50
125 -1316.4000511930763 667.8408406269073 39.869757 116.412526 50
126 -1360.119259757447 666.9602337920537 39.869749 116.412015 50
127 -1387.667427571859 671.5175000914861 39.86979 116.411693 50
128 -1411.707488603047 677.628667164338 39.869845 116.411412 50
129 -1432.1541928537754 683.6282039883752 39.869899 116.411173 50
130 -1453.6264983187343 695.068565086191 39.870002 116.410922 50
131 -1499.821147158975 722.3913911079251 39.870248 116.410382 50
132 -1096.624174244689 1144.6893476024793 39.874052 116.415094 50
133 -1096.7915163427017 1170.8929742847463 39.874288 116.415092 50
134 -1097.6444683276914 1188.6582516217745 39.874448 116.415082 50
135 -1105.9175103311736 1363.6462456751592 39.876024 116.414985 50
136 -1109.492756479159 1486.1153463656517 39.877127 116.414943 50
137 1406.475165960384 344.1982915490424 39.866842 116.444351 50
138 1413.059082253952 366.7390170644791 39.867045 116.444428 50
139 1421.269797928695 382.7291582448725 39.867189 116.444524 50
140 1429.9871680414954 434.3607039114493 39.867654 116.444626 50
141 1432.2034333501078 478.4408606537107 39.868051 116.444652 50
142 1433.6527361583223 506.0881255844435 39.8683 116.444669 50
143 1434.150693998373 588.1409492547898 39.869039 116.444675 50
144 1434.984738167529 702.8372941663092 39.870072 116.444685 50
145 844.2148835668759 786.5785321889631 39.870827 116.43778 50
146 817.1830054697876 755.1534979868429 39.870544 116.437464 50
147 796.7370511615964 739.1627118343158 39.8704 116.437225 50
148 775.263988053711 726.7249050528378 39.870288 116.436974 50
149 753.9613746149168 720.2829111221489 39.87023 116.436725 50
150 733.7705507276783 717.9492723244728 39.870209 116.436489 50
151 712.4672157908044 718.6134508737018 39.870215 116.43624 50
152 574.8082535782335 724.9306974586066 39.870272 116.434631 50
153 476.76185055621414 726.5894388713192 39.870287 116.433485 50
154 463.4152031598378 727.1437791916271 39.870292 116.433329 50
155 -1013.1377191862769 -875.1059905896923 39.855861 116.416073 50
156 -1015.6969236965701 -814.9263781404866 39.856403 116.416043 50
157 -1018.9362255518113 -721.4371022015187 39.857245 116.416005 50
158 -1032.4029673303844 -324.7182269980381 39.860818 116.415847 50
159 -1043.8232572480376 10.044769874456222 39.863833 116.415713 50
160 -1045.3573707628561 54.12469205841005 39.86423 116.415695 50
161 -1046.9787614341026 85.54697785838448 39.864513 116.415676 50
162 -1054.4892380754372 223.4498070177568 39.865755 116.415588 50
163 -1056.8801237817406 258.3142032016601 39.866069 116.41556 50
164 -1066.6996134682804 401.4359087892942 39.867358 116.415445 50
165 -1070.8781594746922 500.25505639114965 39.868248 116.415396 50
166 -1071.7310760737694 519.2416656691435 39.868419 116.415386 50
167 -1086.5326243188874 518.5775615344572 39.868413 116.415213 50
168 409.03668676322934 80.26775055880731 39.864466 116.432693 50
169 614.4721491042123 79.94840010709866 39.864463 116.435094 50
170 760.0994508781798 79.85045411026805 39.864462 116.436796 50
171 -1130.2335086728997 647.2701182291186 39.869572 116.414702 50
172 -1117.4869636490887 638.2746428245291 39.869491 116.414851 50
173 -1109.5310422402483 632.7218781775246 39.869441 116.414944 50
174 -1494.9883007927792 498.3276218953142 39.86823 116.410439 50
175 -1286.1402376941437 507.50531363805396 39.868313 116.41288 50
176 -1209.0522362735771 510.93473372888394 39.868344 116.413781 50
177 -1117.5050063893357 514.8069328419181 39.868379 116.414851 50
178 -1103.6445975359777 515.3600806802497 39.868384 116.415013 50
179 -1071.7138345987798 642.2652481046066 39.869527 116.415386 50
180 -1074.5365325525104 646.9289935210091 39.869569 116.415353 50
181 -1078.557137107737 650.7046518291966 39.869603 116.415306 50
182 -1083.262390344082 653.0369915450888 39.869624 116.415251 50
183 -1088.4811506327515 654.1480538133335 39.869634 116.41519 50
184 -1094.6412639623643 653.5937723878611 39.869629 116.415118 50
185 -1100.2883135480595 651.1518759089277 39.869607 116.415052 50
186 -1104.9944744077216 647.1553978154224 39.869571 116.414997 50
187 -1107.8184531685274 642.8255533895217 39.869532 116.414964 50
188 -1109.3591887578366 637.829331029794 39.869487 116.414946 50
189 -1107.9919142878043 626.6148881793868 39.869386 116.414962 50
190 -1104.6559711145003 621.3958957914555 39.869339 116.415001 50
191 -1099.7798156529734 617.5090687337821 39.869304 116.415058 50
192 -1093.9623115849733 615.176559808011 39.869283 116.415126 50
193 -1087.7167214556812 614.9536047382077 39.869281 116.415199 50
194 -1081.4708640169706 616.618200809607 39.869296 116.415272 50
195 -1076.165848734555 620.2815125309613 39.869329 116.415334 50
196 -1072.2295379649204 625.3884373306507 39.869375 116.41538 50
197 -1070.2608717338153 631.6059605476321 39.869431 116.415403 50
198 -1070.2601102768779 637.0465345902644 39.86948 116.415403 50
199 -1098.339900086259 516.2475738670552 39.868392 116.415075 50
200 -739.305794048797 873.505851056573 39.87161 116.419271 50
201 -743.1611112002472 817.8791120482613 39.871109 116.419226 50
202 -1051.0933962346762 652.4773420568322 39.869619 116.415627 50
203 -1065.3813949039047 651.4800299383428 39.86961 116.41546 50
204 -1114.5766771407077 647.7119489339007 39.869576 116.414885 50
205 -1061.5328058282705 641.1535069228737 39.869517 116.415505 50
206 -930.2013407329076 663.6759276379353 39.86972 116.41704 50
207 -894.9519639834779 666.5585569083437 39.869746 116.417452 50
208 -843.1901990684634 670.6608637461981 39.869783 116.418057 50
209 -792.7122870183618 670.3223686405388 39.86978 116.418647 50
210 -741.207969352956 667.208303889092 39.869752 116.419249 50
211 -1500.0293425373407 -339.1860011271335 39.860687 116.410382 50
212 -1495.9220982262134 -339.07577354440446 39.860688 116.41043 50
213 -1388.8768242618967 -334.7657134737192 39.860727 116.411681 50
214 -1366.9714909071456 -333.8814040053944 39.860735 116.411937 50
215 -1278.8370100433694 -331.5649761493605 39.860756 116.412967 50
216 -1080.2352052400174 -326.82122850879716 39.860799 116.415288 50
217 -1078.1815815842988 -326.7104863040164 39.8608 116.415312 50
218 -1070.9083711237272 -326.60047611908044 39.860801 116.415397 50
219 -1057.9021413886746 -326.26919017668706 39.860804 116.415549 50
220 -406.8447948680436 -738.4820266400238 39.857092 116.423158 50
221 -471.0238001561261 -743.3637468862182 39.857048 116.422408 50
222 -554.0289460824551 -752.1297042062545 39.856969 116.421438 50
223 -670.3216467878838 -759.8926291161151 39.856899 116.420079 50
224 -753.071216736239 -776.0955848008251 39.856753 116.419112 50
225 -848.9999101277403 -798.1808830307383 39.856554 116.417991 50
226 -321.44331495126016 -714.2811403906965 39.85731 116.424156 50
227 522.2900376744436 -714.0479995946681 39.857312 116.434016 50
228 16.04997628122007 -687.5291912566915 39.857551 116.4281 50
229 -818.7901051009555 -772.0916847470421 39.856789 116.418344 50
230 141.92528992014434 -704.7378350393319 39.857396 116.429571 50
231 225.18638634908046 -714.617675426964 39.857307 116.430544 50
232 -82.78496832672917 -724.2803165361886 39.85722 116.426945 50
233 63.88439232894973 -712.2890535829413 39.857328 116.428659 50
234 89.72689506715994 -709.4019649165252 39.857354 116.428961 50
235 -1041.7118133271474 -821.2516963900362 39.856346 116.415739 50
236 -1039.3239577210807 -881.4312936891894 39.855804 116.415767 50
237 -1025.1183595337286 -878.1022547241405 39.855834 116.415933 50
238 -1028.190890857667 -817.8115376844589 39.856377 116.415897 50
239 -1034.328466700921 -642.935484711402 39.857952 116.415825 50
240 -1044.130917352515 -363.35575592826365 39.86047 116.41571 50
241 -1044.81262064623 -342.5926872423114 39.860657 116.415702 50
242 -1045.4092236748788 -325.2716202171935 39.860813 116.415695 50
243 971.2928831674732 1227.8355345266461 39.874801 116.439266 50
244 995.4942994055375 1297.8999853159412 39.875432 116.439549 50
245 1003.7045521098901 1316.4434425771606 39.875599 116.439645 50
246 1026.4527022308944 1374.4052947697883 39.876121 116.439911 50
247 1049.1995167436162 1439.584316630228 39.876708 116.440177 50
248 1055.6122020077778 1463.9012650748998 39.876927 116.440252 50
249 1059.7144546877212 1492.770222385684 39.877187 116.4403 50
250 1456.7881164810442 -575.137227036776 39.858562 116.444937 50
251 1500.6756975233009 -525.6085055135856 39.859008 116.44545 50
252 1131.0430314363841 -704.1003719642081 39.857401 116.44113 50
253 929.4389081845384 -717.8954798553423 39.857277 116.438774 50
254 934.9158018404046 -720.5595777956196 39.857253 116.438838 50
255 938.9380394291675 -723.6679780592103 39.857225 116.438885 50
256 941.4200347379519 -727.1096615811057 39.857194 116.438914 50
257 943.3032507121865 -732.3279283657168 39.857147 116.438936 50
258 944.159527898283 -736.8801301423781 39.857106 116.438946 50
259 944.1682429204267 -807.4964058548977 39.85647 116.438946 50
260 944.2576524105392 -838.5853192113889 39.85619 116.438947 50
261 943.580095594536 -895.5447496285799 39.855677 116.438939 50
262 943.9339507416281 -989.2555889798689 39.854833 116.438943 50
263 953.1832768352582 -1047.768220958605 39.854306 116.439051 50
264 950.0398296441086 -1231.6373013475113 39.85265 116.439014 50
265 950.2121421270388 -1240.9639511642815 39.852566 116.439016 50
266 809.9759900470407 -668.0557416175054 39.857726 116.437378 50
267 742.2908736439025 -682.4967561637616 39.857596 116.436587 50
268 -425.1588524557551 -769.6809901088208 39.856811 116.422944 50
269 -943.1321480430032 -820.3762311045041 39.856354 116.416891 50
270 -1125.921262167499 -862.5436205362139 39.855974 116.414755 50
271 -1217.9999584854102 -876.0754007190587 39.855852 116.413679 50
272 -1500.1353076935166 -879.5782933346645 39.85582 116.410382 50
273 -1258.3109901601733 -913.0424855326405 39.855519 116.413208 50
274 -1236.994449678582 -859.0844772280002 39.856005 116.413457 50
275 1500.434767513978 702.4057262968734 39.870068 116.44545 50
276 -884.3461873853312 -840.8131176340955 39.85617 116.417578 50
277 -815.8006859577443 -824.6100819521099 39.856316 116.418379 50
278 -771.9865223073515 -814.6217606636897 39.856406 116.418891 50
279 -716.0209505739323 -801.9695703418947 39.85652 116.419545 50
280 -648.1611727921708 -790.9834655894829 39.856619 116.420338 50
281 -596.3040429963635 -786.1022812621079 39.856663 116.420944 50
282 -579.5317860968431 -784.5491240583001 39.856677 116.42114 50
283 -468.8863936462723 -774.1197099249847 39.856771 116.422433 50
284 1381.5728238370332 -578.1490439393431 39.858535 116.444058 50
285 1334.1711957112293 -601.3631288386497 39.858326 116.443504 50
286 1291.3893092107498 -620.0238322871804 39.858158 116.443004 50
287 1259.8157594024162 -631.4653841565428 39.858055 116.442635 50
288 1230.2956115667719 -641.6851245268329 39.857963 116.44229 50
289 1192.133079321035 -654.015708763141 39.857852 116.441844 50
290 1152.5153691916692 -664.0146518190338 39.857762 116.441381 50
291 1111.271563528497 -673.0143388264735 39.857681 116.440899 50
292 1066.5190032336186 -680.2377829690515 39.857616 116.440376 50
293 1025.61653396845 -683.5743335334025 39.857586 116.439898 50
294 979.3230257975359 -686.6892936767073 39.857558 116.439357 50
295 939.874755549385 -686.4721787068434 39.85756 116.438896 50
296 848.8269892322221 -684.7063137478226 39.857576 116.437832 50
297 825.3804742410076 -684.1537201762501 39.857581 116.437558 50
298 1310.4668215833774 -592.8177693561981 39.858403 116.443227 50
299 1251.2563577656551 -617.032641032789 39.858185 116.442535 50
300 1232.5174935138123 -623.3645022203211 39.858128 116.442316 50
301 1151.3148551841668 -647.2490153261443 39.857913 116.441367 50
302 1149.0045494648723 -647.9155541387601 39.857907 116.44134 50
303 1080.7211307035914 -661.4713985416065 39.857785 116.440542 50
304 1076.613813139942 -662.027137253322 39.85778 116.440494 50
305 1057.8741413490714 -664.3614218108191 39.857759 116.440275 50
306 1030.5773479895452 -666.474754340053 39.85774 116.439956 50
307 -1054.7192972323155 -824.5808701192174 39.856316 116.415587 50
308 -1061.3941731983896 -826.1343930664783 39.856302 116.415509 50
309 -1076.198699042981 -829.4632806848873 39.856272 116.415336 50
310 -1097.0791035999855 -834.2346849634275 39.856229 116.415092 50
311 -1123.6076278527612 -841.0037783134977 39.856168 116.414782 50
312 -1127.201814293936 -841.8915044802868 39.85616 116.41474 50
313 -1179.1460719790236 -852.2096374754495 39.856067 116.414133 50
314 -1206.4442398854505 -854.8701455964824 39.856043 116.413814 50
315 419.8962962741026 204.51319181002424 39.865585 116.43282 50
316 421.0066891478752 239.0442215525839 39.865896 116.432833 50
317 423.5722363471326 262.0279993478896 39.866103 116.432863 50
318 424.68395449253023 272.2430106568629 39.866195 116.432876 50
319 436.22867958703944 375.94761503525956 39.867129 116.433011 50
320 438.8794008074394 404.0388835987645 39.867382 116.433042 50
321 442.3852187678149 440.23554633021547 39.867708 116.433083 50
322 450.50816016313223 526.9520896174423 39.868489 116.433178 50
323 453.5875105125634 539.054771315136 39.868598 116.433214 50
324 463.85314904202005 559.4852952881791 39.868782 116.433334 50
325 -1225.9633671404379 -907.9402727707927 39.855565 116.413586 50
326 -1213.2983482604845 -907.0540372252135 39.855573 116.413734 50
327 -1152.4549276396833 -902.6221714656892 39.855613 116.414445 50
328 -1083.4810517810301 -890.7518430179591 39.85572 116.415251 50
329 -1070.987006842117 -888.3109015519192 39.855742 116.415397 50
330 -1051.9036461537598 -884.538466292091 39.855776 116.41562 50
331 414.2415176371959 -1232.573333823522 39.852642 116.432753 50
332 708.1138208830394 -1237.2151112354818 39.8526 116.436187 50
333 747.5649677487388 -1237.8775484315252 39.852594 116.436648 50
334 806.4421221162086 -1238.3156953324456 39.85259 116.437336 50
335 964.8452736389823 -1236.4098157245207 39.852607 116.439187 50
336 801.5633495711238 -1229.988823073752 39.852665 116.437279 50
337 639.0521616720405 -1226.7842030743077 39.852694 116.43538 50
338 515.5643260626935 -1224.9059817979696 39.852711 116.433937 50
339 413.98428762771124 -1223.357708265666 39.852725 116.43275 50
340 398.2970204625084 -711.057599830445 39.857339 116.432567 50
341 702.1611517123769 -715.921145290605 39.857295 116.436118 50
342 853.3659061190598 -717.4602174577035 39.857281 116.437885 50
343 391.1921498823576 -663.0921874386713 39.857771 116.432484 50
344 297.32101009030316 -662.7633164784387 39.857774 116.431387 50
345 258.1296585742859 -664.43021793297 39.857759 116.430929 50
346 237.25046797454786 -666.9846277173951 39.857736 116.430685 50
347 -99.64215877750054 -694.7456322821022 39.857486 116.426748 50
348 -156.7182166335056 -700.740398113109 39.857432 116.426081 50
349 -174.34592356023455 -702.6275588274923 39.857415 116.425875 50
350 473.7716968158432 657.527265403668 39.869665 116.43345 50
351 469.4937201230619 660.413836937088 39.869691 116.4334 50
352 -508.4101670829913 670.9643773430723 39.869786 116.42197 50
353 -446.7256786995122 649.1982281833075 39.86959 116.422691 50
354 884.1633096062601 834.5489374137437 39.871259 116.438247 50
355 876.1153044333211 886.2889995069781 39.871725 116.438153 50
356 122.65036921443506 629.311414209665 39.869411 116.429346 50
357 181.85583127967413 608.327521850681 39.869222 116.430038 50
358 797.8557199347333 677.3179277961257 39.869843 116.437238 50
359 827.2000508817125 689.3125158327873 39.869951 116.437581 50
360 906.7224701321375 1063.055802885943 39.873317 116.438511 50
361 938.7964797137173 1126.4590613565174 39.873888 116.438886 50
362 -125.37740075102272 626.7577195943237 39.869388 116.426447 50
363 -81.14460783452085 642.6347161640563 39.869531 116.426964 50
364 676.2004948194659 619.9025939797602 39.869326 116.435816 50
365 614.0864610396338 620.8966434039692 39.869335 116.43509 50
366 540.3365393049551 625.2213300388403 39.869374 116.434228 50
367 518.0060084225738 629.9941662574788 39.869417 116.433967 50
368 500.12436472929903 635.7666464707488 39.869469 116.433758 50
369 497.81423802998694 637.4319776266593 39.869484 116.433731 50
370 423.3796925982508 648.9748358794623 39.869588 116.432861 50
371 406.7820306858936 644.8657463681022 39.869551 116.432667 50
372 404.3865177403466 643.7552980662517 39.869541 116.432639 50
373 392.8366551567534 639.5354752996946 39.869503 116.432504 50
374 382.99784896861246 636.4260767487806 39.869475 116.432389 50
375 288.62913552852194 641.6404429633553 39.869522 116.431286 50
376 235.1567223850168 635.420812847884 39.869466 116.430661 50
377 442.7205938002046 558.7068179973414 39.868775 116.433087 50
378 455.2119891092302 557.7082622908677 39.868766 116.433233 50
379 451.1871758441273 619.2198164576439 39.86932 116.433186 50
380 123.67681142420233 643.7456069615791 39.869541 116.429358 50
381 -80.20333872959165 657.0688827522199 39.869661 116.426975 50
382 -507.4680949614558 685.3984919524694 39.869916 116.421981 50
383 -676.2684637464816 696.5147689358289 39.870016 116.420008 50
384 -813.5844756386634 702.6349115377702 39.870071 116.418403 50
385 -916.1658997351736 699.3155481717276 39.870041 116.417204 50
386 -947.3939674654124 696.8766458849917 39.870019 116.416839 50
387 482.8457354683715 576.6964483389642 39.868937 116.433556 50
388 494.90925743433274 576.6972194735464 39.868937 116.433697 50
389 510.1383770449793 576.8092522503407 39.868938 116.433875 50
390 585.8561839532936 577.3698382331322 39.868943 116.43476 50
391 625.2977085201323 579.8156678200328 39.868965 116.435221 50
392 662.8566688376322 585.5925009119865 39.869017 116.43566 50
393 685.870868723648 592.0343930013416 39.869075 116.435929 50
394 717.26907116384 603.9177099636206 39.869182 116.436296 50
395 740.6249229559868 615.2452123945179 39.869284 116.436569 50
396 766.9746761359107 631.5695315991313 39.869431 116.436877 50
397 785.3678735178135 645.2283497542873 39.869554 116.437092 50
398 789.3031458890624 648.2266223158604 39.869581 116.437138 50
399 800.6810017633196 658.7758572259438 39.869676 116.437271 50
400 809.3213091082657 666.7710800433026 39.869748 116.437372 50
401 843.367567362516 711.9648374521062 39.870155 116.43777 50
402 866.2907989054844 761.4877352924402 39.870601 116.438038 50
403 869.7118932336732 771.1479204255822 39.870688 116.438078 50
404 875.6975445482208 798.9066411844753 39.870938 116.438148 50
405 891.4296400451685 883.9590937306617 39.871704 116.438332 50
406 898.8672824605529 930.8155407988535 39.872126 116.438419 50
407 905.9625845113044 978.0050544672687 39.872551 116.438502 50
408 914.1704378650484 1021.3085843497367 39.872941 116.438598 50
409 921.9510300663087 1059.7266576876102 39.873287 116.438689 50
410 930.1597045206943 1094.8138271457353 39.873603 116.438785 50
411 942.8156668009437 1140.227549889224 39.874012 116.438933 50
412 948.032022301459 1158.2154132818553 39.874174 116.438994 50
413 954.1895715594545 1174.8710114996409 39.874324 116.439066 50
414 958.380111724753 1186.1968217918964 39.874426 116.439115 50
415 966.675113619257 1212.7345667954635 39.874665 116.439212 50
416 658.6630948731233 600.5814744921256 39.869152 116.435611 50
417 680.7361607385249 606.6901739270777 39.869207 116.435869 50
418 710.3375951191263 618.9063993547119 39.869317 116.436215 50
419 733.3513139925176 628.9014625798441 39.869407 116.436484 50
420 758.1611134299309 644.33734723983 39.869546 116.436774 50
421 779.3774282741756 660.1060420991346 39.869688 116.437022 50
422 814.7934903132322 698.6378833413725 39.870035 116.437436 50
423 830.0200724691883 719.8466590619626 39.870226 116.437614 50
424 843.9623987630798 748.7165419023124 39.870486 116.437777 50
425 854.9956004044127 779.0295436156878 39.870759 116.437906 50
426 861.5808297452813 801.0146486994568 39.870957 116.437983 50
427 866.7967899923365 826.2195374559744 39.871184 116.438044 50
428 883.4674855191299 933.1454219643407 39.872147 116.438239 50
429 890.6484069538246 980.5569958427068 39.872574 116.438323 50
430 898.9418439681635 1024.3046482765678 39.872968 116.43842 50
431 915.1022465624807 1098.6981376626622 39.873638 116.438609 50
432 923.8246035496693 1130.5654298072448 39.873925 116.438711 50
433 933.3167730546718 1162.987988451188 39.874217 116.438822 50
434 943.6648824566529 1191.1914416893692 39.874471 116.438943 50
435 951.8744217527794 1217.3960636179331 39.874707 116.439039 50
436 961.0246972544394 1245.599393704355 39.874961 116.439146 50
437 999.1668622600519 1344.0898770515782 39.875848 116.439592 50
438 1021.5734266086505 1397.1662533102094 39.876326 116.439854 50
439 1033.374613516031 1429.7002905063077 39.876619 116.439992 50
440 1041.4117082386792 1461.6786726714008 39.876907 116.440086 50
441 1046.9684003210768 1489.8816276270175 39.877161 116.440151 50
442 450.0757919567017 604.7855752734854 39.86919 116.433173 50
443 589.5337347975444 595.4683558220202 39.869106 116.434803 50
444 614.0029907726423 594.9151205703873 39.869101 116.435089 50
445 636.0764688620987 596.6934384576168 39.869117 116.435347 50
446 655.5818855242176 614.2381605323546 39.869275 116.435575 50
447 634.3641841303944 610.5723111775908 39.869242 116.435327 50
448 613.5740848077734 608.905133167354 39.869227 116.435084 50
449 590.1315519492284 609.4584489551637 39.869232 116.43481 50
450 -276.57491221929473 88.36715174814194 39.864539 116.42468 50
451 -279.74047169550363 95.14022077534375 39.8646 116.424643 50
452 -284.53174877060803 100.80303116144901 39.864651 116.424587 50
453 -290.5209395227867 105.13350560477244 39.86469 116.424517 50
454 -299.2481547988858 108.35377106257238 39.864719 116.424415 50
455 -308.57441387708826 108.68723774563315 39.864722 116.424306 50
456 -317.4729813438621 106.13386515453809 39.864699 116.424202 50
457 399.2824344500225 82.82097180058221 39.864489 116.432579 50
458 384.5739608653727 -81.5071648466185 39.863009 116.432407 50
459 381.66673188274297 -120.70160572462119 39.862656 116.432373 50
460 375.4237843564734 -187.4321399135922 39.862055 116.4323 50
461 373.8864557034652 -245.72400359624274 39.86153 116.432282 50
462 374.14564677523117 -296.6876644093619 39.861071 116.432285 50
463 377.91461732617034 -378.4069993681377 39.860335 116.432329 50
464 -306.00655044874173 133.6693427378935 39.864947 116.424336 50
465 -310.70956529824974 204.7300408675647 39.865587 116.424281 50
466 -314.8974852673967 315.762272400613 39.866587 116.424232 50
467 -275.71984902564543 72.82263678018131 39.864399 116.42469 50
468 -266.65013560897114 75.26501982086404 39.864421 116.424796 50
469 -254.50014928999596 78.5955667403954 39.864451 116.424938 50
470 -85.7708925043022 85.14270317632025 39.86451 116.42691 50
471 -60.78667023479589 85.5865919251772 39.864514 116.427202 50
472 -35.20351316007415 86.25262356687179 39.86452 116.427501 50
473 276.7566448838203 94.0297919064647 39.86459 116.431147 50
474 142.59497073716915 93.91508192837162 39.864589 116.429579 50
475 -35.374600946982554 94.2469305774737 39.864592 116.427499 50
476 -88.08097737559244 93.80322782713242 39.864588 116.426883 50
477 -254.84216608039304 85.59059598672754 39.864514 116.424934 50
478 -267.2486541240752 87.25649988102738 39.864529 116.424789 50
479 -333.7306004547301 87.59220790148744 39.864532 116.424012 50
480 -343.9983190196338 82.37415740197098 39.864485 116.423892 50
481 -347.16413877892177 82.15223638533197 39.864483 116.423855 50
482 -450.43818992726204 78.71562835106724 39.864452 116.422648 50
483 -471.1443610836063 77.82861959364752 39.864444 116.422406 50
484 -643.3821263752529 71.84543926328644 39.86439 116.420393 50
485 -499.97947388309575 69.2809840250583 39.864367 116.422069 50
486 -470.6314713247795 69.94531401266055 39.864373 116.422412 50
487 -347.1644814892289 74.60205843611493 39.864415 116.423855 50
488 -343.7419710787906 74.82396790953544 39.864417 116.423895 50
489 -696.2599486758961 69.96252562711896 39.864373 116.419775 50
490 -869.1826183917283 63.54036448850226 39.864315 116.417754 50
491 -905.4614117142561 61.54599683230046 39.864297 116.41733 50
492 -966.7246102062509 58.88872619512404 39.864273 116.416614 50
493 -1057.2506681953619 53.57116670178947 39.864225 116.415556 50
494 -1063.219207185935 203.57627810570756 39.865576 116.415486 50
495 -1063.6445881565946 221.00836956604854 39.865733 116.415481 50
496 -1066.1175417840202 280.6329298863267 39.86627 116.415452 50
497 -1499.7869556433513 896.7118700353508 39.871818 116.410382 50
498 -1404.5655289879421 899.913721763713 39.871847 116.411495 50
499 -1138.6645917413728 908.9741468535758 39.871929 116.414603 50
500 -1126.002656496781 909.4164007670158 39.871933 116.414751 50
501 -1112.9129730511218 909.7475812134899 39.871936 116.414904 50
502 -1055.448754773488 710.4367155688997 39.870141 116.415576 50
503 -1052.4532614655911 718.0975203557058 39.87021 116.415611 50
504 -1048.089027526689 724.7588494343304 39.87027 116.415662 50
505 -1042.0137887418398 730.753754902448 39.870324 116.415733 50
506 -1035.7676598306546 735.1941921070871 39.870364 116.415806 50
507 -1029.093927195331 738.413223313938 39.870393 116.415884 50
508 -1022.5059630843785 740.0778218148956 39.870408 116.415961 50
509 -1015.4047747718043 740.9651328313847 39.870416 116.416044 50
510 -934.2121596024568 748.0608409855774 39.87048 116.416993 50
511 -928.0522283226172 747.8380267099808 39.870478 116.417065 50
512 -921.8924707025776 746.1717995396141 39.870463 116.417137 50
513 -917.7005690248096 743.7285882099593 39.870441 116.417186 50
514 -913.594392173693 739.8419715623272 39.870406 116.417234 50
515 -910.6860620383187 735.2893068336562 39.870365 116.417268 50
516 -909.4033294767678 730.2927078051139 39.87032 116.417283 50
517 -909.0618083662831 724.4079637241314 39.870267 116.417287 50
518 -910.0034313307508 720.0778222408896 39.870228 116.417276 50
519 -912.1428433244154 715.6367915292117 39.870188 116.417251 50
520 -915.4799800584344 711.6400332781088 39.870152 116.417212 50
521 -921.6405564540825 706.7553591399085 39.870108 116.41714 50
522 -1073.0141898334693 521.0183592767228 39.868435 116.415371 50
523 -1069.8477229607527 527.0136494307606 39.868489 116.415408 50
524 -1063.7719548492353 535.5622742285138 39.868566 116.415479 50
525 -1057.097284168544 544.2218532701676 39.868644 116.415557 50
526 -1031.8542381028885 571.3102412439933 39.868888 116.415852 50
527 -1024.8374966054128 579.3036100691635 39.86896 116.415934 50
528 -1020.2163150023786 587.6304009658861 39.869035 116.415988 50
529 -1017.9911294984727 592.9596461114836 39.869083 116.416014 50
530 -1016.7927893040435 597.06767508597 39.86912 116.416028 50
531 -1015.7653866510008 602.5081124141035 39.869169 116.41604 50
532 -1015.1648248204124 615.0546623449031 39.869282 116.416047 50
533 -1015.757422398546 662.4654588808044 39.869709 116.41604 50
534 -1014.387894131727 667.2396587228066 39.869752 116.416056 50
535 -1099.6993846786454 581.8677467783452 39.868983 116.415059 50
536 -1106.373508521307 577.0943283717318 39.86894 116.414981 50
537 -1113.8173297236665 574.5416701837208 39.868917 116.414894 50
538 -1121.6031393990254 573.6545511209761 39.868909 116.414803 50
539 -1128.6187418099155 574.0997116696612 39.868913 116.414721 50
540 -1136.1473714736117 576.6545650436487 39.868936 116.414633 50
541 -1144.7023294425906 581.5412538319993 39.86898 116.414533 50
542 -1151.2888519591638 590.5358440123013 39.869061 116.414456 50
543 -1154.1105485708088 601.6394812085555 39.869161 116.414423 50
544 -1156.3292952579845 639.5017703935828 39.869502 116.414397 50
545 -1156.0706627312888 652.4924902287376 39.869619 116.4144 50
546 -1012.759038439939 692.1106406676523 39.869976 116.416075 50
547 -1025.9330368866065 703.7707708832313 39.870081 116.415921 50
548 -1030.8938321631817 714.3194910969492 39.870176 116.415863 50
549 -1030.8925897581012 723.5351585379178 39.870259 116.415863 50
550 -1024.4732386732037 743.7421458381623 39.870441 116.415938 50
551 -1014.6337479846372 748.7372805989677 39.870486 116.416053 50
552 -1006.7623985855336 750.9568832541413 39.870506 116.416145 50
553 -928.8211172069755 756.942755975951 39.87056 116.417056 50
554 -910.4267791867682 757.2736405380037 39.870563 116.417271 50
555 -838.8177650077803 753.4903581364426 39.870529 116.418108 50
556 -664.3719490948473 745.9230283761834 39.870461 116.420147 50
557 -137.1828242728375 702.0377060786743 39.870066 116.426309 50
558 -124.00729302395402 701.1492240046639 39.870058 116.426463 50
559 -116.30727765008854 702.4814886570337 39.87007 116.426553 50
560 -106.12611160138803 707.0336581950442 39.870111 116.426672 50
561 -99.36716439410858 712.2520778419876 39.870158 116.426751 50
562 -92.7793181885018 719.0249555211774 39.870219 116.426828 50
563 -88.75811979558813 727.5743825467093 39.870296 116.426875 50
564 -88.75799736036183 738.1224359631847 39.870391 116.426875 50
565 -87.56001889693704 756.2206615764569 39.870554 116.426889 50
566 -87.13217488605741 762.327424708068 39.870609 116.426894 50
567 -1242.905192790482 682.3737527127457 39.869888 116.413385 50
568 -1248.5510719532672 687.2600862674724 39.869932 116.413319 50
569 -1252.4002399217452 692.368193862338 39.869978 116.413274 50
570 -1254.6236470840881 698.6973900605831 39.870035 116.413248 50
571 -1254.8791475229696 705.8034887794071 39.870099 116.413245 50
572 -1253.2525385721215 712.2430860932745 39.870157 116.413264 50
573 -1249.8294887599616 717.3500043426865 39.870203 116.413304 50
574 -1243.9255034993178 721.4572309667572 39.87024 116.413373 50
575 -1235.9685401301042 723.4545194285292 39.870258 116.413466 50
576 -1170.4322837593386 729.5509766078262 39.870313 116.414232 50
577 -1159.9945178639555 729.7714505961662 39.870315 116.414354 50
578 -1151.866792529051 729.6591899810762 39.870314 116.414449 50
579 -1144.338102774345 728.54773833791 39.870304 116.414537 50
580 -1137.0663075926102 725.8818823202155 39.87028 116.414622 50
581 -1130.9923465709685 722.7720817123832 39.870252 116.414693 50
582 -1124.9186419515054 717.8857717409228 39.870208 116.414764 50
583 -1119.957246915465 712.333436606556 39.870158 116.414822 50
584 -1117.3913806802182 706.8924865020906 39.870109 116.414852 50
585 -1118.0040344798736 612.7373298640387 39.869261 116.414845 50
586 -1119.1100291197567 655.3738278219648 39.869645 116.414832 50
587 -1193.3711052935664 665.2669145681367 39.869734 116.413964 50
588 -1181.5647683635586 662.8223745402997 39.869712 116.414102 50
589 -1172.7532229053731 658.157668797655 39.86967 116.414205 50
590 -1166.252052128646 651.0506183798952 39.869606 116.414281 50
591 -1120.305666078612 670.0302440888792 39.869777 116.414818 50
592 -1163.8582737341267 639.2808482002807 39.8695 116.414309 50
593 -1161.7250196698965 602.0847625455294 39.869165 116.414334 50
594 -1159.1597688495185 592.5356110492489 39.869079 116.414364 50
595 -1153.087200931316 579.5439353375577 39.868962 116.414435 50
596 -1142.5653826372095 568.3281125450442 39.868861 116.414558 50
597 -1110.3148644679345 537.56746755628 39.868584 116.414935 50
598 -1103.0437726404257 528.6838467568998 39.868504 116.41502 50
599 -1098.6813487120169 521.6881960922846 39.868441 116.415071 50
600 -1094.148881885452 507.1423405678426 39.86831 116.415124 50
601 -1068.969782394211 687.0108127193374 39.86993 116.415418 50
602 -1083.2539439217103 712.661246196845 39.870161 116.415251 50
603 -1090.9162252781339 976.9188796386767 39.872541 116.415161 50
604 257.82304157980536 815.848770994825 39.871091 116.430926 50
605 314.032454512254 808.7448146080319 39.871027 116.431583 50
606 441.3378639560344 798.0920149099486 39.870931 116.433071 50
607 444.5889446896134 797.8701389111518 39.870929 116.433109 50
608 458.0210549539818 796.7606100391675 39.870919 116.433266 50
609 -1109.4584143291074 1133.254880996651 39.873949 116.414944 50
610 -1118.4498261964845 1074.520153941611 39.87342 116.414839 50
611 -1114.2777947406055 937.3947915152974 39.872185 116.414888 50
612 -1113.510066581652 921.9612072287837 39.872046 116.414897 50
613 -1086.7914652124846 1105.2715096695713 39.873697 116.415209 50
614 -1092.2547996139133 1188.7685121442555 39.874449 116.415145 50
615 -1099.6725159365299 1363.5343128343316 39.876023 116.415058 50
616 -1100.3545035407117 1380.1892485921646 39.876173 116.41505 50
617 -1102.479671020169 1474.0118147074927 39.877018 116.415025 50
618 -1076.3815835813589 911.0747383252913 39.871948 116.415331 50
619 -1072.5316762017608 911.1852296013102 39.871949 116.415376 50
620 -1001.2656549732756 913.0631139426193 39.871966 116.416209 50
621 -1027.1357350917522 667.1303280540221 39.869751 116.415907 50
622 -1024.9118030502673 663.2439051211845 39.869716 116.415933 50
623 -1021.1543406761539 610.8362391013234 39.869244 116.415977 50
624 -1022.011226473637 600.9544948357905 39.869155 116.415967 50
625 -1025.7772220817055 589.7407550350513 39.869054 116.415923 50
626 -1030.7403215414747 583.7456879908154 39.869 116.415865 50
627 -1039.8100533713796 578.5284062646922 39.868953 116.415759 50
628 -1043.403684389561 576.7523818474814 39.868937 116.415717 50
629 -1052.2160748049023 576.5315249632113 39.868935 116.415614 50
630 -1060.001552108035 577.9760175700654 39.868948 116.415523 50
631 -1066.5033328656082 581.8630455444609 39.868983 116.415447 50
632 -738.5323908690012 908.925038174169 39.871929 116.41928 50
633 -738.7047307953153 896.1563551857317 39.871814 116.419278 50
634 -738.6197030246384 890.7157706843075 39.871765 116.419279 50
635 455.45854216080045 727.5874297620796 39.870296 116.433236 50
636 440.99967405962036 728.2527751850195 39.870302 116.433067 50
637 432.10190839507294 728.6963958452425 39.870306 116.432963 50
638 370.75855517453755 734.4668472858634 39.870358 116.432246 50
639 329.17864809224506 737.1297159588788 39.870382 116.43176 50
640 160.03602524623705 746.3399739295587 39.870465 116.429783 50
641 -17.2339006306656 757.4415333513389 39.870565 116.427711 50
642 -583.0903811484984 802.5427950707269 39.870971 116.421097 50
643 -726.222171552042 809.5500731075767 39.871034 116.419424 50
644 -744.1028988496437 810.7731456612644 39.871045 116.419215 50
645 -723.4751474656472 907.7022450233258 39.871918 116.419456 50
646 -638.8648332719227 886.2655000598345 39.871725 116.420445 50
647 -598.3984868268736 880.8216504568908 39.871676 116.420918 50
648 -549.9754587114651 877.3760176750678 39.871645 116.421484 50
649 -506.9421733822978 875.2634328787564 39.871626 116.421987 50
650 -485.63945859918744 873.3745036301519 39.871609 116.422236 50
651 -282.1080300070348 859.1521703475121 39.871481 116.424615 50
652 64.04260041512768 832.2774524227699 39.871239 116.428661 50
653 126.58268754753546 826.9486882830738 39.871191 116.429392 50
654 477.8483937047467 1137.4085557564163 39.873987 116.433498 50
655 476.1361505225931 1157.1721827041688 39.874165 116.433478 50
656 470.83082240386966 1176.7135241358048 39.874341 116.433416 50
657 462.7022248424946 1198.6974073373567 39.874539 116.433321 50
658 449.0981744002984 1226.1215554237651 39.874786 116.433162 50
659 435.7514390370037 1243.5528428841428 39.874943 116.433006 50
660 410.0849478112273 1274.5294158837266 39.875222 116.432706 50
661 406.57721093075975 1278.7484534747077 39.87526 116.432665 50
662 624.8523135439569 795.3290032469686 39.870906 116.435216 50
663 483.08630769504634 831.5152168955802 39.871232 116.433559 50
664 479.749644312633 832.4032641205168 39.87124 116.43352 50
665 466.2319853255108 834.4010069411212 39.871258 116.433362 50
666 466.06318502476813 796.5390316062062 39.870917 116.43336 50
667 477.01420102569887 795.7624817522931 39.87091 116.433488 50
668 407.29798138210003 595.7895758377001 39.869109 116.432673 50
669 409.69168865894153 630.8758539131514 39.869425 116.432701 50
670 493.4516592508433 625.2181612506911 39.869374 116.43368 50
671 491.3150475412783 589.4656810536139 39.869052 116.433655 50
672 499.86829844342935 626.5509634309527 39.869386 116.433755 50
673 496.61720095555427 625.8845588893998 39.86938 116.433717 50
674 385.4815485430613 585.4624582116595 39.869016 116.432418 50
675 402.42161873972196 588.7942943037777 39.869046 116.432616 50
676 494.3953274464452 585.8018197070605 39.869019 116.433691 50
677 499.61466894441105 580.028488866911 39.868967 116.433752 50
678 406.09811821776395 634.7617866025939 39.86946 116.432659 50
679 400.7080050391153 636.0938877863181 39.869472 116.432596 50
680 1322.8777794984983 377.49299884039806 39.867142 116.443374 50
681 1305.1657151094653 385.2622015211549 39.867212 116.443167 50
682 1262.553301920551 409.57107501688733 39.867431 116.442669 50
683 1223.2782426095785 431.99317432097956 39.867633 116.44221 50
684 1155.6816997723167 467.1798350420951 39.86795 116.44142 50
685 1138.7403162305943 473.06199499071926 39.868003 116.441222 50
686 1126.248350112291 476.39110816963824 39.868033 116.441076 50
687 1095.961624476528 470.7240711218151 39.867982 116.440722 50
688 1080.6467128212785 470.83292393115903 39.867983 116.440543 50
689 1063.8766964557526 475.3828887694518 39.868024 116.440347 50
690 955.5554488776913 513.6746628197398 39.868369 116.439081 50
691 834.4857046728878 566.289714020754 39.868843 116.437666 50
692 790.4222266417464 581.9405612485327 39.868984 116.437151 50
693 738.3167637814586 595.9254003438868 39.86911 116.436542 50
694 457.93617876745463 785.4353255145437 39.870817 116.433265 50
695 455.88588129566585 734.9155765412037 39.870362 116.433241 50
696 463.6714244371024 734.4719160348227 39.870358 116.433332 50
697 465.8927729522741 785.1027096339128 39.870814 116.433358 50
698 474.4618143651238 566.1478728088457 39.868842 116.433458 50
699 442.4578964447247 662.854931864621 39.869713 116.433084 50
700 435.61358653890557 659.9677035967109 39.869687 116.433004 50
701 428.94040213664255 656.7473946802415 39.869658 116.432926 50
702 455.0314202423033 716.5952225160131 39.870197 116.433231 50
703 453.8352667176117 689.2812459043982 39.869951 116.433217 50
704 453.06572650913915 681.5089509447158 39.869881 116.433208 50
705 450.4138719462725 675.1799627754542 39.869824 116.433177 50
706 446.7354010218812 667.8516263759464 39.869758 116.433134 50
707 466.1566993815227 665.9652392851199 39.869741 116.433361 50
708 463.4184531941871 673.5152577554628 39.869809 116.433329 50
709 462.9043184896228 686.7280503783143 39.869928 116.433323 50
710 463.2447519263735 716.262619190212 39.870194 116.433327 50
711 465.8926782420984 786.6571597356744 39.870828 116.433358 50
712 466.0635843060565 789.9881346751571 39.870858 116.43336 50
713 466.14674944804835 829.1824903033697 39.871211 116.433361 50
714 466.06057276571966 839.3974436579651 39.871303 116.43336 50
715 480.07591677121474 1086.33388048598 39.873527 116.433524 50
716 478.362593562032 1123.0854329204803 39.873858 116.433504 50
717 458.4465704066025 834.400536274773 39.871258 116.433271 50
718 444.758038575717 832.512181256714 39.871241 116.433111 50
719 310.8666024501724 817.1831290473563 39.871103 116.431546 50
720 397.33730889868525 1290.4063525062857 39.875365 116.432557 50
721 289.8830642801893 1417.4224148043263 39.876509 116.431301 50
722 938.526616977392 -160.1809363278744 39.8623 116.438881 50
723 938.443163322033 -177.39090453017835 39.862145 116.43888 50
724 938.0324248140641 -316.73608136442476 39.86089 116.438875 50
725 937.4504653401614 -455.5260890832959 39.85964 116.438868 50
726 937.1994596879383 -502.0484997552077 39.859221 116.438865 50
727 938.6746495581945 -669.2623818468655 39.857715 116.438882 50
728 957.2434921008974 -669.0380168182951 39.857717 116.439099 50
729 956.966514632549 -507.0424890261361 39.859176 116.439096 50
730 955.5695172454854 -283.7574172281888 39.861187 116.43908 50
731 952.6517926086963 -215.80621381868684 39.861799 116.439046 50
732 950.3372268710585 -181.27555543519074 39.86211 116.439019 50
733 949.7282051313562 -100.22227711810694 39.86284 116.439012 50
734 947.3117582956556 66.43647497773146 39.864341 116.438984 50
735 938.6048245916339 -100.22365022072412 39.86284 116.438882 50
736 298.0929986211713 -710.2849379079945 39.857346 116.431396 50
737 254.8789567073024 -694.075843498683 39.857492 116.430891 50
738 977.7988111021086 -1482.0104651611546 39.850395 116.439338 50
739 409.03056560928155 -1405.6721669139274 39.851083 116.432692 50
740 409.3737313187595 -1421.549691413752 39.85094 116.432696 50
741 1500.6709927369639 -501.625609950211 39.859224 116.44545 50
742 1495.9655036279696 -505.734713085809 39.859187 116.445395 50
743 1439.497338585648 -544.9398183511189 39.858834 116.444735 50
744 993.5317382353176 -716.8881365518068 39.857286 116.439523 50
745 1029.557028282832 -714.9958303555477 39.857303 116.439944 50
746 1050.0939218434964 -713.3275602162305 39.857318 116.440184 50
747 1060.7902449286805 -712.6598929805064 39.857324 116.440309 50
748 1243.9062532133921 -671.9946326608986 39.85769 116.442449 50
749 1269.1481467190624 -662.885870327247 39.857772 116.442744 50
750 1336.40255413701 -638.7804927066609 39.857989 116.44353 50
751 1407.676478709206 -604.5698801938946 39.858297 116.444363 50
752 967.3032607600908 -1048.543671321489 39.854299 116.439216 50
753 976.6229785797951 -986.1425937359282 39.854861 116.439325 50
754 976.4403658013324 -896.3178486413988 39.85567 116.439323 50
755 976.8606762998393 -837.1378108047683 39.856203 116.439328 50
756 977.0280073965213 -807.2702155870577 39.856472 116.43933 50
757 977.7886792156195 -733.1008211125236 39.85714 116.439339 50
758 978.9004415625589 -727.882180128777 39.857187 116.439352 50
759 981.2102593503837 -723.1075129156916 39.85723 116.439379 50
760 984.8038450506838 -719.8871262717466 39.857259 116.439421 50
761 988.7399284210866 -718.332172031711 39.857273 116.439467 50
762 410.8120535488182 -1113.769481362147 39.853712 116.432713 50
763 408.58325825061206 -1042.1540720508683 39.854357 116.432687 50
764 408.24030655686295 -1029.9405885361282 39.854467 116.432683 50
765 403.9542645939011 -891.7061653243829 39.855712 116.432633 50
766 -1152.5616432596362 660.5973060494684 39.869692 116.414441 50
767 -1146.8286616905634 665.4818579594705 39.869736 116.414508 50
768 -1136.3047746529007 668.9222831624126 39.869767 116.414631 50
769 -169.04151472153475 -748.1507524286726 39.857005 116.425937 50
770 -152.26942556270086 -746.4856264113067 39.85702 116.426133 50
771 -95.53531780551808 -740.6018554348882 39.857073 116.426796 50
772 -69.09366410256436 -738.3815022424103 39.857093 116.427105 50
773 107.18364171748473 -724.0579497866647 39.857222 116.429165 50
774 -328.5731154240461 640.1986371197295 39.869509 116.424072 50
775 -301.2807630216637 638.4209992594019 39.869493 116.424391 50
776 17.929477971626653 618.207239486335 39.869311 116.428122 50
777 44.70865004690057 616.5418673262471 39.869296 116.428435 50
778 262.8781148139844 601.3348540968993 39.869159 116.430985 50
779 374.61575937720886 587.0163678855904 39.86903 116.432291 50
780 401.4807975247892 583.0205748115816 39.868994 116.432605 50
781 -667.287988975165 663.7595009665179 39.869721 116.420113 50
782 -677.1252974144226 682.0806673015536 39.869886 116.419998 50
783 -324.57483364789937 101.58184987303439 39.864658 116.424119 50
784 -330.13665041266165 95.25326207780657 39.864601 116.424054 50
785 -302.9296660853802 49.28487658411687 39.864187 116.424372 50
786 -293.089855424794 51.61616569634112 39.864208 116.424487 50
787 -1103.6220834030753 671.3602039469588 39.869789 116.415013 50
788 -318.232007846643 371.2784477117724 39.867087 116.424193 50
789 -320.79595645828806 438.67503051372887 39.867694 116.424163 50
790 -323.10273638551166 516.7306922623916 39.868397 116.424136 50
791 -1499.826940003905 692.8568432586344 39.869982 116.410382 50
792 -1468.4316625149024 673.9752877959122 39.869812 116.410749 50
793 -1434.5552929913524 654.0941068289933 39.869633 116.411145 50
794 -1423.1774574657356 648.0962461068841 39.869579 116.411278 50
795 -1411.2005675352868 642.8755167012006 39.869532 116.411418 50
796 -1398.7957380278185 638.431952703979 39.869492 116.411563 50
797 -1385.7916985258335 635.6537821527805 39.869467 116.411715 50
798 -1369.4507763537863 633.8743246212625 39.869451 116.411906 50
799 -1350.7141336760246 632.8717034016597 39.869442 116.412125 50
800 -1316.6628173550957 632.4216367985657 39.869438 116.412523 50
801 -1273.2853270553464 635.1900950631391 39.869463 116.41303 50
802 -1499.8236733659344 709.5116633095545 39.870132 116.410382 50
803 -1458.504902195895 685.964858731528 39.86992 116.410865 50
804 -1435.5782132888298 674.0800824272287 39.869813 116.411133 50
805 -1415.474100165958 665.970989436755 39.86974 116.411368 50
806 -1390.3218587434474 659.4154798497187 39.869681 116.411662 50
807 -1361.2335615408401 655.3020583187192 39.869644 116.412002 50
808 -1311.2688122497339 655.5153926174189 39.869646 116.412586 50
809 -1259.3357838409993 658.7265964871921 39.869675 116.413193 50
810 -286.9292028413869 55.168956887077925 39.86424 116.424559 50
811 -281.7952591526267 60.054175124280135 39.864284 116.424619 50
812 -278.03028356337285 66.04976675065868 39.864338 116.424663 50
813 -1057.305689346159 -344.4785137848371 39.86064 116.415556 50
814 -1056.7091884271524 -362.3547409740794 39.860479 116.415563 50
815 -1050.4888260808052 -552.1091780130462 39.85877 116.415636 50
816 -1046.995307023239 -660.4768020693616 39.857794 116.415677 50
817 -1046.5690938368211 -672.4683056418387 39.857686 116.415682 50
818 529.5759595367499 -892.5867547893674 39.855704 116.434101 50
819 620.6260361974339 -893.2461005793539 39.855698 116.435165 50
820 700.0381435393876 -893.7944046557302 39.855693 116.436093 50
821 831.1366131667237 -894.7805704582777 39.855684 116.437625 50
822 -611.1042801724733 -739.2456585934799 39.857085 116.420771 50
823 -660.9073529756366 -743.7938250095076 39.857044 116.420189 50
824 -669.8924847636584 -745.0143941517814 39.857033 116.420084 50
825 -723.7178059470114 -752.7817229426125 39.856963 116.419455 50
826 -914.0340550303292 -791.622507616089 39.856613 116.417231 50
827 -951.2589973182311 -799.9453597597096 39.856538 116.416796 50
828 -981.638030270281 -806.7144659923615 39.856477 116.416441 50
829 -472.5829297838059 -1048.3681685898116 39.854301 116.42239 50
830 -471.2076562278022 -949.7719783266333 39.855189 116.422406 50
831 -1125.5874431468756 824.1436366940852 39.871165 116.414756 50
832 -1125.503196464748 815.2610517131327 39.871085 116.414757 50
833 -1499.804508881052 807.2199495404368 39.871012 116.410382 50
834 -1127.7174043883485 884.434415081953 39.871708 116.414731 50
835 -1122.6332819713393 1132.8126748732473 39.873945 116.41479 50
836 -1134.3537896601738 1132.3702755806244 39.873941 116.414653 50
837 -1189.9620221063672 1130.491178685027 39.873924 116.414003 50
838 -1289.5435374882009 1127.5094526420685 39.873897 116.412839 50
839 -1353.7068396819327 1126.0771226522722 39.873884 116.412089 50
840 -1127.0285730167313 1494.6673955904707 39.877204 116.414738 50
841 -1138.3207765856905 1494.3359713750106 39.877201 116.414606 50
842 -1148.2442350795977 1494.004358185417 39.877198 116.41449 50
843 -1345.60151745911 1487.1525384423842 39.877136 116.412183 50
844 -997.5852334968184 925.6092686284786 39.872079 116.416252 50
845 -997.5850162055209 927.2747512282064 39.872094 116.416252 50
846 -997.4987245092428 932.9373809403685 39.872145 116.416253 50
847 -997.2403859770567 945.8170798296923 39.872261 116.416256 50
848 -1002.5358058357017 1013.3253402233775 39.872869 116.416194 50
849 800.7212076307167 -1360.2292004720725 39.851492 116.437269 50
850 793.8803946034984 -1412.9700058320523 39.851017 116.437189 50
851 797.5617677732587 -1427.0706573833631 39.85089 116.437232 50
852 668.935476735689 -1420.310048484299 39.850951 116.435729 50
853 571.9734517695351 -1410.2140217825722 39.851042 116.434596 50
854 418.01572483755837 -1393.9023135210452 39.851189 116.432797 50
855 1093.014354437981 738.644155941433 39.870395 116.440688 50
856 1089.3415914823863 695.78522599706 39.870009 116.440645 50
857 1087.293752067992 657.1457523959018 39.869661 116.440621 50
858 1090.719064144751 635.6060073901976 39.869467 116.440661 50
859 1106.8071715080875 611.1812515470886 39.869247 116.440849 50
860 1210.3471510273027 506.27159017057517 39.868302 116.442059 50
861 1260.5778000912615 455.98216332795147 39.867849 116.442646 50
862 1306.955016474185 428.7870851856805 39.867604 116.443188 50
863 1346.6586985351437 403.14556059805983 39.867373 116.443652 50
864 1378.5751055932692 386.71849835565604 39.867225 116.444025 50
865 1500.5080980884163 328.6716714380449 39.866702 116.44545 50
866 -1293.4615955750305 218.04591745132 39.865706 116.412795 50
867 -1294.4005292817371 231.25889091491575 39.865825 116.412784 50
868 -1328.9670941906993 231.15378704358255 39.865824 116.41238 50
869 -1331.362776076382 231.2652357504042 39.865825 116.412352 50
870 -1334.088673097072 300.32765379582077 39.866447 116.41232 50
871 -1335.6220047291035 338.9670824879453 39.866795 116.412302 50
872 -1336.9853283552611 371.1666233555 39.867085 116.412286 50
873 -1336.5553008362633 383.93523762562097 39.8672 116.412291 50
874 -1334.8433252845803 388.48725406236355 39.867241 116.412311 50
875 -1331.8474261466827 396.1479456030553 39.86731 116.412346 50
876 -1326.968333337262 409.02681952050375 39.867426 116.412403 50
877 -1327.8989723666905 469.5394715152279 39.867971 116.412392 50
878 -1290.1673860476421 472.30881584882826 39.867996 116.412833 50
879 -1285.7183296044664 472.5301308170021 39.867998 116.412885 50
880 -1282.0392772986015 472.8626095083757 39.868001 116.412928 50
881 -1208.8863865970147 477.62507698251227 39.868044 116.413783 50
882 -1209.053465085234 503.1624866464803 39.868274 116.413781 50
883 -1275.405874671472 232.25498834239534 39.865834 116.413006 50
884 -1204.9032780077644 235.68555023523805 39.865865 116.41383 50
885 -1205.6686858363491 265.10916671018845 39.86613 116.413821 50
886 -1206.5193674995276 296.3093111386554 39.866411 116.413811 50
887 -1207.2814852164836 346.4959279706537 39.866863 116.413802 50
888 -1257.932763001822 346.0599628189185 39.866859 116.41321 50
889 -1266.4032610757756 345.39516823862965 39.866853 116.413111 50
890 -1272.3924985473807 344.9520339931038 39.866849 116.413041 50
891 -1274.3604036990953 344.7302974855812 39.866847 116.413018 50
892 -1306.445723472388 341.73784488795036 39.86682 116.412643 50
893 -1265.808902322968 317.85911550632454 39.866605 116.413118 50
894 -1265.4689229763133 304.202114586358 39.866482 116.413122 50
895 -1102.6226933137416 482.1613346941152 39.868085 116.415025 50
896 -1099.2968342753638 406.3259364516549 39.867402 116.415064 50
897 -1090.3371740714279 237.88900078230046 39.865885 116.415169 50
898 -1084.5403660170346 87.55078839480984 39.864531 116.415237 50
899 -1082.664548032467 41.25016717692291 39.864114 116.415259 50
900 -1081.2144209628598 9.827900167790833 39.863831 116.415276 50
901 -1080.1905944814278 -10.935231533708933 39.863644 116.415288 50
902 -1077.4738821063129 -162.27223257007142 39.862281 116.41532 50
903 -1071.7570404290418 -276.6359734296952 39.861251 116.415387 50
904 -1068.863218665715 -387.11317735564086 39.860256 116.415421 50
905 -1066.4770295402823 -456.7305387639557 39.859629 116.415449 50
906 -1063.2401197992363 -562.4333846923851 39.858677 116.415487 50
907 -1061.7915232974685 -606.291192256081 39.858282 116.415504 50
908 -1059.833470328829 -678.9063294274512 39.857628 116.415527 50
909 -1058.3876122253325 -742.8608998047051 39.857052 116.415544 50
910 -1056.9373579323803 -775.1713786507903 39.856761 116.415561 50
911 1500.5109083363889 314.348534596988 39.866573 116.44545 50
912 1462.1777709512467 326.5546380008275 39.866683 116.445002 50
913 1418.2830760541087 340.4253815142215 39.866808 116.444489 50
914 -1289.5257752523537 218.1562849009252 39.865707 116.412841 50
915 -1287.4876777012223 126.88759923904809 39.864885 116.412865 50
916 -1286.9808453687028 88.02630155944011 39.864535 116.412871 50
917 -1291.8676707117213 30.179439330170105 39.864014 116.412814 50
918 -1394.6293873563625 27.199622056473842 39.863987 116.411613 50
919 -1398.715599993362 141.00820063960833 39.865012 116.411565 50
920 -1400.3278763643755 214.1786151303424 39.865671 116.411546 50
921 -1126.0891090246048 903.3096440345869 39.871878 116.41475 50
922 -1126.0033432276828 904.7530496366619 39.871891 116.414751 50
923 -892.0143347271023 912.827526172076 39.871964 116.417486 50
924 -837.4314729416492 912.4882579034528 39.871961 116.418124 50
925 -763.3426566930328 910.4819247659227 39.871943 116.41899 50
926 -752.3063757192951 909.7036059423167 39.871936 116.419119 50
927 -1031.3101419607938 1433.5861409424697 39.876654 116.415857 50
928 -1028.7524931036799 1368.4098622657698 39.876067 116.415887 50
929 -1028.5818899973926 1364.7457750665064 39.876034 116.415889 50
930 -1070.5005400198552 1364.0853347432103 39.876028 116.415399 50
931 -1082.6483834342876 1363.9760126822537 39.876027 116.415257 50
932 -1085.3111337277105 685.458664400333 39.869916 116.415227 50
933 -1084.542849129456 673.3560528894334 39.869807 116.415236 50
934 -1037.9169364863687 658.5823095805096 39.869674 116.415781 50
935 -1026.1956485216715 659.4689848602833 39.869682 116.415918 50
936 -1179.942049728244 644.3907905946633 39.869546 116.414121 50
937 -1148.7134266988894 648.6052571331929 39.869584 116.414486 50
938 -1144.2645101372973 648.6045901970584 39.869584 116.414538 50
939 -1141.5267982032567 648.0490204337572 39.869579 116.41457 50
940 -1138.4469110603243 647.1603043238811 39.869571 116.414606 50
941 -1135.7091652068252 646.8268008952341 39.869568 116.414638 50
942 -191.11791305239296 -703.9595408782568 39.857403 116.425679 50
943 -249.39206590170645 -708.6212023893503 39.857361 116.424998 50
944 -504.481360288167 -728.8164362157063 39.857179 116.422017 50
945 -509.0166792230712 -729.2602633136721 39.857175 116.421964 50
946 -554.7977552783032 -733.6983553549521 39.857135 116.421429 50
947 -606.7400926161447 -738.8018784566632 39.857089 116.420822 50
948 -245.45722659819666 -753.4782124839292 39.856957 116.425044 50
949 -186.5837459479937 -749.3716953827643 39.856994 116.425732 50
950 -364.7447557504095 -763.4663240501653 39.856867 116.42365 50
951 -316.65314925555083 -758.4720313199824 39.856912 116.424212 50
952 -286.1894989558172 -756.3636259597153 39.856931 116.424568 50
953 -990.6311943896123 -869.0021858626973 39.855916 116.416336 50
954 -967.9535454586668 -862.7873046514388 39.855972 116.416601 50
955 -1063.1818613688129 -143.28776227894969 39.862452 116.415487 50
956 -1169.1693691254134 36.37749237174739 39.86407 116.414248 50
957 -1186.6243116347266 35.71398837024024 39.864064 116.414044 50
958 -1422.1808510978622 26.316439258773045 39.863979 116.411291 50
959 -1487.466061915091 23.21996060322274 39.863951 116.410528 50
960 -1499.9583809551734 22.667240186209366 39.863946 116.410382 50
961 -993.6185367763369 -809.5997479132398 39.856451 116.416301 50
962 454.35012445917164 663.6328540297093 39.86972 116.433223 50
963 398.8935301113295 -663.3138534994855 39.857769 116.432574 50
964 386.29892792398806 -352.4251037504132 39.860569 116.432427 50
965 384.07136867552305 -296.4651085191333 39.861073 116.432401 50
966 382.785323935566 -245.61253145150113 39.861531 116.432386 50
967 385.691659795809 -187.87575697171008 39.862051 116.43242 50
968 391.59228204293464 -121.58935995421928 39.862648 116.432489 50
969 142.4240136226687 84.92148425468366 39.864508 116.429577 50
970 197.52620772420966 84.47858070053464 39.864504 116.430221 50
971 -187.51804838583305 -464.35276000323023 39.859561 116.425721 50
972 -187.43250705150618 -465.4630814455418 39.859551 116.425722 50
973 -186.7482486644439 -477.3435150623884 39.859444 116.42573 50
974 -186.0640097566401 -490.1122038384505 39.859329 116.425738 50
975 -182.2150839630064 -560.2844725175418 39.858697 116.425783 50
976 -180.3333690996917 -594.9264745746023 39.858385 116.425805 50
977 -179.3069558977702 -613.1357319991027 39.858221 116.425817 50
978 -178.79375524810743 -622.5734561839002 39.858136 116.425823 50
979 -178.10947712664995 -634.7869818113078 39.858026 116.425831 50
980 1000.2855462075822 -668.4773497935 39.857722 116.439602 50
981 978.7217842493777 -669.1463306990279 39.857716 116.43935 50
982 872.186037800733 -668.6040606814897 39.857721 116.438105 50
983 656.4619139920522 -667.7373611561318 39.857729 116.435584 50
984 576.8809643637536 -666.5224260226385 39.85774 116.434654 50
985 -334.92885282518586 78.93176196094167 39.864454 116.423998 50
986 1006.7103474034989 1228.395276103739 39.874806 116.43968 50
987 1079.170718133563 1229.4044483330792 39.874815 116.440527 50
988 1100.9857674760406 1230.073751312259 39.874821 116.440782 50
989 1437.816162804424 1114.7671885225534 39.873782 116.444719 50
990 1437.8115274389515 1139.416338349663 39.874004 116.444719 50
991 441.0960977552325 539.8312654321909 39.868605 116.433068 50
992 442.5512851895136 527.5067855852233 39.868494 116.433085 50
993 429.8101591036125 404.14940063055167 39.867383 116.432936 50
994 426.98826153540074 376.5022539716702 39.867134 116.432903 50
995 414.68116547357556 129.01111720984812 39.864905 116.432759 50
996 418.7004595483423 167.65048646565555 39.865253 116.432806 50
997 -275.1206277383964 80.70588923163932 39.86447 116.424697 50
998 -1500.1421873241284 -914.6643601010594 39.855504 116.410382 50
999 -1452.2209223102118 -914.3405123484602 39.855507 116.410942 50
1000 -1383.4196104549173 -913.4650098084397 39.855515 116.411746 50
1001 1463.7066490182017 -509.182943932361 39.859156 116.445018 50
1002 1392.0933846120752 -553.275986676601 39.858759 116.444181 50
1003 -1012.1630738497976 670.0151672327904 39.869777 116.416082 50
1004 -1032.781568451704 673.4599198937638 39.869808 116.415841 50
1005 -1029.616347334257 670.9057540771227 39.869785 116.415878 50
1006 47.70148552226871 879.4660019951007 39.871664 116.42847 50
1007 52.66359116998143 879.132938057857 39.871661 116.428528 50
1008 67.37880464455861 878.0227318858626 39.871651 116.4287 50
1009 82.26513423828933 876.4684272064843 39.871637 116.428874 50
1010 99.71807949238593 874.692120211942 39.871621 116.429078 50
1011 125.8973535261261 881.6875328370149 39.871684 116.429384 50
1012 130.08868449319368 928.099050305429 39.872102 116.429433 50
1013 156.6957102632977 925.4347770033244 39.872078 116.429744 50
1014 128.71932308197077 958.6328758593379 39.872377 116.429417 50
1015 135.90531098385088 982.9490480121917 39.872596 116.429501 50
1016 118.53795363449291 997.8270719101079 39.87273 116.429298 50
1017 83.97456002404607 1026.2508546249553 39.872986 116.428894 50
1018 58.56579767215007 1007.8192743379363 39.87282 116.428597 50
1019 6.635687731876544 1011.8162117491777 39.872856 116.42799 50
1020 7.662346306398263 977.6182994479148 39.872548 116.428002 50
1021 -6.368276608433433 943.9755476806588 39.872245 116.427838 50
1022 -7.138256227341259 939.0901325781997 39.872201 116.427829 50
1023 -6.881603106928367 933.094394843675 39.872147 116.427832 50
1024 4.839159500035464 910.2217655435159 39.871941 116.427969 50
1025 6.89244039132015 904.6701585661245 39.871891 116.427993 50
1026 7.74797870829795 898.6744222019387 39.871837 116.428003 50
1027 6.978001721014692 895.7875850582162 39.871811 116.427994 50
1028 20.752120251469563 883.4630393815894 39.8717 116.428155 50
1029 22.890961771987577 881.7975629835631 39.871685 116.42818 50
1030 25.885335450789682 881.2424116974998 39.87168 116.428215 50
1031 127.5229363321559 877.6904017827794 39.871648 116.429403 50
1032 129.74741090603763 872.8050239132126 39.871604 116.429429 50
1033 84.40371167157389 900.1183022481321 39.87185 116.428899 50
1034 79.18487910600118 908.1125627055654 39.871922 116.428838 50
1035 63.01531605067217 909.4447984326271 39.871934 116.428649 50
1036 54.28893284735187 903.7820907903869 39.871883 116.428547 50
1037 -324.1280341460854 549.5962393648324 39.868693 116.424124 50
1038 -493.6102469100253 651.7548494393151 39.869613 116.422143 50
1039 -337.12870435668447 640.8652022292422 39.869515 116.423972 50
1040 -1500.1365704140044 -886.0181411778813 39.855762 116.410382 50
1041 -1314.610167748314 -865.17828473704 39.85595 116.41255 50
1042 -1427.9947939565432 -867.1565318772695 39.855932 116.411225 50
1043 -1491.746949263343 -868.3657154094556 39.855921 116.41048 50
1044 -1500.1331305859042 -868.47510724413 39.85592 116.410382 50
1045 -873.0323276224426 818.3369635785823 39.871113 116.417708 50
1046 -886.1221185773642 818.3384690635446 39.871113 116.417555 50
1047 -902.9764249660311 817.2301189435389 39.871103 116.417358 50
1048 -926.2475443785506 814.1240016384047 39.871075 116.417086 50
1049 -951.6579263900863 807.9093207164162 39.871019 116.416789 50
1050 -1003.1636722880778 792.2603697166276 39.870878 116.416187 50
1051 -1016.7676762715486 785.9333336228144 39.870821 116.416028 50
1052 -1026.6072844755315 779.7168476886654 39.870765 116.415913 50
1053 -1076.8931667073557 923.3993816382465 39.872059 116.415325 50
1054 -1077.4898473023404 938.9439703480211 39.872199 116.415318 50
1055 320.8004714530062 588.7904350702217 39.869046 116.431662 50
1056 390.18761418572234 576.8021918581179 39.868938 116.432473 50
1057 427.9206702864667 532.7244619917459 39.868541 116.432914 50
1058 418.600500634421 430.6854477620388 39.867622 116.432805 50
1059 451.6255347002475 440.1250543064384 39.867707 116.433191 50
1060 457.69485305182604 529.1731584587758 39.868509 116.433262 50
1061 508.2567231676419 567.8155257343464 39.868857 116.433853 50
1062 604.7648791384552 569.4880299606616 39.868872 116.434981 50
1063 -1042.9302617310855 -971.144541624417 39.854996 116.415725 50
1064 936.9586971403048 66.32416766003278 39.86434 116.438863 50
