0 0 0 31.3145019543859 120.536120391813 50
1 1500.4056959106647 190.92802798268048 31.316223 120.551883 50
2 1490.6015410370653 189.70700664602438 31.316212 120.55178 50
3 1431.8714943623845 184.26595754269613 31.316163 120.551163 50
4 -1290.2098462143877 -575.9104266189368 31.309307 120.522567 50
5 -1296.7587941429178 -418.24564180349086 31.310729 120.522498 50
6 -1305.4086856138936 -316.23972682187934 31.311649 120.522407 50
7 -1309.2060435409176 -233.41574577210838 31.312396 120.522367 50
8 -1315.8583546313757 -144.93677802718233 31.313194 120.522297 50
9 -1322.5131241594293 -76.85877187665712 31.313808 120.522227 50
10 -1328.8836006363163 -19.535654734101016 31.314325 120.52216 50
11 -1341.1517742735825 68.72231861806793 31.315121 120.522031 50
12 -1358.2734946333576 163.4116892518236 31.315975 120.521851 50
13 -1373.49038087482 264.0880969951794 31.316883 120.521691 50
14 -1393.3657914992561 404.680139217179 31.318151 120.521482 50
15 -1395.933371767424 422.97484733899637 31.318316 120.521455 50
16 -1397.7400360688562 436.94533194234435 31.318442 120.521436 50
17 -1403.9193439411965 494.8228853518726 31.318964 120.521371 50
18 -1435.482969219297 770.7949924820839 31.321453 120.521039 50
19 -1462.5852637986986 947.8661413476822 31.32305 120.520754 50
20 -1488.641354137212 1113.0736238745283 31.32454 120.52048 50
21 -1499.8604291729118 1197.5620210356738 31.325302 120.520362 50
22 -1421.8242612298006 419.87382492025336 31.318288 120.521183 50
23 -699.7412286160283 498.52204788943027 31.318998 120.528769 50
24 -315.09781269576996 544.5165587843453 31.319413 120.53281 50
25 154.16068466475966 600.6156971921987 31.319919 120.53774 50
26 256.3879680908434 611.4834450330831 31.320017 120.538814 50
27 468.3613229213902 635.1071366572758 31.32023 120.541041 50
28 -538.9445382611457 -781.426865193761 31.307454 120.530459 50
29 -545.0380625048335 -799.7208861370457 31.307289 120.530395 50
30 -544.0864984055394 -807.4821686746699 31.307219 120.530405 50
31 -543.5156798320868 -814.4673080241452 31.307156 120.530411 50
32 -480.1394969225489 -1358.199999111373 31.302252 120.531077 50
33 1500.2347142273147 1386.4932206709818 31.327006 120.551883 50
34 1460.7260562050556 1460.3304663411818 31.327672 120.551468 50
35 1453.01509967106 1472.5256580038822 31.327782 120.551387 50
36 1443.4956966265522 1485.607607496903 31.3279 120.551287 50
37 1434.8332027614354 1496.4721806688708 31.327998 120.551196 50
38 -1500.0955101787442 -446.82424880918757 31.310471 120.520362 50
39 -1321.795046805762 -421.7905124688349 31.310697 120.522235 50
40 -875.6195826783129 -363.2953185616192 31.311225 120.526922 50
41 -592.8952340309934 -326.39378148761034 31.311558 120.529892 50
42 -567.5858220808461 -543.7098232520848 31.309598 120.530158 50
43 -571.2015467721775 -513.2190562903131 31.309873 120.53012 50
44 -574.5317723176045 -484.61317416339676 31.310131 120.530085 50
45 -775.4649328371481 1086.2757903804436 31.324299 120.527973 50
46 -804.477418617754 1311.4652433686595 31.32633 120.527668 50
47 -808.5677086186378 1341.845332504569 31.326604 120.527625 50
48 -1285.2663385808357 -629.9070568252982 31.30882 120.522619 50
49 655.6873086469321 -962.2569356588307 31.305823 120.543008 50
50 668.2552947553579 -991.0835732558801 31.305563 120.54314 50
51 677.3961059499546 -1018.4690449580601 31.305316 120.543236 50
52 682.5383887338717 -1042.4176520762237 31.3051 120.54329 50
53 774.3404184435934 -1453.8672510174295 31.301389 120.544254 50
54 482.41612008916303 1339.1642653947679 31.32658 120.541189 50
55 484.79445430274023 1362.8916450761308 31.326794 120.541214 50
56 469.4078169415019 646.8599318268169 31.320336 120.541052 50
57 255.34074077699563 619.9099180511536 31.320093 120.538803 50
58 153.2087222347287 609.0421816746757 31.319995 120.53773 50
59 -316.5253285178965 552.8322245469602 31.319488 120.532795 50
60 -701.2632897250795 511.93802015947955 31.319119 120.528753 50
61 -1391.1721538643535 437.60970885891294 31.318448 120.521505 50
62 -1423.3452149161678 434.731274798301 31.318422 120.521167 50
63 -1302.972833233733 -631.5679951426713 31.308805 120.522433 50
64 -1294.1278899054155 -698.0939588170899 31.308205 120.522526 50
65 -1251.1382784667176 -1024.0709398796673 31.305265 120.522978 50
66 -1240.2953235980444 -1106.1195187003473 31.304525 120.523092 50
67 -1188.6450594581243 -1486.0930301425171 31.301098 120.523635 50
68 -1499.8849706806866 1025.9274343962702 31.323754 120.520362 50
69 -1486.2856718708638 945.097595889917 31.323025 120.520505 50
70 -1460.2309619413509 766.6960321022528 31.321416 120.520779 50
71 -1452.2455221584746 695.2914240196807 31.320772 120.520863 50
72 -1429.1438848341882 490.83479187313384 31.318928 120.521106 50
73 -1418.9712281003333 401.1355721371299 31.318119 120.521213 50
74 -1397.5732353522637 259.9889045375812 31.316846 120.521438 50
75 -1383.0228167217563 159.86692479345567 31.315943 120.521591 50
76 -1365.9014582240043 64.06876530440127 31.315079 120.521771 50
77 -1353.5381260727888 -22.858750112958234 31.314295 120.521901 50
78 -1348.5004438080634 -80.18171078527406 31.313778 120.521954 50
79 -1341.3698304171078 -147.81629450140045 31.313168 120.522029 50
80 -1334.8127548815114 -234.96476777651762 31.312382 120.522098 50
81 -1330.444501098078 -318.2323296757379 31.311631 120.522144 50
82 -1322.5544547914042 -404.82656907672555 31.31085 120.522227 50
83 -1314.2943458442362 -578.0140590567485 31.309288 120.522314 50
84 -1309.1605708864975 -632.0107242005181 31.308801 120.522368 50
85 -1280.3433906641671 -852.8768209081239 31.306809 120.522671 50
86 -1279.1067333225224 -860.3055800740148 31.306742 120.522684 50
87 -1278.44093366808 -865.0732754844024 31.306699 120.522691 50
88 -1277.5847253652073 -869.7301192525335 31.306657 120.5227 50
89 -1246.6737503562638 -1106.6731365083929 31.30452 120.523025 50
90 -1195.3094870452073 -1488.0880169628797 31.30108 120.523565 50
91 1496.2634686504762 535.6376343793004 31.319332 120.55184 50
92 1497.121126115982 528.6526336538532 31.319269 120.551849 50
93 1500.3607793213985 505.0367284462766 31.319056 120.551883 50
94 780.9575165004501 458.169292660528 31.318634 120.544325 50
95 760.0170230691713 454.61975645146674 31.318602 120.544105 50
96 506.54045349945795 417.68309941540247 31.318269 120.541442 50
97 494.45194538555836 416.3520234272419 31.318257 120.541315 50
98 283.61655231959935 389.2907194618235 31.318013 120.5391 50
99 145.31175253212575 371.437026687253 31.317852 120.537647 50
100 -26.879808667388602 349.2610666821438 31.317652 120.535838 50
101 -41.25293586568549 347.15448949186907 31.317633 120.535687 50
102 -282.9317334873435 312.2326176583629 31.317318 120.533148 50
103 -604.1888418154344 269.00497430741586 31.316928 120.529773 50
104 318.27278263485255 106.44978209786717 31.315462 120.539464 50
105 362.4520657749439 -236.81739899822287 31.312366 120.539928 50
106 376.1604971657566 -260.54413375425617 31.312152 120.540072 50
107 395.963940972834 -354.89789185792483 31.311301 120.54028 50
108 -251.43152501330826 39.25778018328866 31.314856 120.533479 50
109 -204.79604044305597 -326.6302816030829 31.311556 120.533969 50
110 -188.42526349628153 -455.1345097069594 31.310397 120.534141 50
111 -547.877988057436 -493.7063338844019 31.310049 120.530365 50
112 154.9371807033587 -416.9941204357639 31.310741 120.537748 50
113 282.21006553768444 -402.79949243769624 31.310869 120.539085 50
114 339.6103419866917 -367.9830967123827 31.311183 120.539688 50
115 605.5752936669865 -306.98996110141013 31.311733 120.542482 50
116 617.283793685977 -304.66090731575156 31.311754 120.542605 50
117 681.7281801355279 -293.90205928513933 31.311851 120.543282 50
118 818.3267164358946 -267.50408393316377 31.312089 120.544717 50
119 837.6527073760055 -293.2255224254901 31.311857 120.54492 50
120 856.3129898658667 -325.5994688675713 31.311565 120.545116 50
121 870.7829245300511 -334.0247655496096 31.311489 120.545268 50
122 873.9242926989738 -334.2462540800061 31.311487 120.545301 50
123 1058.9426364790263 962.7857709656769 31.323185 120.547246 50
124 1068.36540794525 963.8954765054845 31.323195 120.547345 50
125 1126.3292154442997 975.0999170846335 31.323296 120.547954 50
126 1280.5169637565791 1013.8129900066026 31.323645 120.549574 50
127 1384.2618162091826 1025.5789184616342 31.323751 120.550664 50
128 -1499.8219659242661 1466.544988360874 31.327728 120.520362 50
129 -1499.4412616132527 1466.5449339475076 31.327728 120.520366 50
130 -1499.8229965079108 1459.3381062432122 31.327663 120.520362 50
131 -1204.3918018748798 1497.995449523884 31.328012 120.523466 50
132 -1499.838169648815 1353.230634694391 31.326706 120.520362 50
133 -1498.8855112882295 1359.4395039098044 31.326762 120.520372 50
134 -1495.551310738999 1380.505296680461 31.326952 120.520407 50
135 -1492.9800993573015 1390.5945646003142 31.327043 120.520434 50
136 -1488.8863021906952 1399.0204905871506 31.327119 120.520477 50
137 -1480.9849147291445 1411.2156336591806 31.327229 120.52056 50
138 -1471.7512928734138 1421.8583444460355 31.327325 120.520657 50
139 -1479.5518856292738 1449.3564682148326 31.327573 120.520575 50
140 -1466.9885917164956 1449.5764543598348 31.327575 120.520707 50
141 -1457.375622803771 1450.7947409198814 31.327586 120.520808 50
142 -1442.813233910069 1453.8972313903485 31.327614 120.520961 50
143 -1423.5868453168903 1459.7709860104742 31.327667 120.521163 50
144 -1401.980913058158 1466.8640839134407 31.327731 120.52139 50
145 -1377.9005648164186 1472.9590251077816 31.327786 120.521643 50
146 -1350.3941096659164 1477.501328505604 31.327827 120.521932 50
147 -1329.169515047073 1480.270496127936 31.327852 120.522155 50
148 -1301.0922647404752 1483.038854688732 31.327877 120.52245 50
149 -1204.1070255147913 1491.4537849832327 31.327953 120.523469 50
150 -1292.120453871718 -630.4605890846847 31.308815 120.522547 50
151 -1296.683175448833 -576.6857523371076 31.3093 120.522499 50
152 -1303.705967955814 -402.7223059520542 31.310869 120.522425 50
153 -1310.8346717213785 -316.4608001235405 31.311647 120.52235 50
154 -1315.393491143262 -233.41497201254333 31.312396 120.522302 50
155 -1322.9976989879583 -145.26850496434616 31.313191 120.522222 50
156 -1334.88066994314 -20.53276752368022 31.314316 120.522097 50
157 -1347.0537051719632 66.94907622961964 31.315105 120.521969 50
158 -1363.604045950883 163.19063076139355 31.315973 120.521795 50
159 -1379.2017750665632 262.7583469862773 31.316871 120.521631 50
160 -1410.772730932693 494.26942971021685 31.318959 120.521299 50
161 -1442.621785781642 769.7980964824751 31.321444 120.520964 50
162 -1467.4395923809957 947.0906938839291 31.323043 120.520703 50
163 -1495.779879599186 1112.5202637927032 31.324535 120.520405 50
164 -1499.8678488140429 1145.672490558567 31.324834 120.520362 50
165 -1499.8792793044872 1065.731575870171 31.324113 120.520362 50
166 -1480.6699728041986 945.3185520026983 31.323027 120.520564 50
167 -1454.6150141869266 768.0257521366068 31.321428 120.520838 50
168 -1428.1852890452458 540.3957713870301 31.319375 120.521116 50
169 -1422.575959212283 492.05352398792223 31.318939 120.521175 50
170 -1391.6716691770175 259.7663703414712 31.316844 120.5215 50
171 -1376.0739230663453 161.19651018499707 31.315955 120.521664 50
172 -1359.5236647767356 65.17668604369416 31.315089 120.521838 50
173 -1347.4458925582471 -22.083409973455552 31.314302 120.521965 50
174 -1334.9918543745164 -146.26485973504685 31.313182 120.522096 50
175 -1328.434853164891 -234.4112028495285 31.312387 120.522165 50
176 -1323.7810840938087 -318.5657968652166 31.311628 120.522214 50
177 -1316.4619740204444 -403.82946172524726 31.310859 120.522291 50
178 -1308.201820610089 -577.4604463313722 31.309293 120.522378 50
179 -1467.0870248216577 1426.2926954593074 31.327365 120.520706 50
180 -1460.5191863318005 1431.0594087439733 31.327408 120.520775 50
181 -1455.1888618123448 1434.2740462256538 31.327437 120.520831 50
182 -1447.7646457346912 1437.5992724040257 31.327467 120.520909 50
183 -1434.2488624033715 1443.0302964510915 31.327516 120.521051 50
184 -1413.7852124248184 1448.571274563548 31.327566 120.521266 50
185 -1398.271012065371 1452.117199073047 31.327598 120.521429 50
186 -1350.776384333326 1465.3051153019057 31.327717 120.521928 50
187 -1328.789963096779 1471.1786887483404 31.32777 120.522159 50
188 -1300.4268168359554 1476.71889068849 31.32782 120.522457 50
189 -1398.3967727868692 508.6815184637349 31.319089 120.521429 50
190 -1405.146917259421 568.2222790962463 31.319626 120.521358 50
191 -1412.1834612722305 620.888838595999 31.320101 120.521284 50
192 -1418.743088482051 680.4295916541444 31.320638 120.521215 50
193 -1429.7720861869916 770.350712737418 31.321449 120.521099 50
194 -1446.0358200610945 860.7160768361152 31.322264 120.520928 50
195 -1458.5874550167712 949.4178353202585 31.323064 120.520796 50
196 -1485.8809820945683 1114.2928582521752 31.324551 120.520509 50
197 -1495.2900742180484 1210.0902518871048 31.325415 120.52041 50
198 -1499.8239319594522 1452.7964748444706 31.327604 120.520362 50
199 -1490.496979218047 1450.577643538984 31.327584 120.52046 50
200 -1407.8492091552744 291.47875810865 31.31713 120.52133 50
201 -1388.2584171261 157.87186773714 31.315925 120.521536 50
202 -1499.887142582993 1010.7375536858743 31.323617 120.520362 50
203 -1499.6968931143595 1009.9614011927483 31.32361 120.520364 50
204 -1476.9705657076593 855.5092596949098 31.322217 120.520603 50
205 -1463.94320042276 765.8095493244434 31.321408 120.52074 50
206 -1453.4854059990953 677.2189718559594 31.320609 120.52085 50
207 -1443.5987980792574 586.7436196861325 31.319793 120.520954 50
208 -1432.0946025687826 490.94606912964923 31.318929 120.521075 50
209 -1166.5542010189495 -1451.9461153423997 31.301406 120.523867 50
210 -1185.1043810786198 -1325.1034179794683 31.30255 120.523672 50
211 -1198.32933974881 -1254.696492709488 31.303185 120.523533 50
212 -1203.9430187842013 -1227.0880522697512 31.303434 120.523474 50
213 -1208.9843430402418 -1189.7227002568152 31.303771 120.523421 50
214 -1225.059289430309 -1070.7522742150015 31.304844 120.523252 50
215 -1240.190090533299 -1021.1894965078294 31.305291 120.523093 50
216 -1254.3810217147989 -1074.1859267571904 31.304813 120.522944 50
217 -1250.3867126917276 -1108.2249407578847 31.304506 120.522986 50
218 -1242.4953032768606 -1193.9320249224747 31.303733 120.523069 50
219 -1213.1013186300365 -1391.9576463372077 31.301947 120.523378 50
220 -1301.971379379332 -232.52964706339367 31.312404 120.522443 50
221 -1309.0997596773357 -144.49412387952782 31.313198 120.522368 50
222 -1316.0401290958177 -76.30521128875313 31.313813 120.522295 50
223 -1283.3705706184555 -696.4321582010264 31.30822 120.522639 50
224 -1282.886461135202 -629.9073480246934 31.30882 120.522644 50
225 -1288.2107458350451 -575.7997974094951 31.309308 120.522588 50
226 -1288.9611371966764 -484.8823666373999 31.310128 120.52258 50
227 -1292.4730530153095 -401.61494719595504 31.310879 120.522543 50
228 -1297.9836487529471 -315.9080233238946 31.311652 120.522485 50
229 -1353.8311758757366 -80.84627364964227 31.313772 120.521898 50
230 -1346.5099730788718 -146.5960127104198 31.313179 120.521975 50
231 -1339.5721891336982 -233.8554128085515 31.312392 120.522048 50
232 -1335.3945697204094 -318.78607511562757 31.311626 120.522092 50
233 -1328.4564102453342 -404.71494878055387 31.310851 120.522165 50
234 -1322.945485232522 -486.20863516710403 31.310116 120.522223 50
235 -1316.6742532480196 -578.3463851169693 31.309285 120.522289 50
236 -1311.0645701702574 -632.7866100158745 31.308794 120.522348 50
237 474.3336962404492 1170.1902764161232 31.325056 120.541104 50
238 487.4811342649184 895.4425171126319 31.322578 120.541242 50
239 488.53016250243013 851.7578077247988 31.322184 120.541253 50
240 486.818909547653 808.2947226800869 31.321792 120.541235 50
241 483.48900933934146 776.3625663385309 31.321504 120.5412 50
242 480.6399545989198 636.3273167283483 31.320241 120.54117 50
243 481.6864296532365 648.1909881261352 31.320348 120.541181 50
244 495.5771983072549 775.6978802613552 31.321498 120.541327 50
245 498.9070461142269 807.962665441428 31.321789 120.541362 50
246 500.71341482725416 851.7583820302671 31.322184 120.541381 50
247 499.6643252942505 895.6648402466282 31.32258 120.54137 50
248 487.3731361470017 1171.299624651052 31.325066 120.541241 50
249 531.4915141199349 172.20723527691746 31.316055 120.541704 50
250 536.0625744585441 132.18162553657496 31.315694 120.541752 50
251 585.1975661618634 -188.57678074794143 31.312801 120.542268 50
252 619.6685858453357 -389.1473882908934 31.310992 120.54263 50
253 623.4777185957083 -412.9852495959551 31.310777 120.54267 50
254 625.2873128991231 -428.5076167019958 31.310637 120.542689 50
255 626.3355769754861 -447.57802272971975 31.310465 120.5427 50
256 626.5280421373603 -482.39270247825306 31.310151 120.542702 50
257 626.053025692268 -498.3587033040537 31.310007 120.542697 50
258 624.5305565533782 -509.0027754700331 31.309911 120.542681 50
259 620.7239111771433 -527.8517180769127 31.309741 120.542641 50
260 594.3639778182923 -684.1866989413791 31.308331 120.542364 50
261 592.6510205968914 -694.1655257961952 31.308241 120.542346 50
262 584.6570783214987 -738.9593825674845 31.307837 120.542262 50
263 583.1354130673473 -765.4585366817535 31.307598 120.542246 50
264 583.6126338042357 -787.7443376613714 31.307397 120.542251 50
265 585.5176034576624 -806.3711913127175 31.307229 120.542271 50
266 589.0410075154467 -826.439325236354 31.307048 120.542308 50
267 594.1827311862537 -845.731242632138 31.306874 120.542362 50
268 601.3233234426896 -859.9228041298436 31.306746 120.542437 50
269 666.3493284351883 -959.595270469401 31.305847 120.54312 50
270 611.1283947037371 -855.8198719501917 31.306783 120.54254 50
271 604.9397366174815 -841.1847631976707 31.306915 120.542475 50
272 600.3692398618414 -823.001565847246 31.307079 120.542427 50
273 597.5123055836409 -804.9291433727892 31.307242 120.542397 50
274 595.3217756598225 -787.1893061583847 31.307402 120.542374 50
275 595.3205494341752 -765.5687272944166 31.307597 120.542374 50
276 597.1278100577908 -739.7348037877189 31.30783 120.542393 50
277 604.0744641707416 -693.4996258009132 31.308247 120.542466 50
278 605.7874104217403 -683.5207970733522 31.308337 120.542484 50
279 632.7184439026889 -528.9597497867996 31.309731 120.542767 50
280 636.5250681398737 -510.1108028582878 31.309901 120.542807 50
281 638.1426854847343 -498.9123491453056 31.310002 120.542824 50
282 638.7128435941385 -482.39196794253144 31.310151 120.54283 50
283 638.4251310803686 -447.35554457831205 31.310467 120.542827 50
284 637.3768248589228 -427.9525152976792 31.310642 120.542816 50
285 635.5671993414912 -412.2084006228884 31.310784 120.542797 50
286 631.6628331589424 -388.14879976097035 31.311001 120.542756 50
287 597.0011485880613 -186.58036846332283 31.312819 120.542392 50
288 548.1514336506208 132.95837440105237 31.315701 120.541879 50
289 543.5803275394942 172.98397891907126 31.316062 120.541831 50
290 -744.9910559983028 1317.5589808920017 31.326385 120.528293 50
291 -594.9907752122529 1328.9695368582074 31.326488 120.529869 50
292 -129.3828019912857 1367.8706222428045 31.326839 120.534761 50
293 730.0177961429097 682.6874479179066 31.320659 120.54379 50
294 731.5415158054436 671.3783049877247 31.320557 120.543806 50
295 798.8766175664373 139.29433651377155 31.315758 120.544513 50
296 839.356010518214 -166.2736831754008 31.313002 120.544938 50
297 840.7854462232849 -185.8984186654818 31.312825 120.544953 50
298 840.3107515371466 -201.64268617605666 31.312683 120.544948 50
299 837.2662602889743 -222.04390242478186 31.312499 120.544916 50
300 831.651294453958 -238.7864512378308 31.312348 120.544857 50
301 -1478.7068549047497 692.1906198319109 31.320744 120.520585 50
302 -1499.3584985543744 713.8141745708836 31.320939 120.520368 50
303 -1499.929611854549 713.7033811976934 31.320938 120.520362 50
304 -1499.9756918208898 391.3898432996039 31.318031 120.520362 50
305 -856.5905843787364 -480.15894917371315 31.310171 120.527122 50
306 -857.6391289028277 -497.45533378129056 31.310015 120.527111 50
307 -861.7347969425156 -525.8389485228732 31.309759 120.527068 50
308 -865.2585345545283 -544.6873749153792 31.309589 120.527031 50
309 -865.8303133222543 -552.1159393508876 31.309522 120.527025 50
310 -1044.9910160406232 1310.5994400335655 31.326322 120.525141 50
311 -1309.9695211202215 1275.7035245356938 31.326007 120.522357 50
312 -1499.8526764924895 1251.7799318401665 31.325791 120.520362 50
313 -846.4316773290587 -812.7841267884407 31.307171 120.527229 50
314 -845.8608720390569 -817.4409126406094 31.307129 120.527235 50
315 -845.5755853154036 -821.2106773735113 31.307095 120.527238 50
316 -844.2434449490138 -828.8611428048803 31.307026 120.527252 50
317 -823.6908059255693 -954.92736185908 31.305889 120.527468 50
318 -903.5712051255666 -1062.2475242577925 31.304921 120.526629 50
319 -856.2852540382548 -1405.0760346905593 31.301829 120.527126 50
320 -1499.85364360134 1245.0165521530885 31.32573 120.520362 50
321 -1428.4860891301635 428.41210103468205 31.318365 120.521113 50
322 -1418.5961366020204 359.3356669494547 31.317742 120.521217 50
323 1500.3271330757898 740.3134378395357 31.321178 120.551883 50
324 1304.3465710106639 735.8522459071821 31.321138 120.549824 50
325 1115.4093178842354 731.8389607567964 31.321102 120.547839 50
326 1095.3258280037926 731.1715950929719 31.321096 120.547628 50
327 1085.7124389218457 730.505345993244 31.32109 120.547527 50
328 1071.4351498042392 729.2842534389097 31.321079 120.547377 50
329 1055.2542352175146 727.7303637011906 31.321065 120.547207 50
330 1054.7794360514577 716.6428161723941 31.320965 120.547202 50
331 1086.9509635249833 719.4179743799718 31.32099 120.54754 50
332 1096.564374276438 719.9733496085065 31.320995 120.547641 50
333 1116.4574844240058 720.9733223643489 31.321004 120.54785 50
334 1473.582438706404 728.6677728218258 31.321073 120.551602 50
335 1500.3287504258597 729.0041880311928 31.321076 120.551883 50
336 -187.56864471787202 -462.00876350046633 31.310335 120.53415 50
337 -178.05081432286067 -552.0392718313394 31.309523 120.53425 50
338 -145.7809051229481 -623.3322618605271 31.30888 120.534589 50
339 -135.88240939549513 -761.482366656835 31.307634 120.534693 50
340 -1500.159735371874 -896.1997279833049 31.306418 120.520362 50
341 -1254.2610622837935 -866.961063956838 31.306682 120.522945 50
342 -579.8803020760776 -804.597508172548 31.307245 120.530029 50
343 -557.3185644034287 -802.2703606339478 31.307266 120.530266 50
344 -551.6067005513822 -801.0510400550392 31.307277 120.530326 50
345 -531.7104150230778 -797.3931998887927 31.30731 120.530535 50
346 -509.0534853996086 -794.6224543432182 31.307335 120.530773 50
347 -325.51410932424784 -783.5422760983242 31.307435 120.532701 50
348 -135.2161638895574 -771.4611041274218 31.307544 120.5347 50
349 -46.58830566708414 -765.8072588086212 31.307595 120.535631 50
350 112.29426384662507 -755.6062829478846 31.307687 120.5373 50
351 132.7614385727223 -754.2755467801496 31.307699 120.537515 50
352 158.74997687793592 -752.1685652509129 31.307718 120.537788 50
353 193.30613933897467 -748.8417425953178 31.307748 120.538151 50
354 234.05000480310616 -744.405922275382 31.307788 120.538579 50
355 275.3650007760366 -739.5264296927269 31.307832 120.539013 50
356 424.25088035613226 -719.4531333619675 31.308013 120.540577 50
357 457.75963818467073 -714.7949847617989 31.308055 120.540929 50
358 497.64642359910295 -708.8059313352702 31.308109 120.541348 50
359 575.8015186624255 -696.605708895931 31.308219 120.542169 50
360 728.5919245175975 -715.3340503853797 31.30805 120.543774 50
361 765.337936062157 -720.8751735561927 31.308 120.54416 50
362 781.8069630669156 -722.6479559388417 31.307984 120.544333 50
363 796.0864297737257 -723.644755394497 31.307975 120.544483 50
364 809.9850725780418 -724.0871909563159 31.307971 120.544629 50
365 820.742206616565 -723.9754804094175 31.307972 120.544742 50
366 828.9290409885879 -723.753087399928 31.307974 120.544828 50
367 838.0678079343968 -723.197987711903 31.307979 120.544924 50
368 845.3978510542461 -722.6430259232525 31.307984 120.545001 50
369 853.2990509803242 -721.8662630460587 31.307991 120.545084 50
370 863.2945145091829 -720.5349482861975 31.308003 120.545189 50
371 878.4304617866848 -718.0944472488161 31.308025 120.545348 50
372 894.42315546155 -715.5429766151161 31.308048 120.545516 50
373 1004.372375717971 -694.4668225324609 31.308238 120.546671 50
374 1281.099326383952 -637.890550997833 31.308748 120.549578 50
375 1289.9521910645005 -635.5610960331525 31.308769 120.549671 50
376 1431.6954688455107 -618.6897480768001 31.308921 120.55116 50
377 1463.1092918976951 -614.9156725519042 31.308955 120.55149 50
378 1500.5203093288974 -610.697148017773 31.308993 120.551883 50
379 -579.4983523183048 -783.5313246886111 31.307435 120.530033 50
380 -1256.5438451889058 -850.6622024340891 31.306829 120.522921 50
381 -1500.1572634828508 -878.9032677864388 31.306574 120.520362 50
382 -1500.0456524331737 -98.0119967541661 31.313617 120.520362 50
383 -629.9057900150328 -5.408906238006264 31.314453 120.529503 50
384 -588.2125378376915 -0.4219562979814988 31.314498 120.529941 50
385 -580.5973375818548 0.46461868971168485 31.314506 120.530021 50
386 -58.3880453507917 61.984283570293 31.315061 120.535507 50
387 75.25694987945458 77.83950116965252 31.315204 120.536911 50
388 232.50823924192093 96.35791530527752 31.315371 120.538563 50
389 543.2968307373839 133.0689968409091 31.315702 120.541828 50
390 1091.3625129351337 -1430.1118959383828 31.301603 120.547584 50
391 1164.3815511012026 -1419.570956047865 31.301698 120.548351 50
392 1391.5309080093075 -1395.1508706868026 31.301918 120.550737 50
393 1500.630746776173 -1383.2722488207742 31.302025 120.551883 50
394 1083.8416413326372 -1431.221421922244 31.301593 120.547505 50
395 465.0137676540196 -1149.201893419734 31.304137 120.541005 50
396 499.3967681589095 -1482.8222197991813 31.301128 120.541366 50
397 962.4188106495174 -996.9370802461831 31.30551 120.54623 50
398 692.534076793158 -1039.5342544643086 31.305126 120.543395 50
399 349.2526883536605 -1205.9742306213534 31.303625 120.539789 50
400 308.7931833445663 -1227.485189650069 31.303431 120.539364 50
401 280.42388178871573 -1244.4498136972074 31.303278 120.539066 50
402 247.4849115835006 -1264.0754618694814 31.303101 120.53872 50
403 193.31626031046494 -1298.4477513193413 31.302791 120.538151 50
404 161.42418280595177 -1318.738356586316 31.302608 120.537816 50
405 80.2178941241965 -1378.9442387146844 31.302065 120.536963 50
406 62.12961851487637 -1393.136318724318 31.301937 120.536773 50
407 52.60944805416881 -1399.4562266744827 31.30188 120.536673 50
408 42.70845578382159 -1405.332628835405 31.301827 120.536569 50
409 29.951388140368124 -1411.6525287941324 31.30177 120.536435 50
410 14.338238198361068 -1418.3050414649224 31.30171 120.536271 50
411 -3.7501913885265026 -1424.4031569495414 31.301655 120.536081 50
412 -62.29971148291179 -1441.6994195518096 31.301499 120.535466 50
413 1031.0297602572862 1216.5759903033002 31.325474 120.546953 50
414 1107.5331558629537 504.4335385483116 31.319051 120.547756 50
415 1147.2642935844895 147.0878861593474 31.315828 120.548173 50
416 1176.8982798681802 -124.8849320495598 31.313375 120.548484 50
417 1196.8126966661503 -296.7387022397361 31.311825 120.548693 50
418 1201.768436017833 -346.964436522616 31.311372 120.548745 50
419 1205.9615958540621 -387.7658924566248 31.311004 120.548789 50
420 1208.6293975616195 -408.6100524287331 31.310816 120.548817 50
421 1211.7729202129615 -427.2366598041006 31.310648 120.54885 50
422 1214.4397555748142 -439.5434563600793 31.310537 120.548878 50
423 1217.7732345889224 -454.28942062227827 31.310404 120.548913 50
424 1222.344537262956 -471.58536010049454 31.310248 120.548961 50
425 1227.7727290595205 -489.98994504450354 31.310082 120.549018 50
426 1232.1532722478557 -503.8487826760666 31.309957 120.549064 50
427 1237.0097843278024 -517.596687309448 31.309833 120.549115 50
428 1242.6280465288662 -532.896746495805 31.309695 120.549174 50
429 1267.6717321385443 -595.8706363436047 31.309127 120.549437 50
430 1271.0998590227066 -605.0728294264951 31.309044 120.549473 50
431 1273.1948859416584 -611.1706889638742 31.308989 120.549495 50
432 1274.9090545549006 -616.6033455689726 31.30894 120.549513 50
433 1278.2423235480421 -628.4665424836322 31.308833 120.549548 50
434 1286.4323758203357 -655.1863650545243 31.308592 120.549634 50
435 1290.4319290576545 -666.1624775002499 31.308493 120.549676 50
436 1500.607973247996 -1223.9453354765162 31.303462 120.551883 50
437 1500.6041379468431 -1197.1136596321503 31.303704 120.551883 50
438 1446.1296984768674 -1052.6515609122398 31.305007 120.551311 50
439 1299.2847057153183 -662.9460165109675 31.308522 120.549769 50
440 1295.475576094348 -652.3025082357902 31.308618 120.549729 50
441 1287.3808476995227 -626.8023035867839 31.308848 120.549644 50
442 1283.9522518757628 -613.9412480989465 31.308964 120.549608 50
443 1282.238051925573 -608.2868433722575 31.309015 120.54959 50
444 1280.0477849153976 -601.8563728548709 31.309073 120.549567 50
445 1276.5244295083633 -592.4324446488235 31.309158 120.54953 50
446 1251.5759063866658 -529.5694390705687 31.309725 120.549268 50
447 1245.9576460834958 -514.380259405739 31.309862 120.549209 50
448 1241.1963439187496 -500.8540972044882 31.309984 120.549159 50
449 1236.9110099729048 -487.2170016858835 31.310107 120.549114 50
450 1231.4828296041433 -469.03417101893865 31.310271 120.549057 50
451 1227.0067453483064 -452.0708487711411 31.310424 120.54901 50
452 1223.6732799192594 -437.54663702812303 31.310555 120.548975 50
453 1221.101653278305 -425.4615813442434 31.310664 120.548948 50
454 1218.053346280539 -407.1675901297317 31.310829 120.548916 50
455 1215.385564742097 -386.65605698379125 31.311014 120.548888 50
456 1211.2875868253566 -346.07634342599096 31.31138 120.548845 50
457 1206.2365975238158 -295.73974967949675 31.311834 120.548792 50
458 1186.3220282942193 -123.88599712966412 31.313384 120.548583 50
459 1156.6878005816982 148.08679484685644 31.315837 120.548272 50
460 1116.9562748775304 506.0976618354817 31.319066 120.547855 50
461 1115.908121843583 516.6306720341352 31.319161 120.547844 50
462 1040.4523066921101 1217.6856711645119 31.325484 120.547052 50
463 1500.5191680683197 -602.714163195047 31.309065 120.551883 50
464 1462.0610353137652 -606.932833713284 31.309027 120.551479 50
465 1430.5520106324323 -610.485169541506 31.308995 120.551148 50
466 1002.4675301737564 -684.7100242170084 31.308326 120.546651 50
467 892.7087998745764 -705.7861424429535 31.308136 120.545498 50
468 876.9065030074552 -708.2267198185898 31.308114 120.545332 50
469 861.7705696081329 -710.6672186927962 31.308092 120.545173 50
470 852.1558896546618 -711.8876263330543 31.308081 120.545072 50
471 844.4450888540363 -712.6643730426623 31.308074 120.544991 50
472 837.4006402167034 -713.2193113880107 31.308069 120.544917 50
473 828.4522736415236 -713.7743954755679 31.308064 120.544823 50
474 820.5510346279697 -713.9967657899416 31.308062 120.54474 50
475 810.0794984017612 -714.1084541012062 31.308061 120.54463 50
476 796.5616522418658 -713.6659897619003 31.308065 120.544488 50
477 782.7581865815299 -712.7800302221368 31.308073 120.544343 50
478 766.6699501382585 -710.8963467218565 31.30809 120.544174 50
479 730.2095678875253 -705.4660830432313 31.308139 120.543791 50
480 574.373043111554 -686.7379320113239 31.308308 120.542154 50
481 496.12282414020416 -698.9381484851402 31.308198 120.541332 50
482 456.33127113474876 -704.9271920652367 31.308144 120.540914 50
483 422.9177399984692 -709.5853323344169 31.308102 120.540563 50
484 274.1271938449736 -729.6586075480234 31.307921 120.539 50
485 232.90743218600448 -734.5380932138767 31.307877 120.538567 50
486 192.25880063186585 -738.9739074169913 31.307837 120.53814 50
487 157.79786644423768 -742.300725240542 31.307807 120.537778 50
488 132.09493940027863 -744.2968260807206 31.307789 120.537508 50
489 111.62778522621052 -745.7384357365576 31.307776 120.537293 50
490 -47.15943882778939 -755.828527313367 31.307685 120.535625 50
491 -326.08497828531983 -773.5635296798049 31.307525 120.532695 50
492 -508.1010149670165 -784.2002729058174 31.307429 120.530783 50
493 1493.8814558856047 552.4902905808678 31.319484 120.551815 50
494 789.9534732865791 -1451.6485943333764 31.301409 120.544418 50
495 486.13447624091515 1200.1270850102833 31.325326 120.541228 50
496 484.3242519900154 1239.8202777040456 31.325684 120.541209 50
497 485.1787524894707 1285.2791000914456 31.326094 120.541218 50
498 476.89481197711916 1361.7825320956924 31.326784 120.541131 50
499 472.90471502266655 1199.0177296874606 31.325316 120.541089 50
500 1033.8791108400771 1277.4466886688938 31.326023 120.546983 50
501 1018.3513617997007 1419.2544150055087 31.327302 120.54682 50
502 1024.5518060312456 1276.2261478301698 31.326012 120.546885 50
503 1384.3736596306514 177.9397136904372 31.316106 120.550664 50
504 794.9496191873575 459.8334677041744 31.318649 120.544472 50
505 -620.4659340855335 266.8993005114722 31.316909 120.529602 50
506 -666.0608842922783 260.69309965239495 31.316853 120.529123 50
507 1471.6001439840943 -67.96893362805886 31.313888 120.55158 50
508 1500.4411921648757 -57.320861280400024 31.313984 120.551883 50
509 871.4350194483026 -162.39044818656035 31.313037 120.545275 50
510 1345.5733173260628 -104.90718296344446 31.313555 120.550256 50
511 1417.5349046185368 -87.82297872036399 31.313709 120.551012 50
512 857.91805350901 -164.05468486696483 31.313022 120.545133 50
513 1403.012010144577 1027.6880347167846 31.32377 120.550861 50
514 1427.9489294025557 1029.5762745222646 31.323787 120.551123 50
515 1500.2850168716577 1034.7974952515974 31.323834 120.551883 50
516 -771.5648229563549 1055.6739887385206 31.324023 120.528014 50
517 -747.3073441312457 867.9607997245894 31.32233 120.528269 50
518 -757.649742540109 1316.3402613577193 31.326374 120.52816 50
519 884.490716422781 -335.02149264239955 31.31148 120.545412 50
520 888.7744036843436 -335.35375521795606 31.311477 120.545457 50
521 933.7999087612136 -329.5843539056316 31.311529 120.54593 50
522 1011.3807432117409 -319.70930335763694 31.311618 120.546745 50
523 1307.614988429974 -286.41412038970793 31.311918 120.549857 50
524 1500.4715975839126 -269.97884036850496 31.312066 120.551883 50
525 -866.4982393154719 -571.0754746529853 31.309351 120.527018 50
526 -865.8332218753619 -587.3741244155237 31.309204 120.527025 50
527 -847.3776299496296 -738.276208991165 31.307843 120.527219 50
528 -866.7833194061058 -564.9773372859779 31.309406 120.527015 50
