1 2
3 4
4 5
5 6
6 7
7 8
8 9
9 10
10 11
11 12
13 14
15 12
16 17
17 18
18 19
19 20
20 21
21 22
22 23
23 24
24 25
25 26
26 27
27 28
28 29
29 30
30 31
32 33
34 35
35 36
36 37
37 38
38 39
39 40
40 41
41 42
42 43
43 44
44 45
45 46
46 47
47 48
49 50
50 51
51 52
52 53
53 54
54 55
55 56
56 57
57 58
58 59
59 60
61 62
62 63
63 64
64 65
65 66
66 67
67 68
43 69
69 70
70 71
71 72
72 73
73 74
74 75
75 76
76 3
77 78
79 80
80 81
82 83
83 84
84 85
85 86
86 87
87 88
88 89
89 90
91 92
92 93
93 94
95 60
96 97
97 98
98 99
99 100
100 101
101 102
102 103
103 104
104 105
105 106
106 107
107 108
108 109
109 110
110 111
111 112
112 113
114 115
115 116
116 117
117 118
118 119
119 120
120 121
121 122
122 123
123 124
124 125
125 126
126 127
127 128
113 129
129 130
130 131
131 132
132 133
133 134
134 135
135 136
137 138
138 139
139 140
140 141
141 142
142 143
143 144
144 145
145 146
146 147
147 148
148 149
149 150
150 151
151 152
152 153
154 155
155 156
156 157
157 16
158 159
159 160
160 161
161 162
162 163
164 165
165 166
166 167
167 168
169 170
170 171
171 172
172 173
173 174
175 176
177 178
178 179
179 180
181 182
182 183
183 184
184 185
185 186
187 181
188 189
189 190
191 192
192 193
194 195
195 196
196 197
197 198
198 199
199 200
200 201
202 203
203 204
204 205
205 206
206 207
207 208
208 209
210 211
212 213
213 214
215 216
216 217
218 219
219 220
220 221
221 222
222 223
223 32
224 225
225 226
226 227
227 228
229 230
230 231
231 232
232 233
233 234
234 235
235 236
237 238
238 239
239 240
240 241
241 242
242 243
243 244
244 245
245 246
246 247
247 248
248 249
249 250
250 251
251 252
252 253
253 254
254 255
255 256
256 257
257 258
258 259
259 260
260 261
261 262
262 263
264 265
265 266
266 267
267 13
268 269
269 270
271 272
272 273
274 275
275 276
276 277
277 278
278 279
279 280
280 281
281 282
282 283
284 285
285 286
286 287
287 288
288 289
289 290
290 291
291 292
293 294
294 295
295 296
297 298
298 299
299 300
300 301
301 302
302 303
304 305
305 306
307 308
308 309
309 310
310 311
311 312
312 313
313 314
314 315
315 316
316 317
317 318
319 320
321 322
322 323
323 324
324 325
325 326
326 327
327 328
328 329
329 330
330 331
331 319
332 333
333 334
334 335
335 336
336 337
337 338
338 339
339 340
340 341
341 342
342 343
343 344
344 345
319 346
347 348
348 349
349 350
350 351
351 352
352 353
354 355
355 356
356 357
357 358
359 360
360 361
361 362
362 363
363 364
364 365
366 367
368 369
369 370
370 371
371 372
372 373
373 374
374 375
375 376
376 377
377 378
378 379
379 380
380 381
381 382
382 383
383 384
384 385
385 386
386 387
387 388
389 390
390 391
392 393
393 394
395 396
396 397
397 398
398 399
399 400
14 401
401 402
402 403
403 404
404 405
406 407
407 408
408 409
409 410
411 412
413 414
414 415
415 416
416 417
417 418
418 410
419 420
420 421
421 422
422 423
423 424
424 425
217 426
426 427
427 428
428 429
429 430
431 432
432 433
433 434
434 435
435 436
436 437
438 439
439 440
441 442
442 443
443 444
444 445
445 446
446 447
447 448
449 450
450 451
451 452
448 453
453 454
454 455
455 456
456 457
457 458
458 459
459 460
460 461
461 462
462 463
463 464
462 465
465 466
466 467
468 469
469 470
470 471
471 467
441 472
472 473
473 283
474 475
475 476
476 477
478 479
479 480
480 481
481 482
482 483
483 484
484 485
485 486
486 487
487 488
488 489
489 490
490 491
491 492
492 493
493 494
494 495
495 496
496 497
497 498
498 499
499 500
500 501
501 502
502 503
503 504
504 505
505 506
506 507
507 508
508 509
509 510
511 512
512 513
513 514
514 515
516 517
518 519
519 520
520 521
521 522
522 523
523 524
524 525
525 526
526 527
527 528
528 529
529 530
530 531
531 532
533 534
534 535
535 536
228 537
537 538
539 540
540 541
541 542
542 543
543 544
545 546
546 547
547 548
548 549
549 550
551 552
552 553
553 554
554 555
555 556
556 557
558 559
559 560
560 561
561 562
562 563
563 90
564 565
565 566
566 567
567 568
568 569
569 570
570 571
571 572
572 573
573 574
574 575
575 576
209 577
577 578
578 579
579 580
580 581
582 583
405 584
584 585
585 586
586 587
588 589
589 590
467 591
591 592
592 593
594 595
595 596
596 597
597 598
598 588
470 464
599 600
600 601
602 603
603 604
605 606
606 607
607 608
608 609
609 610
610 611
611 612
612 613
613 614
614 615
615 616
616 617
617 618
618 619
619 620
620 621
622 623
623 624
624 625
625 307
626 627
627 628
628 594
544 629
629 630
631 632
632 633
634 635
635 636
636 637
637 638
638 639
639 640
180 641
641 642
642 643
644 645
645 646
647 648
648 649
649 650
650 651
652 60
653 654
12 655
655 656
15 657
657 658
658 659
659 660
660 661
661 662
662 663
663 664
664 665
665 666
666 667
667 668
669 670
670 671
671 15
169 672
672 673
211 674
674 675
676 677
678 679
679 49
680 681
681 682
440 683
683 684
684 215
685 686
686 687
687 688
688 689
441 690
690 691
95 652
48 692
692 693
693 694
694 695
695 696
696 697
697 698
699 700
700 701
701 702
702 703
703 704
283 705
705 706
706 707
707 708
708 709
709 704
668 710
710 711
711 712
713 714
714 715
715 716
716 717
713 718
718 719
719 720
720 721
136 722
722 723
724 725
725 726
726 727
727 153
728 729
729 730
730 731
731 732
732 733
733 734
734 735
735 736
736 737
737 738
739 740
740 741
741 742
742 743
743 744
744 745
745 746
746 747
747 748
748 749
749 750
750 751
751 752
752 753
753 754
754 755
755 721
756 757
757 758
758 759
759 760
760 761
761 762
762 763
763 764
764 765
765 766
766 767
767 768
768 769
769 770
770 771
771 347
358 739
153 772
772 773
773 774
774 775
775 303
776 777
176 778
778 779
779 780
780 781
781 782
782 783
783 784
593 785
785 786
786 787
787 788
788 789
789 790
790 791
791 792
792 793
793 448
794 795
795 653
49 796
796 797
797 48
798 799
799 800
800 801
802 803
803 804
804 805
805 806
807 808
808 809
809 810
810 811
811 673
812 813
813 814
814 815
815 816
816 817
817 818
13 819
819 820
820 821
821 822
822 823
823 824
824 825
825 826
826 268
827 828
828 829
829 830
830 831
831 832
832 833
833 834
3 668
698 835
835 836
836 837
837 838
698 669
581 839
839 840
840 564
841 842
842 843
844 845
845 846
846 847
847 848
848 849
849 850
850 359
359 851
851 852
852 853
389 854
854 855
855 856
856 857
857 858
858 859
391 860
860 861
862 863
863 864
864 865
865 866
866 867
868 869
869 870
870 177
871 868
868 872
872 186
873 874
875 876
876 877
673 878
878 879
879 880
880 881
881 882
882 883
883 884
884 885
885 886
886 887
887 888
888 889
890 891
891 892
675 893
893 894
894 895
557 68
896 897
897 898
899 551
557 900
900 901
901 902
902 158
899 903
903 904
904 905
905 896
898 906
906 907
895 908
908 551
551 909
909 910
910 911
911 557
154 899
912 913
913 914
915 916
916 917
917 533
640 918
918 841
919 920
920 921
921 922
186 923
924 925
925 926
464 927
927 928
928 929
929 930
931 932
932 933
933 934
934 935
935 936
936 937
937 938
938 713
704 939
939 940
940 941
941 942
942 943
944 945
945 946
946 947
947 948
948 949
949 950
950 951
951 952
474 953
953 954
954 955
955 956
956 957
957 958
474 959
959 960
960 961
961 633
633 962
962 963
963 964
964 965
965 966
966 967
967 968
968 969
969 970
970 971
971 972
972 973
973 974
975 976
976 977
977 978
978 979
410 980
980 981
981 982
982 983
983 984
984 985
985 986
987 988
988 989
989 990
990 991
991 992
992 993
993 202
320 994
994 995
995 996
996 997
997 998
998 999
999 952
952 1000
1000 1001
1001 1002
1002 1003
1003 1004
1004 1005
1005 1006
1006 1007
1007 1008
1008 1009
1009 1010
1010 1011
1011 1012
1012 1013
1013 1014
1014 1015
1015 1016
1016 1017
1017 622
346 1018
1018 1019
1020 1021
1021 1022
1022 1023
1023 14
14 1024
1024 1025
1025 406
406 416
416 1026
1026 1027
1028 413
1029 1030
1030 1031
1031 1032
1032 1033
1033 3
346 1034
1034 1035
1035 320
174 1036
1037 1038
1038 1039
1039 1040
1041 1042
1042 1043
1043 1044
1044 1045
1046 1047
1047 1048
1048 1049
1049 1050
1050 1051
1051 1052
1052 1053
1053 1054
1054 975
1055 1056
1056 1057
1057 1058
1058 1059
1059 354
1060 1061
1061 1062
1062 1063
1063 1064
1064 1065
1065 1055
303 1066
1066 1067
1067 1068
1068 1069
1070 1071
1071 1072
1072 1073
1073 1074
1074 1075
1075 1076
1076 1077
1077 1078
1078 1079
1080 1081
1081 1082
1083 1084
1084 1085
1085 1086
1086 1087
1087 1088
303 1089
1089 1090
1090 1091
1091 1092
1092 1093
1093 1094
1094 1095
1095 1096
1096 1097
1097 1098
1098 1099
1099 756
1100 1101
861 1102
1102 1103
1103 1104
1104 1105
1105 1106
1106 1107
861 1108
1108 1109
1109 1110
1110 1111
691 1112
1112 1113
1113 1114
1115 1116
1117 1118
1119 1120
1120 1121
1107 1122
1122 1123
1123 1124
1125 1126
1126 1127
1127 640
843 1128
1128 1129
867 1130
1130 1131
1131 1132
1132 1133
1133 1134
1135 1136
1136 1137
1138 1139
1139 1140
1140 1141
1141 1142
271 1143
1138 1144
1144 1145
1145 1146
1146 1147
1147 1148
1148 273
273 1149
1149 1150
1150 389
1151 647
536 1152
640 1153
1153 1154
1155 1156
1156 1135
224 1157
875 1158
1158 1159
1159 1160
1160 1161
1161 1162
1162 1163
1163 1164
1164 1165
1165 1166
1166 1167
1167 1168
1168 1169
1169 1170
1170 1171
1171 1172
1172 1173
1173 368
712 1174
1174 1175
1175 839
581 1176
1176 1177
1177 812
1178 1179
1088 1180
1180 1181
1181 1182
1182 1183
1183 1184
1184 1185
1185 1186
1186 1187
1187 1188
1188 1189
1189 1190
1190 1191
1191 1192
1192 1193
1193 1194
1194 1195
1195 114
1196 1197
1197 1198
1198 268
1199 807
268 1200
1200 1201
1201 1202
1202 1203
1203 1204
1204 1205
1205 1206
1206 1207
1207 1179
477 1208
1208 1209
1209 1210
1210 1211
1211 1212
1212 1213
1213 1214
1214 1215
1215 1216
1216 1217
1217 1218
1218 1219
1219 1220
1220 1221
958 1222
1222 1223
1223 1224
1224 1225
1226 626
930 1227
1227 1228
448 1229
1229 1230
1230 1231
1231 1232
1232 1233
1233 1234
1234 1235
1235 1236
1236 1237
1237 1238
1238 1239
1239 1240
1240 1241
1241 1242
1242 1243
1243 1244
1244 1245
1245 1246
1246 1247
1247 1248
1248 1249
1249 1250
1250 1251
1251 1252
1252 1253
1253 1254
1254 1255
1255 1256
1256 1257
1257 1258
1258 1259
1259 1260
1260 194
318 1261
1261 1262
1262 293
1263 1264
1264 1265
1265 1266
1266 1267
1268 1269
1270 1271
1271 1272
1272 1273
1273 634
1274 1275
1276 1277
1277 1278
1278 1279
1279 1280
236 1281
1281 1282
1282 1283
1283 1284
1284 1285
1285 1286
643 1287
1287 1288
180 1289
1289 1290
1291 1292
1292 1293
1293 1294
1294 470
859 1
68 1295
1295 1296
1296 1297
1297 1298
1298 154
630 958
1299 1300
1300 1301
68 1302
1302 1303
1303 1304
1304 899
61 158
1305 1306
1306 1307
2 868
430 890
1308 1309
1309 1310
1310 1311
1311 1312
1312 1313
1313 1314
1314 1315
1315 419
1316 680
1317 1316
33 1316
81 1318
15 676
1318 685
1319 1320
1321 1319
1322 1323
1323 1324
1324 1325
1325 1317
1320 1326
1326 1327
1327 1328
1328 1329
1329 1330
1330 873
1331 1332
1332 1333
1333 1320
1307 1334
1335 1336
1336 1337
1337 1338
1338 1339
1339 1340
1340 1341
1341 1342
1342 1305
1343 1344
1344 366
1345 1346
1346 1347
1347 1348
1348 1349
1349 1343
1350 1351
1351 1352
1352 1353
1353 1354
1280 1355
1355 1356
1356 1357
1357 1274
1358 1359
1359 1360
1360 1361
1040 1362
1362 1363
1364 1365
1365 1366
1366 1041
1367 1368
1368 1100
1142 1369
1369 1370
1370 1371
1371 1372
1372 1373
1373 1374
1374 1375
1375 264
1143 1138
400 1376
1376 1377
841 332
1377 237
1286 1115
1116 1378
677 1379
1379 1380
1381 1382
1382 1383
1383 794
1384 1385
1385 1386
1386 1387
1387 1388
1388 1389
1389 1390
1390 1391
1391 1392
1392 1393
1393 1394
1394 1395
1395 1396
1396 478
1397 1398
1398 1399
1399 518
91 1400
1400 1401
1401 1402
1402 49
1403 1404
1404 1405
1405 91
306 1406
1406 1407
1407 1408
1408 1409
1409 1037
296 1410
1410 1411
1411 1412
1412 1413
1413 1414
1414 353
16 411
1415 1178
1152 1416
986 1417
1417 1418
1418 1419
1419 1420
1420 1421
413 1422
1422 1423
1423 13
361 1424
1424 1425
1425 1426
558 1427
1427 1428
1428 1429
1429 1430
1430 1431
1431 82
1432 1433
1434 1435
1435 1436
1436 1437
1437 1438
1438 1439
1439 1440
1440 1441
1441 1442
1442 1443
1443 1444
1444 1445
1445 576
1433 1446
1446 1447
1447 1448
1448 1449
1449 1450
1450 1451
1451 1452
1452 368
1453 1434
388 1454
1454 1455
1455 802
801 1456
1456 1457
1457 1458
1458 1459
1459 1460
1460 1461
1461 1462
1462 1463
1463 1464
1464 987
1465 1466
1466 1467
1467 1468
1468 1469
1469 515
515 1470
1470 1471
1472 1473
1474 188
188 1475
1475 1476
1476 1477
1477 1478
1478 1479
1479 1472
576 1480
1480 224
394 1481
1481 1482
1482 1483
1483 1484
1484 1485
1485 1486
1486 1487
1487 1488
1488 1489
1489 1426
1221 1490
1490 1491
1491 1492
1492 1493
1493 1494
1494 1495
1495 1496
1496 1497
621 1498
1498 1499
1499 1397
1497 1500
1500 1501
1501 1502
1502 1503
1503 1504
1504 307
1505 1506
1506 1507
1507 1508
1508 1509
1509 1510
214 1511
1511 1512
1512 1513
1514 1515
1515 210
1513 1516
1516 1517
1517 1518
1518 1519
1519 1520
1520 1521
1521 1522
1522 438
437 1523
1523 1524
1524 1514
452 1525
1525 1526
1526 91
1527 1528
1528 1529
1529 1530
1530 441
914 1531
1531 1532
1532 1533
1533 1534
1534 1535
1535 448
889 1536
1536 1288
889 1537
1537 1538
1288 1539
1539 1540
1540 1541
1541 1542
1542 1543
1543 1544
1544 1545
1545 1546
1288 1547
1547 1548
1548 1549
1549 1550
1550 176
31 1551
1551 1552
1552 1553
1553 877
31 1554
1554 1555
1555 1556
1556 1557
1557 875
877 1558
1558 1559
1559 1560
1560 1561
1562 1563
1563 1564
1564 1321
1 1151
1565 1566
587 1025
1290 187
1538 1567
1567 1568
1568 1290
1569 1570
1570 1571
1571 1572
1572 1573
1573 391
1569 1574
1574 1575
923 1569
806 1576
1576 1465
1473 1577
1577 798
1578 1579
1579 449
907 212
1546 1580
1580 169
1581 1562
654 1582
1582 1583
874 1322
1361 1584
1584 1585
1585 1586
538 1587
1588 1589
1589 1590
1590 1591
1591 1592
1592 1593
1593 605
1546 1594
1594 1595
1595 1596
1596 1597
1597 1598
1598 61
158 1599
1599 1350
1354 1600
1600 1601
1601 1602
1602 1603
1603 169
1604 1605
1605 180
376 1606
1606 1607
1607 1608
1608 1609
1609 164
176 1610
1610 1611
1611 1612
1612 1613
1613 1614
1614 1615
1615 1616
1617 1618
1618 1619
1619 1620
1620 1621
1334 1622
1622 1623
1623 1624
1624 1625
1625 1626
1626 1617
405 776
839 1627
1628 581
1426 1629
1629 1630
1630 1631
1631 1632
1632 1633
1633 365
590 1228
590 191
365 1634
1634 1635
1635 1636
1636 1637
1637 1638
1638 1639
1639 1640
1640 1641
1641 1642
1642 271
1643 1644
1644 1645
1645 1646
1646 1647
1647 1648
1648 1649
1649 1650
1650 871
651 1651
1651 1652
1652 1028
78 79
467 1653
1653 1565
1561 1654
1654 1331
1331 1655
1655 1656
1656 1319
425 1657
1657 1658
1658 1659
1659 431
1616 1660
1660 1661
1661 1662
1662 1663
1663 16
1664 34
723 724
128 1665
1665 1666
1666 1667
1667 1668
1668 721
704 1669
1669 1670
1670 1671
1671 1672
1672 1673
1673 931
1674 1675
1675 274
717 1676
1676 1677
1677 1678
1678 1674
516 1679
1679 1680
1680 96
1069 136
756 1681
1681 1682
1682 1683
1683 297
367 1358
605 1684
1684 1685
1685 1686
1686 1687
1687 1688
1688 1510
307 1689
1689 1690
1690 1691
1691 605
395 392
1692 1693
1693 669
1421 1694
1694 1695
1695 1696
1696 1697
1697 1698
1698 987
1699 1700
1700 1701
1701 1702
1510 1703
1703 622
1704 1705
1705 1706
1706 1707
209 1708
1708 1709
1709 1710
1710 1453
1378 1711
1711 264
517 194
1712 1713
1713 1714
1714 1715
353 1716
1716 1717
1717 1712
296 1712
1718 296
1045 1719
1719 1718
979 1397
510 1720
1720 474
532 1721
1721 1505
1575 1722
1722 861
1154 1723
1723 919
1124 1724
1724 1125
922 1725
1725 1155
1726 1727
1727 263
137 1728
1728 1729
1729 1730
1730 229
229 1731
1731 1726
449 1732
1732 1733
1733 1527
95 1734
1734 1403
777 175
943 1735
1735 1736
1736 1664
60 1737
1737 1738
1738 43
1739 270
270 114
264 1740
1740 1741
1741 1742
1742 1743
1743 1739
1082 1744
1744 1745
1745 1083
1079 1746
1746 1747
1747 1080
34 1748
1748 1070
712 812
412 1415
1179 827
1707 1749
1749 1750
1750 1178
1196 1751
1751 1752
1752 1753
1753 1754
1754 1755
1755 1756
1756 1020
1178 1757
1757 1758
1758 1759
1759 1760
1275 1270
1586 1111
1761 1762
1762 1763
1763 1029
834 1764
1764 1765
1765 1761
90 1766
1766 875
1767 1702
875 582
1768 875
1769 1768
1101 1046
1715 304
1718 284
304 1718
1702 1770
1770 558
1771 1772
1772 1617
1114 1773
1773 652
283 1774
1774 1775
1775 691
1269 1776
1776 1777
1777 1778
1778 1779
1780 1381
391 862
853 389
784 1542
1760 1196
332 844
1416 1781
1781 1782
1782 1783
1783 1784
1784 1785
1785 332
1134 841
82 1786
1786 1787
1787 1788
1788 1789
1789 1790
1790 1432
163 1791
1791 1792
1792 644
1793 1794
1794 1604
1621 1795
1795 1796
1796 889
656 698
652 1797
1797 699
1617 1798
1798 1799
1799 1345
1800 1801
1801 1802
1802 1803
1803 1804
1804 1771
1121 1805
1805 1806
1806 1117
1129 1119
345 1807
1807 1808
1808 1809
1809 1810
1810 1811
1811 395
738 1812
1812 1813
1813 1814
1814 1815
1815 1816
1816 1817
1817 1818
1818 1060
153 1819
1819 1820
1820 728
168 1793
818 1821
1821 1822
1822 1823
1823 1704
193 1824
1824 1825
1825 1291
1027 1826
1826 1643
550 1827
1827 1828
1828 1829
1829 1830
1830 1831
1831 1832
1832 1833
1833 1834
622 1835
1835 1836
1836 1837
1837 1838
1838 1839
1839 1384
1510 1840
1840 1841
1841 1842
1842 1843
1843 321
630 1225
1225 631
1834 1226
201 1844
1844 1845
1845 539
1583 1581
583 1628
1627 1769
1380 77
