0 0 0 30.660689628125 104.06300527625 50
1 165.87699497252802 -203.61399361784865 30.658853 104.064736 50
2 180.5407412405245 -193.74689551265462 30.658942 104.064889 50
3 189.93310798632916 -182.66037171698272 30.659042 104.064987 50
4 193.09559222704743 -165.14386280075908 30.6592 104.06502 50
5 193.57473954521373 -161.5962181620261 30.659232 104.065025 50
6 192.32808228135974 -121.90706114972899 30.65959 104.065012 50
7 191.08126501426693 -72.68362881512249 30.660034 104.064999 50
8 189.35504574770965 -11.597791004267524 30.660585 104.064981 50
9 188.97145860494535 1.151522068279153 30.6607 104.064977 50
10 188.49185320768143 24.100289889416224 30.660907 104.064972 50
11 188.20415721795354 34.07801388093838 30.660997 104.064969 50
12 182.64263959858954 197.49096642824108 30.662471 104.064911 50
13 165.4868537889539 236.95816086461323 30.662827 104.064732 50
14 148.52294677212456 270.88220276408754 30.663133 104.064555 50
15 110.76208550938927 324.9832323125598 30.663621 104.064161 50
16 76.54763303805167 372.5434641171056 30.66405 104.063804 50
17 45.97525838411318 427.3099642528676 30.664544 104.063485 50
18 29.682893467733905 457.9082935205929 30.66482 104.063315 50
19 22.97386982655378 671.8752912285956 30.66675 104.063245 50
20 20.67362655221349 780.6326375360918 30.667731 104.063221 50
21 15.977575563975378 911.8953458744159 30.668915 104.063172 50
22 14.923338087508014 968.5467435705032 30.669426 104.063161 50
23 14.44416451456101 978.1918935118408 30.669513 104.063156 50
24 9.748205271355118 1187.1701822922435 30.671398 104.063107 50
25 -471.46692801274224 4.264367373997448 30.660728 104.058086 50
26 -469.838274459269 -10.36970573531665 30.660596 104.058103 50
27 -469.1683642938076 -32.764191858728154 30.660394 104.05811 50
28 -463.904863148263 -212.8069590453912 30.65877 104.058165 50
29 332.7524764537367 -643.2951116264747 30.654887 104.066477 50
30 320.77135698598596 -632.8743012351633 30.654981 104.066352 50
31 317.9917530468193 -630.8788397111746 30.654999 104.066323 50
32 307.9277233545937 -625.2250909290168 30.65505 104.066218 50
33 291.25032715590726 -620.1258313691033 30.655096 104.066044 50
34 275.0522826068041 -619.1284852761742 30.655105 104.065875 50
35 180.73957047015818 -619.4630718435089 30.655102 104.064891 50
36 142.8802989076298 -619.5745042645701 30.655101 104.064496 50
37 61.79434547533876 -616.803685944496 30.655126 104.06365 50
38 55.085110572686254 -617.1363130211502 30.655123 104.06358 50
39 45.50048515090781 -616.8037671160912 30.655126 104.06348 50
40 324.1266809050327 -656.1555465876866 30.654771 104.066387 50
41 335.14852788266944 -639.7474036589914 30.654919 104.066502 50
42 430.51004248479813 -497.28433462236944 30.656204 104.067497 50
43 482.2627873104158 -415.79740939459566 30.656939 104.068037 50
44 537.0792267982222 -283.75627045971214 30.65813 104.068609 50
45 542.5415896264443 -269.7871819388619 30.658256 104.068666 50
46 542.7296330646976 -197.50409522954988 30.658908 104.068668 50
47 542.1534729236262 -175.55312696386068 30.659106 104.068662 50
48 539.0815518659449 -76.33033052112108 30.660001 104.06863 50
49 536.0102114534112 12.360433374635294 30.660801 104.068598 50
50 534.5716057184485 32.42668339756801 30.660982 104.068583 50
51 520.2825171201538 215.7944945732871 30.662636 104.068434 50
52 510.2089858067476 436.4127785692245 30.664626 104.068329 50
53 505.79484945110124 556.4779872702441 30.665709 104.068283 50
54 505.02592684742984 604.149359532147 30.666139 104.068275 50
55 501.7596184895792 773.770754888503 30.667669 104.068241 50
56 500.12116139527336 973.5472191490776 30.669471 104.068224 50
57 500.6956278988738 984.8553535442479 30.669573 104.06823 50
58 503.28026642125576 1045.2762485211601 30.670118 104.068257 50
59 508.25913035757014 1137.847770378316 30.670953 104.068309 50
60 511.8967606042491 1220.5523607609994 30.671699 104.068347 50
61 517.3559145579267 1286.0731525174033 30.67229 104.068404 50
62 521.5677458568487 1382.1923175827983 30.673157 104.068448 50
63 528.3709557646416 1394.6094019137038 30.673269 104.068519 50
64 539.1992018996618 1401.7052260506728 30.673333 104.068632 50
65 555.9691719762167 1401.2626234894892 30.673329 104.068807 50
66 487.75830545552884 984.9656235091713 30.669574 104.068095 50
67 314.97321626449025 985.9569568701468 30.669583 104.066292 50
68 268.20723638154413 985.0687799712407 30.669575 104.065804 50
69 139.313280266575 980.7426525084272 30.669536 104.064459 50
70 -841.4993907992655 -1113.4395426269557 30.650646 104.054226 50
71 -806.7020411815731 -1065.8817715785315 30.651075 104.054589 50
72 -1122.0778261470227 -1339.6862873265695 30.648605 104.051299 50
73 -1110.670650034416 -1332.8139362936993 30.648667 104.051418 50
74 -1075.682356393433 -1311.8642965748982 30.648856 104.051783 50
75 -1014.7170215631672 -1277.945997650695 30.649162 104.052419 50
76 -953.7519134743088 -1242.2535366545585 30.649484 104.053055 50
77 -922.0226045342931 -1214.6512982426113 30.649733 104.053386 50
78 -883.8698922139641 -1168.4244316915992 30.65015 104.053784 50
79 -849.2641154660744 -1123.860100000569 30.650552 104.054145 50
80 -1263.949430374984 -605.0890139932034 30.655231 104.049818 50
81 -1270.9473753341892 -615.0659105443146 30.655141 104.049745 50
82 -1279.6708302435504 -627.2598686056222 30.655031 104.049654 50
83 -1288.298087162422 -636.3496514109702 30.654949 104.049564 50
84 -1297.8838636157907 -645.7719023662919 30.654864 104.049464 50
85 -1317.1509203101486 -661.4013236964036 30.654723 104.049263 50
86 -1338.8139954698706 -675.3674593952098 30.654597 104.049037 50
87 -1360.5727075876098 -687.2271317998373 30.65449 104.04881 50
88 -1379.2637116098144 -693.9874303579892 30.654429 104.048615 50
89 -1436.9663390759265 -714.8222313995896 30.654241 104.048013 50
90 -1462.366529859675 -720.0293985609771 30.654194 104.047748 50
91 -1500.1302464528183 -719.5807500522887 30.654198 104.047354 50
92 -875.896477266787 228.5668729496572 30.662751 104.053866 50
93 -886.9171164644387 238.43464323387425 30.66284 104.053751 50
94 -904.5504175433065 250.4093885016486 30.662948 104.053567 50
95 -924.1963907060708 261.16483479499414 30.663045 104.053362 50
96 -962.0509726843618 279.01720495296274 30.663206 104.052967 50
97 -993.6765968937553 289.8847191198961 30.663304 104.052637 50
98 -1021.0858288851746 294.9870134145975 30.66335 104.052351 50
99 -1034.311383091195 296.0969126465026 30.66336 104.052213 50
100 -1057.695762405933 297.3186848999379 30.663371 104.051969 50
101 -1094.3061082164475 295.4376603968153 30.663354 104.051587 50
102 -1137.3377505567212 292.3379360282951 30.663326 104.051138 50
103 -1193.1159927678682 288.3528788820128 30.66329 104.050556 50
104 -1232.7930372002604 288.0247572292699 30.663287 104.050142 50
105 -1243.814376953872 288.4694794629492 30.663291 104.050027 50
106 -1277.1655370279602 292.9079314164935 30.663331 104.049679 50
107 -1304.861939575113 299.6739376231413 30.663392 104.04939 50
108 -1333.1330745976597 308.5464965648058 30.663472 104.049095 50
109 -1366.9621993819474 321.8543820403874 30.663592 104.048742 50
110 -1412.291044890212 340.70706139862307 30.663762 104.048269 50
111 -1475.3488722671468 365.4381231429098 30.663985 104.047611 50
112 -1254.2691777013158 -606.8639627596563 30.655215 104.049919 50
113 -1250.2428545192572 -600.1017538872836 30.655276 104.049961 50
114 -1230.303284582427 -568.729662470057 30.655559 104.050169 50
115 -1150.162692383973 -442.35404608591193 30.656699 104.051005 50
116 -1137.221447633265 -421.40220292933554 30.656888 104.05114 50
117 -1062.355237675881 -303.2292557605033 30.657954 104.051921 50
118 -1023.6285530012635 -240.8167943463888 30.658517 104.052325 50
119 -1019.2189826377412 -232.39157784855024 30.658593 104.052371 50
120 -1013.5630774806818 -219.86452297939093 30.658706 104.05243 50
121 -1007.0440630517016 -201.57263741923379 30.658871 104.052498 50
122 -996.88181860168 -169.86658676692102 30.659157 104.052604 50
123 -987.3904261325627 -137.05182733213366 30.659453 104.052703 50
124 -960.5464280666263 -44.593981424349955 30.660287 104.052983 50
125 -955.2735719122192 -26.6345397887456 30.660449 104.053038 50
126 -939.2631571232829 30.347968927827626 30.660963 104.053205 50
127 -936.3869594722842 41.655811474424056 30.661065 104.053235 50
128 -914.7211201023244 111.27632989434161 30.661693 104.053461 50
129 -894.8772690471687 171.6953645272631 30.662238 104.053668 50
130 -881.3605634221648 212.93553912932572 30.66261 104.053809 50
131 999.8324171185226 -519.3083757861216 30.656005 104.073437 50
132 905.0368665362175 -465.99138013350273 30.656486 104.072448 50
133 892.0972089251745 -458.78632714387174 30.656551 104.072313 50
134 838.1340416635621 -426.3076324733586 30.656844 104.07175 50
135 721.9661991234681 -362.79120996551524 30.657417 104.070538 50
136 626.7902465732972 -313.2411414590453 30.657864 104.069545 50
137 522.2224711638753 -262.1385973795538 30.658325 104.068454 50
138 -36.06329469094807 -208.27148283952093 30.658811 104.062629 50
139 -16.89477717010789 -210.0453478789156 30.658795 104.062829 50
140 2.273746807641354 -212.48436050293373 30.658773 104.063029 50
141 12.337225810321476 -214.14730795186475 30.658758 104.063134 50
142 21.538134767294217 -221.24256501338414 30.658694 104.06323 50
143 27.09703076156692 -228.55955115614097 30.658628 104.063288 50
144 30.355697852114098 -232.9940870916771 30.658588 104.063322 50
145 35.91462660830359 -246.51943093077352 30.658466 104.06338 50
146 37.16059020988041 -248.07151728820318 30.658452 104.063393 50
147 42.33672912216622 -405.60867495233873 30.657031 104.063447 50
148 45.59640835792111 -634.9853896273466 30.654962 104.063481 50
149 69.65107829608463 -205.72145472696383 30.658834 104.063732 50
150 114.6970726274025 -204.05811485204586 30.658849 104.064202 50
151 1500.5667819895039 -793.1940765339333 30.653534 104.078661 50
152 1451.0098230983342 -766.1501661917139 30.653778 104.078144 50
153 1379.1190542145387 -726.3596031885578 30.654137 104.077394 50
154 1242.3367607572657 -654.2040836672903 30.654788 104.075967 50
155 30.262588206462283 -1205.8216481667903 30.649813 104.063321 50
156 95.63336536788012 -1213.5817084790785 30.649743 104.064003 50
157 -308.9892520430857 968.4403029929426 30.669425 104.059781 50
158 -308.60620640660704 958.5734139424787 30.669336 104.059785 50
159 -300.08056348908684 835.7360953616874 30.668228 104.059874 50
160 -297.8775539069095 793.9403906545139 30.667851 104.059897 50
161 -297.11137096454627 776.3130298247124 30.667692 104.059905 50
162 -290.21637347583066 589.3965493420134 30.666006 104.059977 50
163 -285.04674517307217 382.0812439217265 30.664136 104.060031 50
164 -278.82232155948674 188.8456602071542 30.662393 104.060096 50
165 -275.47214045362506 25.210800284797052 30.660917 104.060131 50
166 -275.3764955558159 17.561205668488512 30.660848 104.060132 50
167 1455.8807543379066 70.75979639114374 30.661327 104.078196 50
168 1373.957202328653 -84.01662531475554 30.659931 104.077341 50
169 -461.03853015201145 -421.78497266845716 30.656885 104.058195 50
170 -452.6056769632156 -456.5964956233065 30.656571 104.058283 50
171 -431.8082374541291 -478.6592018905799 30.656372 104.0585 50
172 -412.54403215250125 -495.40035711148647 30.656221 104.058701 50
173 -330.5983152625146 -557.0433295140657 30.655665 104.059556 50
174 -318.5219662326041 -564.1389616179837 30.655601 104.059682 50
175 -295.42344316965335 -575.3368399403283 30.6555 104.059923 50
176 -282.4843818229556 -580.326047413311 30.655455 104.060058 50
177 -263.8904350573303 -586.8674692121751 30.655396 104.060252 50
178 917.7706322344557 -1431.2788340415584 30.647779 104.07258 50
179 915.846937220358 -1353.3420032677889 30.648482 104.07256 50
180 -659.536776258929 -491.7295644026288 30.656254 104.056124 50
181 -532.9307821007418 -601.1589147460626 30.655267 104.057445 50
182 -529.1929912824648 -605.3719142809435 30.655229 104.057484 50
183 -426.5447923011729 -681.4288658161875 30.654543 104.058555 50
184 -249.7102587334902 -803.7168986175166 30.65344 104.0604 50
185 -655.8902324981351 -419.0032779223816 30.65691 104.056162 50
186 -570.1095609788838 -421.55802345096 30.656887 104.057057 50
187 -441.29457193311845 -422.00752704229296 30.656883 104.058401 50
188 -234.36614152953993 -415.25133996774986 30.656944 104.06056 50
189 30.16451276698764 -411.7062132751896 30.656976 104.06332 50
190 -497.395557119413 961.019483590547 30.669358 104.057815 50
191 -536.3027591655673 974.4358709233322 30.669479 104.057409 50
192 -673.3391706679643 1029.653743235826 30.669977 104.055979 50
193 -716.4621649125419 1047.949055011195 30.670142 104.055529 50
194 -782.3914251341814 1085.8690684133448 30.670484 104.054841 50
195 -883.5842597759895 1144.1912673412758 30.67101 104.053785 50
196 2.5609916251561344 977.6375651253798 30.669508 104.063032 50
197 -317.6141958285683 966.6667331745713 30.669409 104.059691 50
198 -472.38332552883116 961.6835399841076 30.669364 104.058076 50
199 13.964716937294156 1199.697800087006 30.671511 104.063151 50
200 3.0400874114753265 1205.79530236281 30.671566 104.063037 50
201 -192.73867799156588 1314.8870488333503 30.67255 104.060994 50
202 -331.209283962325 1391.6082072851113 30.673242 104.059549 50
203 1474.6783579691755 -723.6862164706387 30.654161 104.078391 50
204 1492.022367859762 -692.4203084241304 30.654443 104.078572 50
205 1500.5505185322363 -676.4547728082703 30.654587 104.078661 50
206 933.2897343744531 -1325.5137816134368 30.648733 104.072742 50
207 910.1889906738229 -1322.1898553930384 30.648763 104.072501 50
208 885.8422974434333 -1320.3072069631214 30.64878 104.072247 50
209 -108.90799691857285 -635.9827074267768 30.654953 104.061869 50
210 -42.39059421768738 -637.091810229002 30.654943 104.062563 50
211 33.99899302936677 -634.6528418291493 30.654965 104.06336 50
212 316.3152156996748 973.9837057041227 30.669475 104.066306 50
213 314.2086606720676 914.0063306336459 30.668934 104.066284 50
214 309.89984743582636 787.067176079098 30.667789 104.066239 50
215 315.4646497196998 567.1136477183593 30.665805 104.066297 50
216 316.5225580450893 440.72902812561017 30.664665 104.066308 50
217 316.7148121936065 420.9952920688372 30.664487 104.06631 50
218 319.496381495327 343.6125046309129 30.663789 104.066339 50
219 321.2225712297738 306.36235235996975 30.663453 104.066357 50
220 326.0180170475038 189.29044042341897 30.662397 104.066407 50
221 328.6081145234763 109.24694629221071 30.661675 104.066434 50
222 330.04821893338107 27.429607866664455 30.660937 104.066449 50
223 59.30574911684516 -1235.422071553212 30.649546 104.063624 50
224 60.648182151979 -1325.7757773232756 30.648731 104.063638 50
225 60.83992042631027 -1331.6515387865338 30.648678 104.06364 50
226 109.72146286679173 -1009.3710468820083 30.651585 104.06415 50
227 261.63705157312825 -752.7193913540352 30.6539 104.065735 50
228 265.9500251670149 -746.1783371307495 30.653959 104.06578 50
229 640.4180028641184 995.8382739340515 30.669672 104.069688 50
230 617.5146852725019 987.0786956092954 30.669593 104.069449 50
231 585.6028413002978 983.4184072470571 30.66956 104.069116 50
232 540.2742749390632 984.0812201578242 30.669566 104.068643 50
233 462.43873235142473 -782.5349308718975 30.653631 104.06783 50
234 607.7513756051162 -915.6747976768246 30.65243 104.069346 50
235 695.3620759721476 -990.1697713925347 30.651758 104.07026 50
236 753.3542069782968 -1035.1764493655592 30.651352 104.070865 50
237 770.1287345285217 -1046.1507483432233 30.651253 104.07104 50
238 807.7032203618604 -1062.9992458965498 30.651101 104.071432 50
239 928.38200328744 -1102.124328364379 30.650748 104.072691 50
240 949.7562860125695 -1097.6879253261586 30.650788 104.072914 50
241 -486.5687880348554 -1210.3561009281318 30.649772 104.057929 50
242 -528.364035609871 -1291.6170451985558 30.649039 104.057493 50
243 -464.68187923263537 -450.9419386467962 30.656622 104.058157 50
244 -472.158757221539 -473.44692014037867 30.656419 104.058079 50
245 -593.0329509370468 -722.2187681331009 30.654175 104.056818 50
246 -632.0473634337909 -800.8187941695016 30.653466 104.056411 50
247 -725.6995424658494 -931.5209770611043 30.652287 104.055434 50
248 -767.3982885531849 -993.490784036461 30.651728 104.054999 50
249 -780.9144066231144 -1011.7822892202682 30.651563 104.054858 50
250 -787.4326516326206 -1018.1010337368303 30.651506 104.05479 50
251 -816.2864931733202 -1058.3423322808492 30.651143 104.054489 50
252 -758.3427786055158 -345.16139779037286 30.657576 104.055093 50
253 -904.303577610232 -233.95393191859293 30.658579 104.05357 50
254 -693.3375779754051 13.478050538598797 30.660811 104.055771 50
255 -650.4039165181812 -35.19377054833052 30.660372 104.056219 50
256 -634.3036697164098 -53.04377776726978 30.660211 104.056387 50
257 -582.2649986386622 -110.58494593483168 30.659692 104.05693 50
258 -556.3890599714764 -136.30667673486903 30.65946 104.0572 50
259 -486.331090024157 -191.74188172745335 30.65896 104.057931 50
260 -871.5825685637261 242.97880233740634 30.662881 104.053911 50
261 -866.5020351280187 256.50376249165504 30.663003 104.053964 50
262 -833.8160964173975 321.3564440210464 30.663588 104.054305 50
263 -831.1321306714718 327.8971949100245 30.663647 104.054333 50
264 -829.9814614118294 335.87929274235046 30.663719 104.054345 50
265 -829.5016576605597 343.8614424454539 30.663791 104.05435 50
266 -825.760051119064 395.1910518344314 30.664254 104.054389 50
267 -823.4575664892269 426.45444304770956 30.664536 104.054413 50
268 -819.4274530999538 491.6420041661381 30.665124 104.054455 50
269 -819.8106803988663 493.1941255163103 30.665138 104.054451 50
270 -822.0146457492293 496.7419328239001 30.66517 104.054428 50
271 -826.6144318786113 501.39856154098806 30.665212 104.05438 50
272 -834.4726290926476 506.2771717386199 30.665256 104.054298 50
273 -854.2141909819361 515.1478181619112 30.665336 104.054092 50
274 -867.4391168124195 520.9137894514397 30.665388 104.053954 50
275 -875.3930993142848 526.0141648269635 30.665434 104.053871 50
276 -880.5677118336242 532.5555469951547 30.665493 104.053817 50
277 -882.867330520891 537.9880582527676 30.665542 104.053793 50
278 -883.921080056863 543.42046769713 30.665591 104.053782 50
279 -884.3039228603772 549.5180045822185 30.665646 104.053778 50
280 -886.696093862996 594.7506069676257 30.666054 104.053753 50
281 -891.0025600755793 668.8079464278829 30.666722 104.053708 50
282 -895.6912979497878 754.9494774599502 30.667499 104.053659 50
283 901.0822045057906 -1312.6563648140707 30.648849 104.072406 50
284 900.700806104017 -1336.7137643424155 30.648632 104.072402 50
285 900.7021685974393 -1353.0106902150505 30.648485 104.072402 50
286 901.8588611885124 -1430.171543977576 30.647789 104.072414 50
287 902.7223970529049 -1440.3709069896586 30.647697 104.072423 50
288 68.41166317735005 -1235.2002906401922 30.649548 104.063719 50
289 68.31570387247797 -1218.2381818211406 30.649701 104.063718 50
290 68.12385347185605 -1194.9568557039167 30.649911 104.063716 50
291 67.35588270885121 -1009.4822586836012 30.651584 104.063708 50
292 55.46858745609625 -634.9853433023789 30.654962 104.063584 50
293 69.27490983719304 -1325.5539983977646 30.648733 104.063728 50
294 54.030612283007486 -579.3318448528667 30.655464 104.063569 50
295 53.93449323474091 -524.7869709266456 30.655956 104.063568 50
296 50.86688586355333 -407.49331904180326 30.657014 104.063536 50
297 50.38753535550298 -379.9991508618308 30.657262 104.063531 50
298 48.56595043871616 -258.8252422720284 30.658355 104.063512 50
299 49.620158619953344 -244.6346950716695 30.658483 104.063523 50
300 52.207862240882775 -233.2157305497757 30.658586 104.06355 50
301 54.316373043748044 -227.00735763613744 30.658642 104.063572 50
302 57.76666928966929 -218.914295645889 30.658715 104.063608 50
303 63.80472565338915 -213.26021704644526 30.658766 104.063671 50
304 69.84279724662 -210.93204358575645 30.658787 104.063734 50
305 93.03668093629769 -207.2733687463791 30.65882 104.063976 50
306 147.20169784690705 -1228.2151039664373 30.649611 104.064541 50
307 204.90473250242883 -1245.287133313695 30.649457 104.065143 50
308 77.80583666933487 -1332.538337129431 30.64867 104.063817 50
309 77.51823178638821 -1325.9973959966296 30.648729 104.063814 50
310 77.03820956065155 -1219.7902114193962 30.649687 104.063809 50
311 77.42144865426826 -1196.5088813894242 30.649897 104.063813 50
312 77.80425691296193 -1113.8047288365121 30.650643 104.063817 50
313 76.74915322827702 -1009.0387418589839 30.651588 104.063806 50
314 68.79224519596534 -792.8549483269207 30.653538 104.063723 50
315 62.369529466929265 -635.2070326524602 30.65496 104.063656 50
316 -176.2974130478023 -1209.811332352349 30.649777 104.061166 50
317 -145.24161223134294 -1216.4636037122648 30.649717 104.06149 50
318 -54.182603302592156 -1213.5819967955513 30.649743 104.06244 50
319 11.571558371609854 -1213.6929903421524 30.649742 104.063126 50
320 29.783355028074624 -1214.5798630729562 30.649734 104.063316 50
321 48.95367435548323 -1216.3536083877225 30.649718 104.063516 50
322 59.018094892932254 -1217.3513290929845 30.649709 104.063621 50
323 49.81648204755899 -1247.3953730942865 30.649438 104.063525 50
324 36.77891858927407 -745.9598312083062 30.653961 104.063389 50
325 41.76370138721657 -931.3236204441023 30.652289 104.063441 50
326 46.94038990787236 -1124.226074451004 30.650549 104.063495 50
327 47.32385963848195 -1139.4143688811055 30.650412 104.063499 50
328 48.37845788096996 -1192.5179662644762 30.649933 104.06351 50
329 693.2740543901058 -1311.3413857823075 30.648861 104.070238 50
330 638.3504356588192 -1308.2406048447401 30.648889 104.069665 50
331 466.1991701837038 -1299.6020840339406 30.648967 104.067869 50
332 453.06736606370697 -1298.7157368965568 30.648975 104.067732 50
333 439.4562393058126 -1296.2773050254496 30.648997 104.06759 50
334 397.95189361389816 -1287.9641599047573 30.649072 104.067157 50
335 351.46320328274436 -1276.6577053422993 30.649174 104.066672 50
336 315.61421912917046 -1266.570241362264 30.649265 104.066298 50
337 266.7293519118182 -1252.9353580698125 30.649388 104.065788 50
338 208.45113435521432 -1239.3004385288727 30.649511 104.06518 50
339 96.49598659446582 -1208.8145718857004 30.649786 104.064012 50
340 29.879165073244906 -1199.6132952482312 30.649869 104.063317 50
341 265.2918136946632 -1262.6913776579004 30.6493 104.065773 50
342 340.4404245090621 -1283.4207300018154 30.649113 104.066557 50
343 393.44709891367995 -1295.0595862348605 30.649008 104.06711 50
344 436.19758038572314 -1304.1487423716394 30.648926 104.067556 50
345 452.9718586997652 -1306.919636098532 30.648901 104.067731 50
346 465.91197762981153 -1308.027718531966 30.648891 104.067866 50
347 638.5425872640762 -1315.7793078549016 30.648821 104.069667 50
348 692.9870462457224 -1319.877889638264 30.648784 104.070235 50
349 143.46338645514203 -1221.0090294724978 30.649676 104.064502 50
350 58.53870686394825 -1193.40482355548 30.649925 104.063616 50
351 -4.723194850797768 -1190.8551219055544 30.649948 104.062956 50
352 -70.38138662133376 -1193.9590699979026 30.64992 104.062271 50
353 -148.40443465935752 -1196.1755467645933 30.6499 104.061457 50
354 -183.67786431192997 -1203.0485377287378 30.649838 104.061089 50
355 261.36159723731834 -1250.9399474616703 30.649406 104.065732 50
356 211.03898463277335 -1231.7616729198608 30.649579 104.065207 50
357 161.96268452557723 -1216.7959556085816 30.649714 104.064695 50
358 116.62476304303819 -1205.1558784242175 30.649819 104.064222 50
359 -34.43713774647422 -1198.9481008489483 30.649875 104.062646 50
360 -101.34145722697815 -1202.162719559405 30.649846 104.061948 50
361 56.81241225105856 -1009.4823194667116 30.651584 104.063598 50
362 271.98562789358937 -635.9798233977397 30.654953 104.065843 50
363 288.9504956017252 -637.9749255059106 30.654935 104.06602 50
364 299.20612780567717 -640.302780040551 30.654914 104.066127 50
365 311.4746460473706 -646.289063970911 30.65486 104.066255 50
366 -439.27343086510524 -215.91217331422237 30.658742 104.058422 50
367 -440.13558896837037 -205.49095793460953 30.658836 104.058413 50
368 -445.3045781883665 -48.06438818907689 30.660256 104.058359 50
369 -445.3997728023908 -32.43261027890484 30.660397 104.058358 50
370 -444.7279560814278 -9.92731747139699 30.6606 104.058365 50
371 -445.6857266324521 5.4827696234390935 30.660739 104.058355 50
372 27.57633579933133 -264.14676980544334 30.658307 104.063293 50
373 28.247318912043927 -295.1885783422434 30.658027 104.0633 50
374 33.90308940247022 -616.4712192056854 30.655129 104.063359 50
375 61.31388797190368 -401.3957672418968 30.657069 104.063645 50
376 59.30066339118271 -311.70712917215354 30.657878 104.063624 50
377 59.2045425573357 -261.2641884819352 30.658333 104.063623 50
378 -62.42238244208568 -617.5797272121428 30.655119 104.062354 50
379 -111.11224356574834 -614.5860188952012 30.655146 104.061846 50
380 -150.02578314251576 -612.811730178097 30.655162 104.06144 50
381 -522.8048638460205 -1296.938762093752 30.648991 104.057551 50
382 -478.3257691109186 -1215.1235990920675 30.649729 104.058015 50
383 -210.71325845121876 -1473.2222527476697 30.647401 104.060807 50
384 -426.0928070556588 -1370.334622372514 30.648329 104.05856 50
385 -522.422594414641 -1320.4418315220869 30.648779 104.057555 50
386 632.9999198835166 29.660428190188448 30.660957 104.06961 50
387 229.79925319727005 18.003591184632022 30.660852 104.065403 50
388 -182.02788684262578 10.02049462910599 30.66078 104.061106 50
389 170.09047430796292 23.87825619517983 30.660905 104.06478 50
390 76.83764290989916 22.546823132199385 30.660893 104.063807 50
391 -11.719024761674804 20.66187323744741 30.660876 104.062883 50
392 -108.90136672672709 19.66464464462468 30.660867 104.061869 50
393 -127.01523630260891 19.55397941561826 30.660866 104.06168 50
394 203.92260317191204 1.7061130843411974 30.660705 104.065133 50
395 381.32358324533163 7.808434780296583 30.66076 104.066984 50
396 517.6088090440226 12.35953312623319 30.660801 104.068406 50
397 -463.70024517217183 87.52263764267784 30.661479 104.058167 50
398 -453.1779888245516 -391.07609229641594 30.657162 104.058277 50
399 -452.50773602131596 -406.70788663786726 30.657021 104.058284 50
400 -450.20836564703376 -428.10465528112417 30.656828 104.058308 50
401 -446.56675972456037 -439.85634684948275 30.656722 104.058346 50
402 -441.58327820624294 -450.6103198648502 30.656625 104.058398 50
403 -438.8040422077117 -457.0405211830992 30.656567 104.058427 50
404 -428.7407691157322 -467.905557369952 30.656469 104.058532 50
405 -417.91072855352184 -479.1032045022733 30.656368 104.058645 50
406 1203.3319140813421 -696.3366607806893 30.654408 104.07556 50
407 1500.4854596331859 -209.49736669332395 30.658799 104.078661 50
408 -449.9910247099824 185.7472697871762 30.662365 104.05831 50
409 -386.2579871432977 186.85343181758458 30.662375 104.058975 50
410 -368.5277451059917 187.18540145557938 30.662378 104.05916 50
411 -795.245751573335 -387.17603828982607 30.657197 104.054708 50
412 -717.328417415575 -447.1587110949408 30.656656 104.055521 50
413 1500.3965234175653 428.7447644737461 30.664556 104.078661 50
414 1446.7238655585584 458.3380327440138 30.664823 104.078101 50
415 1283.215479585379 550.8885197382809 30.665658 104.076395 50
416 1275.1647173115066 555.5438402603758 30.6657 104.076311 50
417 1417.9754300515044 1166.4211486391891 30.67121 104.077802 50
418 1500.2998612916322 1122.3085020845192 30.670812 104.078661 50
419 648.8981825290412 216.46665918999093 30.662642 104.069776 50
420 654.8402096396436 216.1344278519817 30.662639 104.069838 50
421 706.7847719783995 217.35721261603956 30.66265 104.07038 50
422 718.8605363903766 216.24937516366333 30.66264 104.070506 50
423 747.9956308461318 214.92099539596836 30.662628 104.07081 50
424 773.4889280075372 212.59465908748598 30.662607 104.071076 50
425 807.2247202434 205.72358685992756 30.662545 104.071428 50
426 846.999204678341 188.76449867984348 30.662392 104.071843 50
427 863.0050130459465 180.22926621204815 30.662315 104.07201 50
428 936.7087568794004 140.6570929807424 30.661958 104.072779 50
429 1002.7453899624952 106.07357469228916 30.661646 104.073468 50
430 1069.7410795030637 69.16242132015329 30.661313 104.074167 50
431 1108.8463759144895 44.66550817187504 30.661092 104.074575 50
432 1500.4345591373537 155.79834710407061 30.662094 104.078661 50
433 -1287.8187085377203 967.515110304274 30.669416 104.049567 50
434 -1302.1071104285318 889.6904453901869 30.668714 104.049418 50
435 -1315.340804841829 817.9631865211312 30.668067 104.04928 50
436 -1316.3956643569566 812.3092628182936 30.668016 104.049269 50
437 -1326.8506452799097 738.2535472442551 30.667348 104.04916 50
438 -1339.6054470712195 667.0805928087356 30.666706 104.049027 50
439 -1355.8065838227317 626.9499426465843 30.666344 104.048858 50
440 -1385.6196958532632 561.8767205503256 30.665757 104.048547 50
441 -1430.7712376113557 464.765997148149 30.664881 104.048076 50
442 -1480.813164605963 354.1307750423262 30.663883 104.047554 50
443 -903.9218440208424 888.0975618205024 30.6687 104.053573 50
444 -589.0145671029464 898.2751986391772 30.668792 104.056859 50
445 -528.0638167588288 921.1099777285149 30.668998 104.057495 50
446 -496.9168874578731 950.3765369400062 30.669262 104.05782 50
447 1500.4827563932497 -190.0962332986862 30.658974 104.078661 50
448 1314.9688057547426 -493.2215656823251 30.65624 104.076725 50
449 1257.0893815085487 -587.7951016686632 30.655387 104.076121 50
450 1223.8370126024668 -642.2329384078446 30.654896 104.075774 50
451 1193.5550098914196 -691.681479962317 30.65445 104.075458 50
452 1215.977152157093 -638.2427408812005 30.654932 104.075692 50
453 1206.298227585448 -652.2126369973408 30.654806 104.075591 50
454 1120.2425301960723 -791.6882662020325 30.653548 104.074693 50
455 1096.5730802972882 -840.3597900028727 30.653109 104.074446 50
456 1070.6024535578094 -883.0448576609781 30.652724 104.074175 50
457 1035.1436900263336 -937.3714445409164 30.652234 104.073805 50
458 1029.393581680786 -946.1302126530784 30.652155 104.073745 50
459 1009.2682067028223 -977.6173522547208 30.651871 104.073535 50
460 971.7963437852425 -1036.0458608830875 30.651344 104.073144 50
461 934.8990231869325 -1092.7003686946161 30.650833 104.072759 50
462 921.9611072667241 -1114.874180092517 30.650633 104.072624 50
463 913.8155026562326 -1134.9411636433629 30.650452 104.072539 50
464 909.5994133680967 -1150.9058608078726 30.650308 104.072495 50
465 905.3840196977611 -1175.2961795788058 30.650088 104.072451 50
466 903.7562698134489 -1195.8060577296937 30.649903 104.072434 50
467 902.416588483932 -1222.5242647654336 30.649662 104.07242 50
468 -1134.6335215128852 -1330.1507156558796 30.648691 104.051168 50
469 -1154.7637522681264 -1341.2349203790116 30.648591 104.050958 50
470 -1184.7674581890099 -1357.750314239919 30.648442 104.050645 50
471 -1265.3848823181345 -1401.9756550488476 30.648043 104.049804 50
472 849.3025335158775 -1067.0979945522422 30.651064 104.071866 50
473 831.090542528296 -1061.3345141356222 30.651116 104.071676 50
474 812.974262196267 -1053.4645893828613 30.651187 104.071487 50
475 800.0341005096383 -1048.1441110302787 30.651235 104.071352 50
476 789.9695012031875 -1043.488587474546 30.651277 104.071247 50
477 775.5913496574319 -1034.5096898786082 30.651358 104.071097 50
478 725.1717440793897 -996.9304786633148 30.651697 104.070571 50
479 710.1226011036086 -985.5125412761205 30.6518 104.070414 50
480 697.0863564577786 -974.537906570328 30.651899 104.070278 50
481 689.6096758597869 -967.886577899473 30.651959 104.0702 50
482 634.4933939804474 -918.6665700414222 30.652403 104.069625 50
483 616.472870134155 -902.4815442190683 30.652549 104.069437 50
484 598.1648422162621 -886.0747768210476 30.652697 104.069246 50
485 553.1139353145884 -846.1663187953363 30.653057 104.068776 50
486 494.26070680016903 -794.174187925771 30.653526 104.068162 50
487 470.10606542902417 -771.4482458025668 30.653731 104.06791 50
488 446.5266288192215 -749.1656790839523 30.653932 104.067664 50
489 307.92894362416894 -667.9075581059182 30.654665 104.066218 50
490 -1228.391742194336 -615.846893822757 30.655134 104.050189 50
491 -1198.9681105847092 -626.271384208829 30.65504 104.050496 50
492 -1161.3980626874916 -642.1289897897632 30.654897 104.050888 50
493 -1127.4702838986404 -659.981627110111 30.654736 104.051242 50
494 -1103.4144518253522 -676.281060433467 30.654589 104.051493 50
495 -1077.2503029782283 -696.4608747972113 30.654407 104.051766 50
496 -1058.3701760634676 -713.9791866137608 30.654249 104.051963 50
497 -1017.4474854318523 -756.5547292702792 30.653865 104.05239 50
498 -922.8563001916882 -876.5175848787243 30.652783 104.053377 50
499 -904.6470500868102 -900.0221948555602 30.652571 104.053567 50
500 -872.6362956997403 -933.7273431404062 30.652267 104.053901 50
501 -778.8068021696255 -1026.8598769156588 30.651427 104.05488 50
502 -494.4007023825876 1484.7401150419605 30.674082 104.057846 50
503 -503.31242420461876 1489.8402663172565 30.674128 104.057753 50
504 -892.1894717852563 223.57934470510963 30.662706 104.053696 50
505 -868.2318922673351 197.4135568987029 30.66247 104.053946 50
506 -684.6165319859078 6.382218747254786 30.660747 104.055862 50
507 -678.0038454365645 1.2820723603027027 30.660701 104.055931 50
508 -662.1905875992747 -6.257639964695219 30.660633 104.056096 50
509 -643.5978163588834 -12.023677081845296 30.660581 104.05629 50
510 -619.6377367185864 -14.353219118739418 30.66056 104.05654 50
511 -902.7345141818765 190.43198221351534 30.662407 104.053586 50
512 -928.1390204680545 107.39724967236032 30.661658 104.053321 50
513 -945.874757431559 46.20205070120548 30.661106 104.053136 50
514 -469.3314467451916 623.3271724991165 30.666312 104.058108 50
515 -472.1068316045262 710.7987953854899 30.667101 104.058079 50
516 -468.272996655963 721.3306852673726 30.667196 104.058119 50
517 -467.2172216379404 758.1374092548003 30.667528 104.05813 50
518 -472.19212315055756 951.1514708357539 30.669269 104.058078 50
519 -576.9877690583747 0.16754932497577357 30.660691 104.056985 50
520 -597.2102033515406 -0.49653002456986783 30.660685 104.056774 50
521 -618.4868693690313 -0.8279199427789763 30.660682 104.056552 50
522 -635.0671761029339 1.6120454704511396 30.660704 104.056379 50
523 -651.7431751224594 6.3801789128582875 30.660747 104.056205 50
524 -664.585540286803 11.037237273557329 30.660789 104.056071 50
525 -675.7985135599888 17.135436101131518 30.660844 104.055954 50
526 -712.3118220843439 46.73838581862133 30.661111 104.055573 50
527 -859.5097388616599 207.50145229094716 30.662561 104.054037 50
528 -1500.1315434578528 -728.8932872407453 30.654114 104.047354 50
529 -1461.409276726499 -729.009475249394 30.654113 104.047758 50
530 -1424.3154445372625 -721.8083151383117 30.654178 104.048145 50
531 -1356.6439637244425 -694.9880756088311 30.65442 104.048851 50
532 -1331.5304369057405 -681.7984481692905 30.654539 104.049113 50
533 -1308.717130632709 -667.2781200475885 30.65467 104.049351 50
534 -1287.9162525530123 -649.3207327287072 30.654832 104.049568 50
535 -1268.552760614523 -628.1480924773882 30.655023 104.04977 50
536 -445.702483130782 -399.39117356970416 30.657087 104.058355 50
537 -446.5643555328649 -381.87469048092737 30.657245 104.058346 50
538 -447.9970830665331 -263.2505772787844 30.658315 104.058331 50
539 -456.03308054738204 86.74626455154421 30.661472 104.058247 50
540 -460.7218439458164 259.5829382089748 30.663031 104.058198 50
541 -461.007417823843 304.9262015960568 30.66344 104.058195 50
542 -465.12144645139153 467.11998722254873 30.664903 104.058152 50
543 -465.2171824431067 469.44812954592567 30.664924 104.058151 50
544 -468.1830298155135 586.4094957230412 30.665979 104.05812 50
545 -2.0389057114906564 1193.2676888717474 30.671453 104.062984 50
546 2.9443224135982717 968.1032784344882 30.669422 104.063036 50
547 7.06518747663732 840.9425137712919 30.668275 104.063079 50
548 9.365238336578997 780.5217579920869 30.66773 104.063103 50
549 13.486338816823832 583.2951409601549 30.665951 104.063146 50
550 14.253166511737554 475.0921390860793 30.664975 104.063154 50
551 14.444863646904928 457.13221624564596 30.664813 104.063156 50
552 -10.185219699499186 397.04407684274315 30.664271 104.062899 50
553 -27.43600520635001 362.8980844087997 30.663963 104.062719 50
554 -69.22156424827283 300.48200758365886 30.6634 104.062283 50
555 -87.81438918638827 271.21412761888087 30.663136 104.062089 50
556 -94.71484479850238 260.34954427284515 30.663038 104.062017 50
557 -115.12885251839472 220.88227014999285 30.662682 104.061804 50
558 -120.49596449793341 208.3547325444037 30.662569 104.061748 50
559 -123.85048261492085 194.71853767977214 30.662446 104.061713 50
560 -126.246642562652 178.97592293995802 30.662304 104.061688 50
561 -126.63080883477299 110.12958617192639 30.661683 104.061684 50
562 -128.64383335660375 77.53569229872366 30.661389 104.061663 50
563 -127.7816754097421 43.611401876358265 30.661083 104.061672 50
564 -127.3026557923471 28.201347900337005 30.660944 104.061677 50
565 -435.2855468370907 -1144.0619418560923 30.65037 104.058464 50
566 -271.0861010832224 -873.6712636233281 30.652809 104.060177 50
567 -850.508765980295 -1106.0109817808652 30.650713 104.054132 50
568 -344.22125900911453 -959.2558032767505 30.652037 104.059414 50
569 -387.06840277572934 -1029.209215032281 30.651406 104.058967 50
570 -448.60821651124445 -1129.4274164838284 30.650502 104.058325 50
571 -460.7821167339523 -1149.2714643598379 30.650323 104.058198 50
572 -469.1216777912107 -1161.3552227202122 30.650214 104.058111 50
573 -479.66601263014786 -1177.4299613077244 30.650069 104.058001 50
574 -497.3040250414873 -1207.4731605085756 30.649798 104.057817 50
575 -499.31707082227314 -1211.0206981855001 30.649766 104.057796 50
576 -504.30181716662594 -1220.9981775075914 30.649676 104.057744 50
577 -158.84424191593848 -654.052845508003 30.65479 104.061348 50
578 -802.196601415414 -1059.4520259178155 30.651133 104.054636 50
579 -771.9050146085726 -1018.5456118792746 30.651502 104.054952 50
580 -720.0447160620481 -935.5124428747259 30.652251 104.055493 50
581 -627.5427264901747 -804.4775540023961 30.653433 104.056458 50
582 -588.4324500728212 -725.2123360558422 30.654148 104.056866 50
583 -528.8095631958612 -604.4850246534548 30.655237 104.057488 50
584 -472.73473696521364 -494.17838369121233 30.656232 104.058073 50
585 -252.39487278959535 -840.9669800154524 30.653104 104.060372 50
586 -247.21885453203305 -831.6545642691527 30.653188 104.060426 50
587 -240.12580728499185 -818.9054195855235 30.653303 104.0605 50
588 -171.39945259075301 -610.705003624399 30.655181 104.061217 50
589 -185.58464945377747 -608.4874973665474 30.655201 104.061069 50
590 -197.18197836657362 -605.3831116541379 30.655229 104.060948 50
591 -212.6130901962696 -599.5070494689186 30.655282 104.060787 50
592 -234.46579444466576 -590.1940568739802 30.655366 104.060559 50
593 -258.81040413603955 -578.7745525399989 30.655469 104.060305 50
594 -278.4585296083202 -567.7985697061947 30.655568 104.0601 50
595 -294.17699872941927 -558.9290666544043 30.655648 104.059936 50
596 -312.1956666951656 -547.6204756479141 30.65575 104.059748 50
597 -342.0988244693623 -526.3337621031679 30.655942 104.059436 50
598 -404.3964611977007 -475.88867673667403 30.656397 104.058786 50
599 -423.0855534784341 -458.59324034201245 30.656553 104.058591 50
600 -429.89024870444496 -451.38683807666285 30.656618 104.05852 50
601 -434.39462175836945 -443.1827522319782 30.656692 104.058473 50
602 -856.6438737239581 -1114.4361199133405 30.650637 104.054068 50
603 -892.8793576806687 -1161.8827437399189 30.650209 104.05369 50
604 -933.812009572181 -1210.7700612375543 30.649768 104.053263 50
605 -959.2146271081829 -1232.8296574664819 30.649569 104.052998 50
606 -1021.0421371293456 -1266.083010285965 30.649269 104.052353 50
607 -1085.075000316116 -1302.9942784674477 30.648936 104.051685 50
608 -1122.8429836171545 -1323.7218715876077 30.648749 104.051291 50
609 -278.56217405379516 -869.3473957096485 30.652848 104.060099 50
610 -442.28249166794444 -1139.8488447711225 30.650408 104.058391 50
611 103.46856955198774 1348.5884325032916 30.672854 104.064085 50
612 -323.8721582801224 6.80878069518727 30.660751 104.059626 50
613 -393.1649791165539 6.7002240949019125 30.66075 104.058903 50
614 -430.73455987279067 5.925615796808831 30.660743 104.058511 50
615 915.749821678814 -1338.4863103078033 30.648616 104.072559 50
616 915.8435726602239 -1313.7637540882483 30.648839 104.07256 50
617 918.3265691859028 -1206.225990834585 30.649809 104.072586 50
618 924.743917181386 -1151.4588883876618 30.650303 104.072653 50
619 933.2727347097481 -1129.2854577963672 30.650503 104.072742 50
620 1074.2466685733973 -902.7782001126144 30.652546 104.074213 50
621 1109.3216706292196 -847.8972037328463 30.653041 104.074579 50
622 1116.8924556958018 -836.0340244302532 30.653148 104.074658 50
623 1143.8227705228544 -807.5392719434918 30.653405 104.074939 50
624 1233.9039138299408 -668.6173146535973 30.654658 104.075879 50
625 -392.5904644773074 -7.822935186612831 30.660619 104.058909 50
626 -336.044430668828 -9.376939392968438 30.660605 104.059499 50
627 -213.4639898970904 -8.493157873284702 30.660613 104.060778 50
628 -143.88352393121463 -6.387903049669841 30.660632 104.061504 50
629 -125.67376585903449 -5.944676367640568 30.660636 104.061694 50
630 -181.4529960789722 0.929665447646947 30.660698 104.061112 50
631 229.99112853821092 8.912775701079935 30.66077 104.065405 50
632 633.0962296687352 21.67825065901483 30.660885 104.069611 50
633 822.4770458032141 1277.6664847825987 30.672214 104.071588 50
634 665.9825611326158 1360.360101411447 30.67296 104.069955 50
635 -1113.0682595111966 -1345.3412578401374 30.648554 104.051393 50
636 -1081.4375412921822 -1352.1071504732874 30.648493 104.051723 50
637 -677.0397238690426 -1432.6270193951034 30.647767 104.055942 50
638 -649.2429783678994 -1445.3780250943971 30.647652 104.056232 50
639 -629.881378921609 -1459.5696932836827 30.647524 104.056434 50
640 -605.151912193355 -1473.7616293363992 30.647396 104.056692 50
641 501.53649631585336 1448.8205497644758 30.673758 104.068239 50
642 419.697718123599 1494.8255567672134 30.674173 104.067385 50
643 -476.5929813374596 1118.8886083255043 30.670782 104.058032 50
644 -464.9974033502539 1120.1076033465024 30.670793 104.058153 50
645 -456.5642479683458 1121.215880670276 30.670803 104.058241 50
646 -450.62255012717947 1125.7610470905022 30.670844 104.058303 50
647 -446.11829461807724 1130.8605954018635 30.67089 104.05835 50
648 -441.6139387624065 1138.5100135976252 30.670959 104.058397 50
649 -434.5217841811369 1155.5827542941831 30.671113 104.058471 50
650 -366.95592309493094 1313.5612107827924 30.672538 104.059176 50
651 -335.9051884481878 1381.5197412939506 30.673151 104.0595 50
652 -1499.977609690799 376.1953056060129 30.664082 104.047354 50
653 -1457.8132379954905 346.03458607115675 30.66381 104.047794 50
654 -1411.8135426204244 327.8468091654004 30.663646 104.048274 50
655 -1369.45545076887 310.3248739657473 30.663488 104.048716 50
656 -1348.563839535272 301.7857324069994 30.663411 104.048934 50
657 -1325.4678770860653 293.57895100903033 30.663337 104.049175 50
658 -1298.9215702584022 286.4804394434016 30.663273 104.049452 50
659 -1272.9499958276633 281.5993352289828 30.663229 104.049723 50
660 -1245.3490187949808 277.82674206826624 30.663195 104.050011 50
661 -1219.664637842017 275.384800927044 30.663173 104.050279 50
662 -1181.1375824059094 275.93482442404127 30.663178 104.050681 50
663 -1165.22834223659 276.70913694612534 30.663185 104.050847 50
664 -1133.3139954737323 278.590413501787 30.663202 104.05118 50
665 -1062.5848184309252 284.0155226658263 30.663251 104.051918 50
666 -1048.3049454409038 283.79239559500195 30.663249 104.052067 50
667 -1032.0125541876316 282.6821848292729 30.663239 104.052237 50
668 -1019.7454286707145 280.9071969949787 30.663223 104.052365 50
669 -997.5113663333528 276.47056655023295 30.663183 104.052597 50
670 -971.060629309273 269.48373600713495 30.66312 104.052873 50
671 -952.1811315844838 262.05418258580215 30.663053 104.05307 50
672 -938.8602300023406 254.7360092565254 30.662987 104.053209 50
673 -914.5184332220165 240.8759531772398 30.662862 104.053463 50
674 1500.4774116606127 -151.73741944435946 30.65932 104.078661 50
675 1275.5217769856613 -31.590231860682998 30.660404 104.076314 50
676 1252.8060476488524 -19.508760989795817 30.660513 104.076077 50
677 1178.045763907853 20.393715425477584 30.660873 104.075297 50
678 1156.1929485773896 31.25598516625525 30.660971 104.075069 50
679 1130.9859040479469 40.78758269510313 30.661057 104.074806 50
680 1118.430525952167 43.557862774686896 30.661082 104.074675 50
681 981.1871824251472 42.99016434718476 30.661077 104.073243 50
682 856.5950174958857 39.09930434925453 30.661042 104.071943 50
683 779.4439536175473 32.77421499231316 30.660985 104.071138 50
684 1500.3294211584966 910.2260424644791 30.668899 104.078661 50
685 1484.7075382548992 918.6495252163317 30.668975 104.078498 50
686 1470.8684500527197 504.12802271153413 30.665236 104.078353 50
687 1500.3782152291142 560.1182798332067 30.665741 104.078661 50
688 1500.3607252884674 685.6160398854292 30.666873 104.078661 50
689 1384.5845205410042 747.4625090179296 30.667431 104.077453 50
690 1472.4425618188436 907.0071428354936 30.66887 104.07837 50
691 1223.1896294323772 837.9078038289374 30.668247 104.075769 50
692 1062.8521102708376 923.2558985595253 30.669017 104.074096 50
693 813.661866476839 1262.8100597651082 30.67208 104.071496 50
694 721.8675717933843 1108.1484681538082 30.670685 104.070538 50
695 660.0627910641639 1008.0344787936584 30.669782 104.069893 50
696 652.7711587229987 1146.8355317508192 30.671034 104.069817 50
697 568.1502592261967 1194.8347723506245 30.671467 104.068934 50
698 539.7837678928701 1210.3542497425335 30.671607 104.068638 50
699 499.82198948494045 1224.9863469669724 30.671739 104.068221 50
700 898.6836955041946 1010.6016186921416 30.669805 104.072383 50
701 732.5052071971616 1102.1625403111134 30.670631 104.070649 50
702 826.3118719035795 1256.1591925549578 30.67202 104.071628 50
703 989.6135128102336 1168.4796689098519 30.671229 104.073332 50
704 1154.068036545423 1078.4746156127517 30.670417 104.075048 50
705 1312.3913215855673 994.5688450313431 30.66966 104.0767 50
706 799.7973131343883 849.2869994301589 30.66835 104.071351 50
707 1029.233410169133 729.5736120337974 30.66727 104.073745 50
708 1039.7756919197982 724.2531642763763 30.667222 104.073855 50
709 1130.535628606813 678.0321235458705 30.666805 104.074802 50
710 1134.4640923854672 685.238680889406 30.66687 104.074843 50
711 1089.7167746743633 611.5096647675934 30.666205 104.074376 50
712 1032.130141172092 503.19011951028534 30.665228 104.073775 50
713 992.172772201406 434.2291274355419 30.664606 104.073358 50
714 987.8608042246674 426.6899981695404 30.664538 104.073313 50
715 944.0698996794357 351.63133706885696 30.663861 104.072856 50
716 906.0277298821412 287.8814409576912 30.663286 104.072459 50
717 1205.0994020597811 639.0161695462315 30.666453 104.07558 50
718 1294.4233012606255 592.2420361494452 30.666031 104.076512 50
719 1302.5698397021747 587.9193326060758 30.665992 104.076597 50
720 804.3967510841705 856.7152154538678 30.668417 104.071399 50
721 675.7844846228751 923.8898305883677 30.669023 104.070057 50
722 668.1175455864843 929.3216779795459 30.669072 104.069977 50
723 663.1337788144828 937.081835470997 30.669142 104.069925 50
724 660.6414626711796 948.0571980169359 30.669241 104.069899 50
725 660.3532176368414 960.2521980308861 30.669351 104.069896 50
726 662.077610816811 969.7865906314655 30.669437 104.069914 50
727 665.3350187667238 984.0882217126081 30.669566 104.069948 50
728 673.8629413359341 1002.0486881623507 30.669728 104.070037 50
729 165.88000549366316 -399.06652880412094 30.65709 104.064736 50
730 240.73445294659848 -401.28238736868946 30.65707 104.065517 50
731 285.3020966013122 -402.6116618935429 30.657058 104.065982 50
732 332.5533757275307 -403.38635147967574 30.657051 104.066475 50
733 466.2564572907389 -408.7028447165327 30.657003 104.06787 50
734 270.83801338641973 -737.0874053256707 30.654041 104.065831 50
735 297.1946984057329 -689.0827970233646 30.654474 104.066106 50
736 493.37715760312415 -337.52720909931804 30.657645 104.068153 50
737 517.3351610667445 -276.4402389567938 30.658196 104.068403 50
738 524.1371852523163 -218.01478582987065 30.658723 104.068474 50
739 523.6569637143605 -197.28331236496456 30.65891 104.068469 50
740 520.5841779090107 -76.77469520913489 30.659997 104.068437 50
741 516.6494930867241 31.31717202775407 30.660972 104.068396 50
742 507.3451530810142 197.16877846966008 30.662468 104.068299 50
743 501.8770957597996 309.4734405604902 30.663481 104.068242 50
744 495.5464662186046 425.1039946106023 30.664524 104.068176 50
745 489.40647000041866 566.5658300317243 30.6658 104.068112 50
746 485.7489505655175 915.8973873983941 30.668951 104.068074 50
747 487.1838253665409 973.6574898022809 30.669472 104.068089 50
748 493.1204625206663 1081.7499731293894 30.670447 104.068151 50
749 498.29102668601604 1174.9866867357725 30.671288 104.068205 50
750 502.5981662562906 1286.8485004441616 30.672297 104.06825 50
751 506.42660142106286 1387.5130601410574 30.673205 104.06829 50
752 504.22169133496857 1405.8054942000617 30.67337 104.068267 50
753 495.596262087063 1425.0954065257843 30.673544 104.068177 50
754 478.4422308575315 1443.2763051900993 30.673708 104.067998 50
755 427.182814449223 1228.8634542971918 30.671774 104.067463 50
756 330.968817293423 1257.130346244609 30.672029 104.066459 50
757 287.078859488504 1257.9051334502649 30.672036 104.066001 50
758 233.3181982821215 1270.9857678288472 30.672154 104.06544 50
759 135.09228427376763 1330.2962467399495 30.672689 104.064415 50
760 95.70639110709214 1354.2424174140021 30.672905 104.064004 50
761 43.09628712053009 1392.1575185055467 30.673247 104.063455 50
762 1500.3319243216433 892.2661088189543 30.668737 104.078661 50
763 1321.1102685951637 1008.8713421484667 30.669789 104.076791 50
764 1163.3620401429494 1093.4422311752796 30.670552 104.075145 50
765 997.4703888129097 1181.5623259587428 30.671347 104.073414 50
766 834.839568117889 1270.793877811052 30.672152 104.071717 50
767 1085.3311135329031 1336.225885815952 30.672742 104.074331 50
768 1250.5496364348705 1253.7611041534067 30.671998 104.076055 50
769 1500.3242757291987 947.1436852299156 30.669232 104.078661 50
770 -825.779148431149 1395.5150154775417 30.673277 104.054388 50
771 -821.0828500991356 1404.8272209389766 30.673361 104.054437 50
772 -796.2594313888571 1457.5965582752024 30.673837 104.054696 50
773 -894.4125513025696 1150.9548548223922 30.671071 104.053672 50
774 -1316.7089242664788 1385.1426574272414 30.673183 104.049265 50
775 -1380.909339532038 1421.1814564579868 30.673508 104.048595 50
776 -880.0339153087738 1200.6206662402524 30.671519 104.053822 50
777 -877.4445877229755 1224.1235882342762 30.671731 104.053849 50
778 -872.1720594482424 1247.4045662322633 30.671941 104.053904 50
779 -850.2214489223959 1318.5774002981711 30.672583 104.054133 50
780 -651.2930363587664 -474.21362100625686 30.656412 104.05621 50
781 -265.04692669227336 -844.5143087126257 30.653072 104.06024 50
782 -149.8348202297565 -665.2501930937417 30.654689 104.061442 50
783 -144.56313145767302 -656.1594541370114 30.654771 104.061497 50
784 -139.00391635716127 -647.4013068518173 30.65485 104.061555 50
785 -133.157220343361 -642.6342480231829 30.654893 104.061616 50
786 -123.86006714343995 -638.6432710948798 30.654929 104.061713 50
787 -481.2935418505651 -1133.971407829168 30.650461 104.057984 50
788 -486.3734611205938 -1130.0909579678334 30.650496 104.057931 50
789 -520.3033714361447 -1103.7038644503718 30.650734 104.057577 50
790 -531.3258807122498 -1097.4949713769952 30.65079 104.057462 50
791 -546.0865901401764 -1092.17278591378 30.650838 104.057308 50
792 -568.7070779055427 -1087.958802808368 30.650876 104.057072 50
793 -625.3541924842527 -1079.5300376818127 30.650952 104.056481 50
794 -690.3399866341073 -1067.8854021051445 30.651057 104.055803 50
795 -718.9027398005774 -1058.571000430189 30.651141 104.055505 50
796 -741.3307253313569 -1044.711543881408 30.651266 104.055271 50
797 -531.9097857974546 -1275.7633970936663 30.649182 104.057456 50
798 -534.9773447914288 -1281.6390081190498 30.649129 104.057424 50
799 -552.1365619395227 -1314.4537230309445 30.648833 104.057245 50
800 -625.0881711325144 -1450.5900351723517 30.647605 104.056484 50
801 -642.1520248798506 -1482.5176969744557 30.647317 104.056306 50
802 759.1253520493261 -1321.092928647653 30.648773 104.070925 50
803 884.1175165928876 -1327.180882312096 30.648718 104.072229 50
804 909.9978381462594 -1328.7308148114473 30.648704 104.072499 50
805 932.5234610171402 -1331.8330643383297 30.648676 104.072734 50
806 1113.97528391054 -1359.4208210786383 30.648427 104.074627 50
807 1160.2729236961418 -1366.067739022772 30.648367 104.07511 50
808 1181.1693061758276 -1370.1674146827434 30.64833 104.075328 50
809 1237.4374516383896 -1391.6686031154245 30.648136 104.075915 50
810 1287.76314096142 -1415.0548874690544 30.647925 104.07644 50
811 1385.7334228361976 -1478.5674705697593 30.647352 104.077462 50
812 1271.427932807373 548.6698467019162 30.665638 104.076272 50
813 1279.2870004496042 544.2362281228335 30.665598 104.076354 50
814 1357.3029451001203 500.4546054564071 30.665203 104.077168 50
815 1442.2206560719442 450.0226494993678 30.664748 104.078054 50
816 1500.3978829874443 418.9887575313164 30.664468 104.078661 50
817 94.84731388902983 970.5426993665963 30.669444 104.063995 50
818 924.3314159828533 1420.3565311226453 30.673501 104.072651 50
819 949.1468860270759 1465.8128773209257 30.673911 104.07291 50
820 573.1452901316422 971.9987654385941 30.669457 104.068986 50
821 617.6112296476306 974.6619554063249 30.669481 104.06945 50
822 641.9521526575465 981.7586623783709 30.669545 104.069704 50
823 657.3806185115457 989.7417870392894 30.669617 104.069865 50
824 -949.4219641852466 33.56390587417121 30.660992 104.053099 50
825 -969.4594049066573 -41.82159155516994 30.660312 104.05289 50
826 -972.3355794625767 -52.24251481451215 30.660218 104.05286 50
827 -989.3048210807688 -110.44437977755413 30.659693 104.052683 50
828 -996.8786166108715 -135.27713505051045 30.659469 104.052604 50
829 -1006.65772897276 -169.86567732411436 30.659157 104.052502 50
830 -1016.7245783378803 -206.006272574916 30.658831 104.052397 50
831 -1021.4222317428475 -220.41809846697282 30.658701 104.052348 50
832 -1025.7361039827124 -230.39541394948407 30.658611 104.052303 50
833 -1066.3798939376989 -295.4684055674566 30.658024 104.051879 50
834 -1123.7034522332033 -383.82086511598754 30.657227 104.051281 50
835 -1159.3637939044988 -442.463922999713 30.656698 104.050909 50
836 -1239.5998302921134 -564.4049173404921 30.655598 104.050072 50
837 -1260.3064082254602 -597.6615825153198 30.655298 104.049856 50
838 -1300.4649724020799 -589.8963585370711 30.655368 104.049437 50
839 -1406.756125274491 -574.1403721650952 30.65551 104.048328 50
840 -1449.8859840223147 -568.3697462929629 30.655562 104.047878 50
841 -1500.108057904925 -560.2698271287192 30.655635 104.047354 50
842 1500.2749357544017 1301.131867708605 30.672425 104.078661 50
843 -491.75104448675734 751.1540844548746 30.667465 104.057874 50
844 -484.5654011024917 708.6929374049164 30.667082 104.057949 50
845 -482.55671419082915 623.1060295835646 30.66631 104.05797 50
846 -489.4401996912974 989.2893881134969 30.669613 104.057898 50
847 -487.1435794859464 915.3431314483024 30.668946 104.057922 50
848 -479.9561048476696 916.007991413446 30.668952 104.057997 50
849 -481.67780747420477 989.3999018623705 30.669614 104.057979 50
850 -93.1890594130739 -621.3488658039096 30.655085 104.062033 50
851 -112.35833228948994 -623.0116361831481 30.65507 104.061833 50
852 -122.90144469756976 -624.785337894029 30.655054 104.061723 50
853 -137.75768769735456 -629.8848815865173 30.655008 104.061568 50
854 -145.52132172482953 -635.7605477998335 30.654955 104.061487 50
855 -153.18916979849377 -645.2947069326148 30.654869 104.061407 50
856 -119.06261743322983 -174.79007123569622 30.659113 104.061763 50
857 -120.50034006420607 -182.66137252971964 30.659042 104.061748 50
858 -123.08814497350338 -187.982797151386 30.658994 104.061721 50
859 -128.16786849308264 -194.30196433277294 30.658937 104.061668 50
860 -135.83533938314145 -200.06677863003176 30.658885 104.061588 50
861 -144.17365271828868 -201.06444280447852 30.658876 104.061501 50
862 -147.91151928885236 -201.61871021127286 30.658871 104.061462 50
863 -210.40087634452738 -202.6154431428326 30.658862 104.06081 50
864 -1499.8230588760046 1485.3875472663615 30.674087 104.047354 50
865 -1396.7211045610625 1420.185721216716 30.673499 104.04843 50
866 -445.45489381611765 951.7046504683517 30.669274 104.058357 50
867 -255.99425706063641 961.2327656882896 30.66936 104.060334 50
868 -884.6393253285806 1132.8832437970414 30.670908 104.053774 50
869 -740.2282576746788 1049.3918922230018 30.670155 104.055281 50
870 -701.3219853238332 1029.7663933509482 30.669978 104.055687 50
871 -663.2778314467752 1013.799594269049 30.669834 104.056084 50
872 -521.8328684652398 958.9142280491415 30.669339 104.05756 50
873 -896.3597453047724 783.6632493556832 30.667758 104.053652 50
874 -892.9847509122046 1034.5477270159872 30.670021 104.053687 50
875 -906.4242609045683 760.271836479436 30.667547 104.053547 50
876 -904.7976083777986 730.2276191536371 30.667276 104.053564 50
877 -898.0043444159626 598.7426388753282 30.66609 104.053635 50
878 -895.0377322459722 547.1907530068892 30.665625 104.053666 50
879 -893.3138639266316 533.0000518382025 30.665497 104.053684 50
880 -891.0143503713085 526.3480373362648 30.665437 104.053708 50
881 -888.2354887292786 521.6915310018696 30.665395 104.053737 50
882 -884.7856714467181 518.2544713026195 30.665364 104.053773 50
883 -880.2816450871188 514.9281902206668 30.665334 104.05382 50
884 -857.7609504032632 504.8377732379643 30.665243 104.054055 50
885 -841.2776345757624 498.18464906976453 30.665183 104.054227 50
886 -834.9526958671768 494.8582449285567 30.665153 104.054293 50
887 -831.3111545444766 491.753778805768 30.665125 104.054331 50
888 -830.0654526833538 489.5364081674169 30.665105 104.054344 50
889 -829.5864672117615 486.9865055434945 30.665082 104.054349 50
890 -829.3956057343419 476.4544369160657 30.664987 104.054351 50
891 -835.1524263948771 390.9789551563812 30.664216 104.054291 50
892 -839.0859446950299 337.2103628016312 30.663731 104.05425 50
893 -840.1406270336137 331.2238050782509 30.663677 104.054239 50
894 -842.632852297331 325.5699510109067 30.663626 104.054213 50
895 -878.4815988983223 259.49805282323615 30.66303 104.053839 50
896 -895.0843143822029 1139.535936537439 30.670968 104.053665 50
897 -902.0873347874998 1051.399785045939 30.670173 104.053592 50
898 -906.499929326459 999.7376210070167 30.669707 104.053546 50
899 -913.8883936623438 888.874449643525 30.668707 104.053469 50
900 -913.793351345536 879.561883483788 30.668623 104.05347 50
901 -907.7632536045838 792.0898513961248 30.667834 104.053533 50
902 -1391.7369680053905 1428.499865965817 30.673574 104.048482 50
903 -1499.821513909428 1496.4739349498354 30.674187 104.047354 50
904 -1384.456062846822 1412.7562579845294 30.673432 104.048558 50
905 -1317.6687421405652 1372.6151584512618 30.67307 104.049255 50
906 -1213.7010035928336 1317.503599817121 30.672573 104.05034 50
907 -1499.9796329911692 361.6721600073637 30.663951 104.047354 50
908 -169.74010983495086 1289.3879762928427 30.67232 104.061234 50
909 -444.68020089859886 -1174.6598760327965 30.650094 104.058366 50
910 -424.45599937070654 -1184.8601311614157 30.650002 104.058577 50
911 -421.0054048615274 -1186.1906282103243 30.64999 104.058613 50
912 -402.79394320503 -1193.8409039151582 30.649921 104.058803 50
913 -381.8028071491725 -1202.710745752535 30.649841 104.059022 50
914 -360.1406165176456 -1209.8067536166657 30.649777 104.059248 50
915 -342.7915948364033 -1213.0223602333506 30.649748 104.059429 50
916 -324.7715516651468 -1214.575007210552 30.649734 104.059617 50
917 -304.2593217744286 -1214.6864697230908 30.649733 104.059831 50
918 -100.57470465634688 -1208.4819441777647 30.649789 104.061956 50
919 -280.8712816813829 -1204.7093934176298 30.649823 104.060075 50
920 -325.9214885980466 -1205.2624415783919 30.649818 104.059605 50
921 -344.2290597763033 -1203.3771930766352 30.649835 104.059414 50
922 -362.53654619667213 -1199.163780695122 30.649873 104.059223 50
923 -389.2786914888431 -1188.0765006963757 30.649973 104.058944 50
924 -406.43576412831766 -1179.761106821391 30.650048 104.058765 50
925 -414.295421365885 -1175.9914494150958 30.650082 104.058683 50
926 -437.2991993971318 -1163.3521043862543 30.650196 104.058443 50
927 -87.15549077888765 -1208.0386072861484 30.649793 104.062096 50
928 94.38737781492304 -1223.005113712281 30.649658 104.06399 50
929 132.34472458604338 -1231.208610206801 30.649584 104.064386 50
930 192.63576572654446 -1249.0567173034005 30.649423 104.065015 50
931 -475.06723648505147 -1224.6580010159355 30.649643 104.058049 50
932 -461.26363113704383 -1202.0424547284342 30.649847 104.058193 50
933 -421.1951872393644 -1137.07810329695 30.650433 104.058611 50
934 -318.3422274370189 -968.5691335071404 30.651953 104.059684 50
935 -503.92111768071754 -1278.8689197685367 30.649154 104.057748 50
936 76.84662023305958 -1235.7545510499133 30.649543 104.063807 50
937 -144.4582222252879 19.443335636652904 30.660865 104.061498 50
938 -150.87954073756194 19.44342369510887 30.660865 104.061431 50
939 -327.03464843090296 15.123650255751832 30.660826 104.059593 50
940 -125.09886272851354 -18.139684503622927 30.660526 104.0617 50
941 -121.74521678272912 -87.65122720787116 30.659899 104.061735 50
942 -119.15841066788748 -170.3555251880089 30.659153 104.061762 50
943 -112.06626541240445 -187.87205387386533 30.658995 104.061836 50
944 -105.64490484406824 -196.18689041320204 30.65892 104.061903 50
945 -98.55260899097536 -201.5084114480555 30.658872 104.061977 50
946 -84.27212672426054 -208.71466795326134 30.658807 104.062126 50
947 649.5259919097044 930.2074507579781 30.66908 104.069783 50
948 50.87121202285584 -1323.5585590463725 30.648751 104.063536 50
949 51.062951755212 -1330.8755454750026 30.648685 104.063538 50
950 -600.3587001703287 -1464.4493701321019 30.64748 104.056742 50
951 -643.8747058320312 -1437.5070440880377 30.647723 104.056288 50
952 -673.492597025465 -1423.8690309301523 30.647846 104.055979 50
953 -717.201290614674 -1416.8818127592388 30.647909 104.055523 50
954 -1060.6371827262838 -1349.0050427230497 30.648521 104.05194 50
955 -1100.2232480138794 -1338.0255905318859 30.64862 104.051527 50
956 -819.3473066178493 -974.3075716324277 30.651901 104.054457 50
957 -860.367687309308 -934.6152383451182 30.652259 104.054029 50
958 -890.8451500543927 -903.9035683328268 30.652536 104.053711 50
959 -914.2298650679932 -875.7422760579346 30.65279 104.053467 50
960 -933.7808817753908 -851.6832152099025 30.653007 104.053263 50
961 -1001.0586379850538 -768.0860727053343 30.653761 104.052561 50
962 -1011.8880087487976 -753.1184835150476 30.653896 104.052448 50
963 -1031.438871242927 -732.0525567297292 30.654086 104.052244 50
964 -1058.3692392105934 -704.444922101512 30.654335 104.051963 50
965 -1085.012408991057 -681.6043804861025 30.654541 104.051685 50
966 -1115.0101659187305 -659.428606694473 30.654741 104.051372 50
967 -1138.3952284149454 -645.1247619447736 30.65487 104.051128 50
968 -1174.0482728707518 -628.1588103071083 30.655023 104.050756 50
969 -1217.5605796485445 -611.0809909294906 30.655177 104.050302 50
970 -1218.4231576856027 -610.7483026967778 30.65518 104.050293 50
971 -758.4879066673913 -1045.0429396188442 30.651263 104.055092 50
972 -741.3316713854888 -1058.4586163397062 30.651142 104.055271 50
973 -719.766206132424 -1070.765926216575 30.651031 104.055496 50
974 -692.737005731112 -1079.7476410313634 30.65095 104.055778 50
975 -605.8974186036328 -1094.6085835404806 30.650816 104.056684 50
976 -558.5477371509492 -1103.4802218605794 30.650736 104.057178 50
977 -548.0042931644477 -1105.8088966053253 30.650715 104.057288 50
978 -532.572617029001 -1111.2419812756762 30.650666 104.057449 50
979 -517.2370421638892 -1122.2182130409167 30.650567 104.057609 50
980 -512.5405144276858 -1125.544341883201 30.650537 104.057658 50
981 -492.50850561370635 -1143.0617056725462 30.650379 104.057867 50
982 385.83544763677634 -197.3999961513683 30.658909 104.067031 50
983 -368.1685128911057 -518.4615888609494 30.656013 104.059164 50
984 -319.76766827824827 -554.2720674325512 30.65569 104.059669 50
985 -307.7871673001628 -561.589411806803 30.655624 104.059794 50
986 -294.27313221272027 -569.4611026097609 30.655553 104.059935 50
987 -228.9070209498313 -604.05212132866 30.655241 104.060617 50
988 -203.60381824460535 -613.254304696733 30.655158 104.060881 50
989 -181.65514748528932 -619.7956471040399 30.655099 104.06111 50
990 -168.90766915946796 -624.5629874554096 30.655056 104.061243 50
991 -161.91096213425848 -629.441091310517 30.655012 104.061316 50
992 -158.84396560185343 -635.3169053145718 30.654959 104.061348 50
993 -157.023010032083 -643.9642890961218 30.654881 104.061367 50
994 -474.42420517597805 317.1217912805764 30.66355 104.058055 50
995 -476.91709120405693 292.28843300188646 30.663326 104.058029 50
996 -476.53498490725764 264.1290377656146 30.663072 104.058033 50
997 -475.19540506583076 215.23809204430853 30.662631 104.058047 50
998 -473.37933143313757 104.5960633920625 30.661633 104.058066 50
999 -144.17377145654478 -209.93353237133823 30.658796 104.061501 50
1000 1306.0191515717506 594.2389837588926 30.666049 104.076633 50
1001 1297.9684519454006 598.5616962818377 30.666088 104.076549 50
1002 1306.2096388004074 603.9950163289944 30.666137 104.076635 50
1003 1271.5249994592596 538.2486670382779 30.665544 104.076273 50
1004 1261.655792893594 522.061401063904 30.665398 104.07617 50
1005 1187.492175926579 399.4376894082606 30.664292 104.075396 50
1006 1158.171218866154 350.8761909822639 30.663854 104.07509 50
1007 1101.73176380514 263.84226457028336 30.663069 104.074501 50
1008 -485.8874016914227 1144.720294738612 30.671015 104.057935 50
1009 -485.8857802248323 1180.6401751545122 30.671339 104.057935 50
1010 -495.9480062801073 1179.5319956232136 30.671329 104.05783 50
1011 -493.649626014693 1145.8292860851466 30.671025 104.057854 50
1012 -473.92614821494186 745.7209606119687 30.667416 104.05806 50
1013 -484.37132792749566 762.129262901957 30.667564 104.057951 50
1014 -481.6020420087277 540.8450913156466 30.665568 104.05798 50
1015 -477.771743477176 470.11386162254075 30.66493 104.05802 50
1016 -476.4333136087357 395.94597506908093 30.664261 104.058034 50
1017 -470.016947950618 287.631854371057 30.663284 104.058101 50
1018 -478.220991558945 1143.9439047232013 30.671008 104.058015 50
1019 -486.26702263751497 1226.648683826823 30.671754 104.057931 50
1020 -490.95616571832613 1369.552398078933 30.673043 104.057882 50
1021 -494.4012574979407 1472.6559525611246 30.673973 104.057846 50
1022 -503.1213756035703 1476.869183788363 30.674011 104.057755 50
1023 -501.11296028787353 1391.7256383080294 30.673243 104.057776 50
1024 -497.00014768462296 1222.65807574675 30.671718 104.057819 50
1025 -500.45330109703855 1152.148838287147 30.671082 104.057783 50
1026 -501.2203063986385 1144.3884061103863 30.671012 104.057775 50
1027 -497.8713440720978 1033.967888425394 30.670016 104.05781 50
1028 -430.54347688894933 -9.04098475107607 30.660608 104.058513 50
1029 -427.09319828233396 -8.819394850399519 30.66061 104.058549 50
1030 -335.6608461738555 -2.281677727450731 30.660669 104.059503 50
1031 779.3487711163419 23.68338831572847 30.660903 104.071137 50
1032 855.2544670465413 23.800013196495154 30.660904 104.071929 50
1033 940.2649054923155 25.137464520881313 30.660916 104.072816 50
1034 1085.8464249837098 27.479297422521675 30.660937 104.074335 50
1035 1109.2317929462436 24.71008956476956 30.660912 104.074579 50
1036 1119.9661509960931 22.604791208811903 30.660893 104.074691 50
1037 1133.0007334343475 20.056290716660794 30.66087 104.074827 50
1038 1156.8658923813098 12.07664507966727 30.660798 104.075076 50
1039 1181.115094012036 -1.7786790307503146 30.660673 104.075329 50
1040 1251.84991967058 -39.13173779869776 30.660336 104.076067 50
1041 1316.7385292922913 -73.38086456038063 30.660027 104.076744 50
1042 1356.7070464476758 -94.43999450930494 30.659837 104.077161 50
1043 1432.4272230850406 -134.45196032928854 30.659476 104.077951 50
1044 1500.479991350388 -170.25164488535646 30.659153 104.078661 50
1045 -108.03905406770853 -5.501413138449983 30.66064 104.061878 50
1046 70.4164813913354 -1.1780425062638393 30.660679 104.06374 50
1047 170.28252003218623 0.8186193583521693 30.660697 104.064782 50
1048 203.44297012494312 24.43315294752913 30.66091 104.065128 50
1049 774.5554763499939 41.31036386552545 30.661062 104.071087 50
1050 630.4117530265022 37.75332329542973 30.66103 104.069583 50
1051 575.3037178278835 33.98087372055188 30.660996 104.069008 50
1052 -438.7060432600715 -404.15859521365275 30.657044 104.058428 50
1053 -438.1307246260381 -397.95025762950604 30.6571 104.058434 50
1054 -438.5083642999724 -257.04260562683424 30.658371 104.05843 50
1055 -1500.10887628834 -566.1455959691033 30.655582 104.047354 50
1056 -1407.3320261156932 -580.4595200019737 30.655453 104.048322 50
1057 -1297.1111903445033 -596.7703037600833 30.655306 104.049472 50
1058 1442.3858137832447 -783.1134451583343 30.653625 104.078054 50
1059 1500.5696546843722 -813.8146922909153 30.653348 104.078661 50
1060 1080.6346232011051 -564.7546333428168 30.655595 104.07428 50
1061 714.1080295875286 -378.4235007342807 30.657276 104.070456 50
1062 989.290516202708 -531.1717514431955 30.655898 104.073327 50
1063 1011.8153794938106 -543.6972418473583 30.655785 104.073562 50
1064 1160.4932874669541 -742.3497317124504 30.653993 104.075113 50
1065 576.4549308033704 12.916840822304204 30.660806 104.06902 50
1066 618.3372553713077 13.473482633461419 30.660811 104.069457 50
1067 630.0298508460204 12.808978479568234 30.660805 104.069579 50
1068 702.7728191951275 13.922116800168787 30.660815 104.070338 50
1069 716.0946510982096 14.144721782097342 30.660817 104.070477 50
1070 779.3493006885802 16.366387145028973 30.660837 104.071137 50
1071 -446.2581749253626 68.12075957851455 30.661304 104.058349 50
1072 -447.1197740776544 91.29130102811953 30.661513 104.05834 50
1073 -452.95870666908905 264.9040660521657 30.663079 104.058279 50
1074 -283.2585019815461 -859.9238742472935 30.652933 104.06005 50
1075 -263.2266332829417 -878.2168627306663 30.652768 104.060259 50
