0 0 0 13.040414760954029 80.23065599963299 50
1 49.89749885284248 -1413.060396284896 13.027642 80.231116 50
2 121.38101259131173 -1408.524314561376 13.027683 80.231775 50
3 144.37720530491836 -1403.9883441376367 13.027724 80.231987 50
4 173.77327737926953 -1399.2310534272342 13.027767 80.232258 50
5 227.46712382230658 -1383.2998386102995 13.027911 80.232753 50
6 236.90427692467262 -1387.393095730529 13.027874 80.23284 50
7 -1059.7469401753567 -589.7260008860866 13.035084 80.220886 50
8 -939.1293890167207 -605.2186873334374 13.034944 80.221998 50
9 -900.0806304694231 -613.849192130828 13.034866 80.222358 50
10 306.7523891323658 -644.7281786160257 13.034587 80.233484 50
11 503.29994379502097 -668.5109058804638 13.034372 80.235296 50
12 685.0958841013967 -690.4118778768785 13.034174 80.236972 50
13 705.1627179703564 -686.6499250374835 13.034208 80.237157 50
14 721.7584151172714 -679.2372331001953 13.034275 80.23731 50
15 751.2617735531636 -663.0843506065439 13.034421 80.237582 50
16 12.257305328016596 -1067.2287688311428 13.030768 80.230769 50
17 4.664309176998991 -1068.3350786273043 13.030758 80.230699 50
18 -38.29036999661906 -1077.296142831435 13.030677 80.230303 50
19 -64.4320001026455 -1085.37213849138 13.030604 80.230062 50
20 -74.08596697309025 -1088.3591443271619 13.030577 80.229973 50
21 -84.71619141575553 -1095.3288505840721 13.030514 80.229875 50
22 -134.8301222327076 -1116.569753578831 13.030322 80.229413 50
23 -160.97180235572517 -1121.9905195779506 13.030273 80.229172 50
24 -191.77771362494747 -1119.0032922774321 13.0303 80.228888 50
25 -220.52265576066856 -1115.6841548657196 13.03033 80.228623 50
26 -294.9340618487277 -1107.3861528820844 13.030405 80.227937 50
27 -328.45169735772777 -1101.6329749300219 13.030457 80.227628 50
28 -339.5157697289262 -1099.8627488726827 13.030473 80.227526 50
29 240.48393760162418 -1394.6946922557074 13.027808 80.232873 50
30 242.4366294270638 -1415.603881076283 13.027619 80.232891 50
31 251.1150013522344 -1476.229435665241 13.027071 80.232971 50
32 -476.505683030135 -544.8261670898643 13.03549 80.226263 50
33 -423.2474713071541 -559.4303008961899 13.035358 80.226754 50
34 -393.63531705768776 -558.4350629351247 13.035367 80.227027 50
35 -316.0798723600672 -572.1542796204515 13.035243 80.227742 50
36 -280.0680280288411 -572.7078232679869 13.035238 80.228074 50
37 -255.22851119113503 -570.8273412848432 13.035255 80.228303 50
38 -224.53166194932905 -570.4957162718099 13.035258 80.228586 50
39 -205.00716615306914 -570.4958685141696 13.035258 80.228766 50
40 -158.36533414725474 -573.815099751091 13.035228 80.229196 50
41 -114.97759139613896 -581.2275776548751 13.035161 80.229596 50
42 -83.30452882172058 -588.0868003116306 13.035099 80.229888 50
43 -58.35655516699699 -592.4014650536902 13.03506 80.230118 50
44 -486.0655512978894 -1370.9058483005222 13.028023 80.226175 50
45 -682.6168085613948 -1328.86200350284 13.028403 80.224363 50
46 371.69976377925974 1280.1388528642235 13.051986 80.234083 50
47 376.5803038148186 1298.8355458899732 13.052155 80.234128 50
48 399.8984531699366 1380.92402545344 13.052897 80.234343 50
49 412.2624642604387 1422.7427014185462 13.053275 80.234457 50
50 -1094.2530317405583 -911.8814587107553 13.032172 80.220568 50
51 -1149.0307763922242 -912.1004895561689 13.03217 80.220063 50
52 -1291.9952534068248 -912.3154160531793 13.032168 80.218745 50
53 -1308.157491813724 -914.3060068470367 13.03215 80.218596 50
54 -1314.5574678858925 -918.5096709695681 13.032112 80.218537 50
55 -1318.3545381821873 -930.9001343743371 13.032 80.218502 50
56 -1323.129028892723 -967.8505779221337 13.031666 80.218458 50
57 -1331.5902733133137 -978.3600918027516 13.031571 80.21838 50
58 -1345.8001827467342 -982.5633697985105 13.031533 80.218249 50
59 -1392.2260619336641 -987.9819691876077 13.031484 80.217821 50
60 -1479.6541592936085 -995.8321947338954 13.031413 80.217015 50
61 -1500.0468390510457 -997.9330759809566 13.031394 80.216827 50
62 371.07967054134645 -996.8651153896666 13.031404 80.234077 50
63 376.93560899016063 -887.1193255018475 13.032396 80.234131 50
64 376.8268796600189 -868.2014667664278 13.032567 80.23413 50
65 377.4773031844581 -838.9949363089285 13.032831 80.234136 50
66 377.2601229470666 -821.515278365889 13.032989 80.234134 50
67 372.3778916748969 -742.8568679648965 13.0337 80.234089 50
68 -350.13034068609807 130.5730569216872 13.041595 80.227428 50
69 -367.2680302603334 133.78157448422192 13.041624 80.22727 50
70 -379.8501446267303 134.99868438036876 13.041635 80.227154 50
71 -470.31098670416185 154.8030011167833 13.041814 80.22632 50
72 -540.3800837187358 170.29260470941335 13.041954 80.225674 50
73 -612.0760935690579 186.0036845226797 13.042096 80.225013 50
74 -646.4792197860244 -634.8761604797888 13.034676 80.224696 50
75 -655.2668497156005 -701.5863120400645 13.034073 80.224615 50
76 -650.820614363622 -745.2855731023947 13.033678 80.224656 50
77 -647.2413164426955 -754.4680114950721 13.033595 80.224689 50
78 -633.1410160527867 -790.0914471393215 13.033273 80.224819 50
79 -629.5623887775009 -829.1441899046036 13.03292 80.224852 50
80 -634.4445033864946 -870.1880912454149 13.032549 80.224807 50
81 -640.4116074719217 -922.737564183373 13.032074 80.224752 50
82 -642.6898942817569 -939.8852784976004 13.031919 80.224731 50
83 -614.0537436010693 -947.0769309524322 13.031854 80.224995 50
84 -598.3259742248441 -970.6416279286028 13.031641 80.22514 50
85 -607.3300882662553 -1016.9957160808309 13.031222 80.225057 50
86 -654.4066189415936 -1018.6540990880001 13.031207 80.224623 50
87 -682.5008200933663 -1025.291262281784 13.031147 80.224364 50
88 -1500.0184815898565 -476.9727685319275 13.036103 80.216827 50
89 -1463.6814732376156 -479.29797014896235 13.036082 80.217162 50
90 -1277.4409492772782 -497.67194905979716 13.035916 80.218879 50
91 -1129.725628641472 -976.709649822407 13.031586 80.220241 50
92 -1126.6916916313126 -1056.253283751227 13.030867 80.220269 50
93 -1127.995086088721 -1098.735436749783 13.030483 80.220257 50
94 -1129.189296799944 -1123.7379357337074 13.030257 80.220246 50
95 -1130.27453444155 -1136.4604264920647 13.030142 80.220236 50
96 -1133.2047424469963 -1172.304665703006 13.029818 80.220209 50
97 -1138.1952623491006 -1192.1073619101012 13.029639 80.220163 50
98 -1144.9215978178975 -1218.1053059720957 13.029404 80.220101 50
99 -1150.2376613223087 -1240.563123390235 13.029201 80.220052 50
100 -1162.0631906995532 -1289.7933021513225 13.028756 80.219943 50
101 -1164.7757074300137 -1306.6090582312004 13.028604 80.219918 50
102 -1168.2476654041075 -1326.5224419611548 13.028424 80.219886 50
103 -1176.6035855693872 -1409.6057587669127 13.027673 80.219809 50
104 -1179.2080759509593 -1436.3782811202334 13.027431 80.219785 50
105 -1179.8603331672186 -1469.567467830703 13.027131 80.219779 50
106 -1097.0568698495404 -499.89234031287884 13.035896 80.220542 50
107 -1062.8912240649997 -555.2090745799969 13.035396 80.220857 50
108 -1086.5347217890558 -483.63003096845523 13.036043 80.220639 50
109 -1079.3743107553146 -446.5689964588145 13.036378 80.220705 50
110 -1071.5623274020363 -389.4838098017077 13.036894 80.220777 50
111 -1061.6895220599113 -333.6156369922806 13.037399 80.220868 50
112 -1058.760328689134 -319.45500670803636 13.037527 80.220895 50
113 -1050.4063359455558 -269.007678348137 13.037983 80.220972 50
114 -1044.1139540559234 -236.70372087062393 13.038275 80.22103 50
115 -1038.2555213519715 -206.05920708460354 13.038552 80.221084 50
116 -1031.2038226209952 -171.87454995523257 13.038861 80.221149 50
117 -1025.237094396055 -145.10211473533022 13.039103 80.221204 50
118 -1013.5207013746286 -94.10173985902011 13.039564 80.221312 50
119 -1011.5678224107667 -81.48989777098753 13.039678 80.22133 50
120 -995.8373158154942 -6.261508717784942 13.040358 80.221475 50
121 -979.7816871324566 63.54597075913172 13.040989 80.221623 50
122 -961.2311944117741 139.4380720391628 13.041675 80.221794 50
123 -954.2884794055976 163.99787752773514 13.041897 80.221858 50
124 -944.0911314939639 207.58607885608237 13.042291 80.221952 50
125 -929.9883756032407 270.64518278124643 13.042861 80.222082 50
126 -1445.4141943068983 368.243823180748 13.043743 80.21733 50
127 -1482.0742148425968 394.1333926166778 13.043977 80.216992 50
128 -1496.2825917924872 405.52913952381414 13.04408 80.216861 50
129 -1499.9703309313452 407.1888030354752 13.044095 80.216827 50
130 -1361.7895847603388 318.4556760557616 13.043293 80.218101 50
131 -1355.281188624575 327.4164542914731 13.043374 80.218161 50
132 -1342.6982399269364 346.0018218301923 13.043542 80.218277 50
133 -1330.1153509497324 363.70214849109993 13.043702 80.218393 50
134 -1326.101980041518 366.5783572805778 13.043728 80.21843 50
135 -1321.763287165304 367.90571902642057 13.04374 80.21847 50
136 -1316.665408737463 367.6842131337097 13.043738 80.218517 50
137 -1289.2239482071104 359.8281240338446 13.043667 80.21877 50
138 -1244.2112295262918 347.2141360880129 13.043553 80.219185 50
139 -1193.666787659215 332.82988782805694 13.043423 80.219651 50
140 -1172.9500530345372 327.0761932827423 13.043371 80.219842 50
141 -1118.500749488647 313.0238097093364 13.043244 80.220344 50
142 -1088.2390494101476 305.4996993336345 13.043176 80.220623 50
143 -1069.1492061858662 301.184348396343 13.043137 80.220799 50
144 -1012.530392039073 289.4553383425149 13.043031 80.221321 50
145 -636.2658507006357 110.66462954663405 13.041415 80.22479 50
146 -662.4079019134917 45.50368330473894 13.040826 80.224549 50
147 -745.3839943963287 88.31993718568768 13.041213 80.223784 50
148 -771.8461172615301 223.29029356585158 13.042433 80.22354 50
149 265.3033206941194 771.0141846574497 13.047384 80.233102 50
150 325.0671611271847 762.496246767326 13.047307 80.233653 50
151 523.2317105457502 735.7266238084725 13.047065 80.23548 50
152 556.4218842257601 730.5276226956478 13.047018 80.235786 50
153 585.0565714515891 725.2179335661556 13.04697 80.23605 50
154 678.6617521573779 705.970307077803 13.046796 80.236913 50
155 827.5842920155259 675.1083629652173 13.046517 80.238286 50
156 954.7057005940211 646.3484471064754 13.046257 80.239458 50
157 -473.6643379207147 684.5036273283318 13.046602 80.226289 50
158 -549.2635936583617 708.8438255475312 13.046822 80.225592 50
159 -579.4165592097252 715.1504037974983 13.046879 80.225314 50
160 -643.1932963286516 728.2062637911694 13.046997 80.224726 50
161 -694.4965975967361 740.7087997980955 13.04711 80.224253 50
162 -830.8351394493984 774.7868886142104 13.047418 80.222996 50
163 -845.6946119967891 778.4381602222369 13.047451 80.222859 50
164 -991.251954130618 819.8189675195088 13.047825 80.221517 50
165 -985.0672209360821 883.7634029097621 13.048403 80.221574 50
166 -982.8970384701972 909.2084319850622 13.048633 80.221594 50
167 -980.8351618524923 939.1893324789112 13.048904 80.221613 50
168 -978.2303752604279 985.9861119045273 13.049327 80.221637 50
169 -976.6023895798726 1015.1926133287607 13.049591 80.221652 50
170 -971.8280605901756 1070.3972681368737 13.05009 80.221696 50
171 -968.6813926783425 1105.6884183871575 13.050409 80.221725 50
172 -964.6669538180915 1143.1921577546268 13.050748 80.221762 50
173 -964.3406082690769 1170.5179829841823 13.050995 80.221765 50
174 -958.4814181471542 1234.019927106241 13.051569 80.221819 50
175 -956.2020488855441 1281.81240751984 13.052001 80.22184 50
176 -953.4877893462888 1359.9177498099748 13.052707 80.221865 50
177 -1282.8086542227113 699.243335982192 13.046735 80.218829 50
178 -1305.59002783896 618.1519710508024 13.046002 80.218619 50
179 -1325.1170192816967 548.7873450816256 13.045375 80.218439 50
180 -1338.6769745399677 511.17350474041007 13.045035 80.218314 50
181 -1374.0392830289074 457.7405372623293 13.044552 80.217988 50
182 -1439.882644974917 364.3714533982862 13.043708 80.217381 50
183 -1495.9639085603787 281.9544552648635 13.042963 80.216864 50
184 -1499.97752042927 275.20619159918374 13.042902 80.216827 50
185 -491.3448949507841 637.0432893030278 13.046173 80.226126 50
186 -509.7848365222057 585.8215284535726 13.04571 80.225956 50
187 -524.6454361517658 537.9186394599203 13.045277 80.225819 50
188 -534.9506073761596 486.9180069041978 13.044816 80.225724 50
189 -688.1453857403709 -1188.028945228046 13.029676 80.224312 50
190 -687.6039205621512 -1223.8733169990787 13.029352 80.224317 50
191 -689.1229156258466 -1239.3615816960612 13.029212 80.224303 50
192 -689.9909108017251 -1248.1013878177614 13.029133 80.224295 50
193 -704.8522034057729 -1272.2185108796073 13.028915 80.224158 50
194 -712.1201425355769 -1283.9451812653515 13.028809 80.224091 50
195 -712.9880720071158 -1289.8085874405285 13.028756 80.224083 50
196 -714.8324186944988 -1302.088550456318 13.028645 80.224066 50
197 -716.0259329320369 -1314.368530164814 13.028534 80.224055 50
198 -716.7854809853684 -1323.661491413562 13.02845 80.224048 50
199 -342.87865609142716 -1121.546332833839 13.030277 80.227495 50
200 -351.7738812998047 -1165.0241016197058 13.029884 80.227413 50
201 -355.67918301286176 -1189.6947059532765 13.029661 80.227377 50
202 -357.19789510637696 -1197.8813607854513 13.029587 80.227363 50
203 -361.754061472699 -1224.3220469639914 13.029348 80.227321 50
204 -365.22543058049473 -1244.346163831902 13.029167 80.227289 50
205 -365.8763349653888 -1249.7670610614107 13.029118 80.227283 50
206 -372.0597833479881 -1289.7046718265713 13.028757 80.227226 50
207 -372.9276346916003 -1295.125565779855 13.028708 80.227218 50
208 -378.5686547033218 -1328.7572297685515 13.028404 80.227166 50
209 372.3818722669864 -1037.4665832232265 13.031037 80.234089 50
210 372.59884619143713 -1039.7898260120796 13.031016 80.234091 50
211 376.93798285308367 -1060.698978304528 13.030827 80.234131 50
212 375.9622537426975 -1098.3134450932941 13.030487 80.234122 50
213 372.1662621354699 -1136.149210555994 13.030145 80.234087 50
214 371.1905148752099 -1173.099890693199 13.029811 80.234078 50
215 368.47948311315554 -1230.185386694453 13.029295 80.234053 50
216 367.6119533431323 -1248.6607306337755 13.029128 80.234045 50
217 364.57544000873764 -1301.9847827236672 13.028646 80.234017 50
218 360.7794263653924 -1341.4800018855321 13.028289 80.233982 50
219 355.1389798267194 -1350.883686729406 13.028204 80.23393 50
220 352.5357503555798 -1359.5129165879111 13.028126 80.233906 50
221 355.1392976208895 -1375.5543378748378 13.027981 80.23393 50
222 343.9669728793535 -1403.7653133883373 13.027726 80.233827 50
223 333.98771093596935 -1422.462027644658 13.027557 80.233735 50
224 311.1002277742523 -1446.579791937176 13.027339 80.233524 50
225 266.51811075160487 -1470.5871245319247 13.027122 80.233113 50
226 -305.969231280425 1496.0896285564356 13.053938 80.227835 50
227 -306.6200889629539 1488.0135770123134 13.053865 80.227829 50
228 -319.3109740184807 1409.4657544978036 13.053155 80.227712 50
229 -335.58133575582167 1317.7529046358904 13.052326 80.227562 50
230 -354.129439651752 1231.903538081299 13.05155 80.227391 50
231 -371.1591446649306 1148.8199413473137 13.050799 80.227234 50
232 -227.99724265936885 86.87259387753764 13.0412 80.228554 50
233 -222.8991752736812 102.47150023627258 13.041341 80.228601 50
234 -205.86952251697917 151.92335316486475 13.041788 80.228758 50
235 -186.01965402288374 223.7226301263236 13.042437 80.228941 50
236 -167.68840777224366 296.40698098420586 13.043094 80.22911 50
237 -153.15349943683555 379.7119309860152 13.043847 80.229244 50
238 -139.16106112899658 452.06444050843254 13.044501 80.229373 50
239 -136.66629720487776 464.12319232821477 13.04461 80.229396 50
240 183.74142918035912 300.5004249636762 13.043131 80.23235 50
241 184.82588489087667 330.9239171850353 13.043406 80.23236 50
242 186.34421992306267 358.5816415742801 13.043656 80.232374 50
243 192.7433607255353 407.0380020864279 13.044094 80.232433 50
244 202.39639975397077 461.0259326802927 13.044582 80.232522 50
245 207.81942721426591 492.88766266870124 13.04487 80.232572 50
246 218.34007583587353 553.2921991742312 13.045416 80.232669 50
247 229.4029688719486 617.6794582808668 13.045998 80.232771 50
248 240.4658275289327 680.0753687790495 13.046562 80.232873 50
249 258.2531403280304 772.2310574258806 13.047395 80.233037 50
250 275.6064877540168 863.5017118052589 13.04822 80.233197 50
251 297.5152647199369 947.2495302235078 13.048977 80.233399 50
252 311.83161572557344 1019.9341930010811 13.049634 80.233531 50
253 324.846392775995 1087.8617221442469 13.050248 80.233651 50
254 338.8372255429008 1159.3294618848374 13.050894 80.23378 50
255 354.78017908790224 1240.7540203322703 13.05163 80.233927 50
256 356.6239203914133 1249.8257799217977 13.051712 80.233944 50
257 378.9659998021183 1332.909904841524 13.052463 80.23415 50
258 395.99363650619887 1394.4209430523615 13.053019 80.234307 50
259 400.8741768128108 1410.573130265623 13.053165 80.234352 50
260 415.40721505065244 1464.7825053751646 13.053655 80.234486 50
261 414.105588296412 1470.7565565576322 13.053709 80.234474 50
262 409.4416781740823 1475.5136172834584 13.053752 80.234431 50
263 -904.2772903745549 411.2561451150633 13.044132 80.222319 50
264 -986.1681099772134 430.06620213269616 13.044302 80.221564 50
265 -1037.254984135071 439.80359469574347 13.04439 80.221093 50
266 -1081.725536839643 446.8856806832321 13.044454 80.220683 50
267 -932.617811821354 -504.6555231180862 13.035853 80.222058 50
268 -914.9370189941676 -495.03123726266443 13.03594 80.222221 50
269 -894.4360171578322 -484.63261617150124 13.036034 80.22241 50
270 -837.9222627138 -439.8289216987721 13.036439 80.222931 50
271 -812.6482506002612 -414.1633340611664 13.036671 80.223164 50
272 -749.8427981565385 -340.1531096303802 13.03734 80.223743 50
273 -682.6994969311937 -288.04774613685544 13.037811 80.224362 50
274 -652.6532224282881 -264.7053738273024 13.038022 80.224639 50
275 -568.1550189786551 -193.7928956468024 13.038663 80.225418 50
276 -464.56675778251906 -111.92803203071209 13.039403 80.226373 50
277 -369.65668858731965 -44.444666596864806 13.040013 80.227248 50
278 -320.8458824537187 -1.631147832876291 13.0404 80.227698 50
279 -248.6061685610162 61.648941593399094 13.040972 80.228364 50
280 -1115.2800170143926 -508.0782869944283 13.035822 80.220374 50
281 -855.7166709012861 -617.1695296247171 13.034836 80.222767 50
282 -741.1729535220423 -624.0319585627467 13.034774 80.223823 50
283 -636.1746314011659 -636.2039697827839 13.034664 80.224791 50
284 -630.9668657493045 -582.8800522824813 13.035146 80.224839 50
285 -616.9731671633865 -532.1008381296396 13.035605 80.224968 50
286 -607.2108670796435 -529.1140237740404 13.035632 80.225058 50
287 -590.0727480432876 -530.220704153329 13.035622 80.225216 50
288 -570.7652606301571 -532.2124652194645 13.035604 80.225394 50
289 -556.5558041324216 -533.0978023194848 13.035596 80.225525 50
290 -540.8278506736717 -537.7446087568128 13.035554 80.22567 50
291 -535.4933209559103 467.00446144548505 13.044636 80.225719 50
292 -551.0048756330427 416.44646253865693 13.044179 80.225576 50
293 -574.1095960225164 341.5498427368759 13.043502 80.225363 50
294 -593.5265079396581 270.63587708936086 13.042861 80.225184 50
295 -1115.6399886694755 1315.8927303357245 13.052309 80.22037 50
296 -1132.4543013483774 1250.1786459517614 13.051715 80.220215 50
297 -1500.0302256556934 -692.7027983219601 13.034153 80.216827 50
298 -1499.8132858563656 -692.7028101356526 13.034153 80.216829 50
299 -1414.3391868296485 -696.2475166313931 13.034121 80.217617 50
300 -1383.6432233809523 -716.6051383858962 13.033937 80.2179 50
301 -1346.4397290017569 -751.6769372218786 13.03362 80.218243 50
302 -1324.09679540442 -791.5050975969242 13.03326 80.218449 50
303 -1318.458113458703 -828.5666750388294 13.032925 80.218501 50
304 -1318.676176553387 -852.0203866997156 13.032713 80.218499 50
305 -1318.8939170474805 -868.7256214918463 13.032562 80.218497 50
306 -1319.9798416503495 -894.1706445836667 13.032332 80.218487 50
307 -1313.25518057251 -905.1234112600018 13.032233 80.218549 50
308 1033.1301390439055 526.0955160810336 13.04517 80.240181 50
309 1027.0557673438723 534.8351276894816 13.045249 80.240125 50
310 1020.9814159072753 543.1322172044288 13.045324 80.240069 50
311 996.4669447580812 581.077708875464 13.045667 80.239843 50
312 973.1456805945498 618.2488493379129 13.046003 80.239628 50
313 969.1322632918742 624.5546678510362 13.04606 80.239591 50
314 966.0950960218419 628.9797962716209 13.0461 80.239563 50
315 962.8410158464626 632.9623939423781 13.046136 80.239533 50
316 959.1530702448213 637.1662386534555 13.046174 80.239499 50
317 956.441326813073 640.8169633572054 13.046207 80.239474 50
318 954.8142534717031 643.8039406420259 13.046234 80.239459 50
319 955.3563962206715 649.0036107807024 13.046281 80.239464 50
320 956.6578985840396 651.1056426731915 13.0463 80.239476 50
321 959.3694135717956 653.9821398697027 13.046326 80.239501 50
322 963.9247949692698 657.743748851473 13.04636 80.239543 50
323 967.1785808715629 662.0584672620595 13.046399 80.239573 50
324 968.8053936294999 666.4837596735379 13.046439 80.239588 50
325 975.7459366039421 700.0051620268199 13.046742 80.239652 50
326 982.2527160352316 730.4288866129768 13.047017 80.239712 50
327 990.2776770635807 769.2606154331712 13.047368 80.239786 50
328 998.8448390154317 810.7475086759165 13.047743 80.239865 50
329 1005.3514696730514 843.8263824617101 13.048042 80.239925 50
330 1019.8828995721171 917.3964633139319 13.048707 80.240059 50
331 1030.9441438999615 971.8272788682655 13.049199 80.240161 50
332 1042.8728314529083 1032.0109409191127 13.049743 80.240271 50
333 1058.4882809964433 1116.2016602996634 13.050504 80.240415 50
334 1068.6819002557372 1164.658395351893 13.050942 80.240509 50
335 1082.9965755906458 1225.2846989373586 13.05149 80.240641 50
336 1094.8167265388981 1281.7069379146596 13.052 80.24075 50
337 1098.2869581318448 1295.6465729308782 13.052126 80.240782 50
338 1100.8896582866637 1305.3821985299774 13.052214 80.240806 50
339 1103.6008363347423 1314.6753050672428 13.052298 80.240831 50
340 1106.312061476056 1322.751471701494 13.052371 80.240856 50
341 1109.9994959468877 1329.500106807329 13.052432 80.24089 50
342 1067.317480500668 -11.458480519955657 13.040311 80.240496 50
343 1068.4018608700846 -3.9355420576344162 13.040379 80.240506 50
344 -395.89045869096157 1021.5947366141668 13.049649 80.227006 50
345 -399.5791453771472 956.8757103680839 13.049064 80.226972 50
346 -413.3547438132854 907.2026391681221 13.048615 80.226845 50
347 -416.28340493004305 897.6884259905648 13.048529 80.226818 50
348 -432.1199540991153 843.0370071372026 13.048035 80.226672 50
349 -455.87507523405463 750.2180727259625 13.047196 80.226453 50
350 82.64963073592476 798.3388606750917 13.047631 80.231418 50
351 224.84613408566696 778.7579869005197 13.047454 80.232729 50
352 -10.30403924174204 808.5167805895137 13.047723 80.230561 50
353 -24.18743443076618 803.4277682759641 13.047677 80.230433 50
354 -32.322242069414344 797.5643393953038 13.047624 80.230358 50
355 -73.86404394445098 768.800388139734 13.047364 80.229975 50
356 -78.96188104170335 761.056240096166 13.047294 80.229928 50
357 -86.01208918734712 749.3293871194297 13.047188 80.229863 50
358 1009.8674702608773 -1037.7824798060437 13.031034 80.239966 50
359 1043.711072782952 -1052.8269999343595 13.030898 80.240278 50
360 1055.7515755396873 -1057.6942939435621 13.030854 80.240389 50
361 1156.957199759624 -1102.1637885086116 13.030452 80.241322 50
362 1258.1631501866339 -1146.6329097768337 13.03005 80.242255 50
363 1312.9424004734847 -1168.6458701984002 13.029851 80.24276 50
364 1374.5550625851463 -1182.5823373608573 13.029725 80.243328 50
365 1444.5197449810394 -1189.3272319448836 13.029664 80.243973 50
366 1494.0914601433922 -1190.7627871713476 13.029651 80.24443 50
367 1500.2743561305701 -1190.7624510933924 13.029651 80.244487 50
368 1040.6727313921863 -1022.5142897096354 13.031172 80.24025 50
369 1037.635991784857 -1034.5731559830522 13.031063 80.240222 50
370 1040.5650829681883 -1044.3085513695644 13.030975 80.240249 50
371 1500.274777598083 -1198.5066026162579 13.029581 80.244487 50
372 1494.2003457682888 -1198.396302074406 13.029582 80.244431 50
373 1443.8692905065134 -1196.5182639223974 13.029599 80.243967 50
374 1367.3961963434147 -1188.1142305412238 13.029675 80.243262 50
375 1309.6885153459789 -1174.288192757679 13.0298 80.24273 50
376 1256.427895665872 -1153.0495719012085 13.029992 80.242239 50
377 1147.1948649755757 -1104.5980731963132 13.03043 80.241232 50
378 1103.9139746403869 -1085.792615300634 13.0306 80.240833 50
379 1049.568848330594 -1061.3453448872147 13.030821 80.240332 50
380 1024.8370963281498 -1053.712754634418 13.03089 80.240104 50
381 1016.1593702005696 -1053.1599224056913 13.030895 80.240024 50
382 989.8008196813668 -1052.607728485675 13.0309 80.239781 50
383 960.5139533363167 -1063.782470820729 13.030799 80.239511 50
384 920.5922022994462 -935.3415311090022 13.03196 80.239143 50
385 904.3206554975018 -907.3524883421504 13.032213 80.238993 50
386 1121.9303358768161 1328.8368046560438 13.052426 80.241 50
387 1118.459553868468 1328.8366634889878 13.052426 80.240968 50
388 374.6435650151895 154.13774861956344 13.041808 80.23411 50
389 385.81561528532995 154.58042621923107 13.041812 80.234213 50
390 496.9927032691774 217.86305104493508 13.042384 80.235238 50
391 520.095803034638 229.81160914052043 13.042492 80.235451 50
392 568.4711973852311 257.02775394788245 13.042738 80.235897 50
393 727.6971785611707 345.75744497968213 13.04354 80.237365 50
394 779.4345537166596 374.63351442140413 13.043801 80.237842 50
395 801.9950548976544 387.1354492249107 13.043914 80.23805 50
396 843.5367749350117 407.4927685531832 13.044098 80.238433 50
397 1500.1674844840218 771.6069170934309 13.047389 80.244487 50
398 1469.5815145641307 754.4574804087745 13.047234 80.244205 50
399 1405.9148879044146 718.056595270177 13.046905 80.243618 50
400 1353.094231486585 687.9623492219902 13.046633 80.243131 50
401 1300.2733758571887 659.6382991742744 13.046377 80.242644 50
402 1286.93258488278 652.1147727213527 13.046309 80.242521 50
403 1260.576430750417 635.8508145434388 13.046162 80.242278 50
404 1264.3729024534455 631.3151225414301 13.046121 80.242313 50
405 1247.4528675990284 621.2469410895364 13.04603 80.242157 50
406 1189.6426506646214 586.9488117136806 13.04572 80.241624 50
407 1068.1646714798885 518.2420607499714 13.045099 80.240504 50
408 1047.9905864211935 506.95693704878806 13.044997 80.240318 50
409 1029.1180343838116 496.5569237585433 13.044903 80.240144 50
410 933.1281013236978 443.89321204340314 13.044427 80.239259 50
411 840.5002185364973 391.78309347874944 13.043956 80.238405 50
412 811.7571394497228 381.1616687905014 13.04386 80.23814 50
413 732.7953573251793 335.02638708545135 13.043443 80.237412 50
414 684.5287670218072 306.2611229407605 13.043183 80.236967 50
415 637.0212872108631 279.7085785321391 13.042943 80.236529 50
416 572.267791245714 243.64149978624144 13.042617 80.235932 50
417 390.91369306729246 144.07056814203418 13.041717 80.23426 50
418 371.28142655756983 130.02017972016512 13.04159 80.234079 50
419 1500.249539813713 -734.8531115281576 13.033772 80.244487 50
420 1422.9134792999332 -794.8190929971224 13.03323 80.243774 50
421 1396.4477459945965 -814.9552471875029 13.033048 80.24353 50
422 1367.2701740507125 -834.3170950498361 13.032873 80.243261 50
423 1331.8014946658361 -858.3257087027963 13.032656 80.242934 50
424 1325.2934743594117 -862.7512531327586 13.032616 80.242874 50
425 1321.280195894775 -865.5172150119814 13.032591 80.242837 50
426 1279.0865162364196 -895.1682508055311 13.032323 80.242448 50
427 1268.6738233070835 -905.8999160897982 13.032226 80.242352 50
428 1205.9791398184996 -937.9856523314387 13.031936 80.241774 50
429 1204.2436446376464 -938.8707743183511 13.031928 80.241758 50
430 1137.5354663393325 -972.947882757765 13.03162 80.241143 50
431 1000.9729997767087 -1042.5399266691834 13.030991 80.239884 50
432 922.6581443588639 -1084.5823451540668 13.030611 80.239162 50
433 764.2922507450719 -1171.653588415562 13.029824 80.237702 50
434 733.5953446132313 -1194.5549856855998 13.029617 80.237419 50
435 560.6943681605647 -1351.6546844733982 13.028197 80.235825 50
436 537.1562527408499 -1373.00688304904 13.028004 80.235608 50
437 526.8515374261049 -1382.4106934062047 13.027919 80.235513 50
438 413.28163033258966 -1443.9233111265864 13.027363 80.234466 50
439 1107.8313529323068 1302.2848108800065 13.052186 80.24087 50
440 1103.6020831198446 1283.5880143045827 13.052017 80.240831 50
441 1101.7585593568895 1275.2906209924308 13.051942 80.240814 50
442 896.8357924263456 -895.6258725419935 13.032319 80.238924 50
443 832.2927658105567 -797.6090415284128 13.033205 80.238329 50
444 795.8450149721576 -737.8695028071982 13.033745 80.237993 50
445 691.7094177191453 -565.7308220474781 13.035301 80.237033 50
446 624.2389558571542 -455.654797248083 13.036296 80.236411 50
447 589.0938722443764 -402.44215803091913 13.036777 80.236087 50
448 526.2885332701875 -301.54813742370806 13.037689 80.235508 50
449 427.03752098417414 -142.79463835874577 13.039124 80.234593 50
450 423.8918459511837 -135.60368368501742 13.039189 80.234564 50
451 1500.213376437904 -70.73642670887678 13.039775 80.244487 50
452 1451.6193172325857 -58.56963988508785 13.039885 80.244039 50
453 1011.8906098656046 -8.141647722276073 13.040341 80.239985 50
454 1008.962445157461 -20.421777184165414 13.04023 80.239958 50
455 999.8526897646128 -61.57677708201771 13.039858 80.239874 50
456 989.2260455796852 -149.63929521586067 13.039062 80.239776 50
457 984.8888579310933 -192.23231522122364 13.038677 80.239736 50
458 981.9611821121841 -219.11570764811609 13.038434 80.239709 50
459 979.7921912609852 -229.5150813070026 13.03834 80.239689 50
460 977.6237602045769 -255.7346606867624 13.038103 80.239669 50
461 970.5754799861431 -316.8031160364112 13.037551 80.239604 50
462 964.6111345606087 -357.2941998847568 13.037185 80.239549 50
463 960.0569075871307 -399.00217096233706 13.036808 80.239507 50
464 954.0930268563189 -453.87525359231194 13.036312 80.239452 50
465 951.4909103198546 -486.84332013782233 13.036014 80.239428 50
466 940.2120124601576 -542.1591025956923 13.035514 80.239324 50
467 862.9833824231557 -590.6179149282844 13.035076 80.238612 50
468 816.2339719782192 -622.4810055055643 13.034788 80.238181 50
469 806.1465007655983 -629.4510418290769 13.034725 80.238088 50
470 760.5900162643075 -657.3312940977729 13.034473 80.237668 50
471 1446.303577980663 -42.63908052199137 13.040029 80.24399 50
472 1467.2310618955116 83.37054393320335 13.041168 80.244183 50
473 1482.195592383324 155.72391425478514 13.041822 80.244321 50
474 1489.1356335683151 189.35606506976927 13.042126 80.244385 50
475 1500.1962077111632 244.4508271218656 13.042624 80.244487 50
476 1434.047586461016 -58.34929872898287 13.039887 80.243877 50
477 1298.24560107437 -41.42951815638352 13.04004 80.242625 50
478 1106.2573896647866 -15.882177194809298 13.040271 80.240855 50
479 1013.1921308699694 -5.81835245016331 13.040362 80.239997 50
480 972.733632142028 0.8180387610703992 13.040422 80.239624 50
481 826.1939072039185 20.063017828549896 13.040596 80.238273 50
482 594.399058558167 50.92304250847352 13.040875 80.236136 50
483 382.77959087938524 79.79393652971531 13.041136 80.234185 50
484 359.35084139917683 72.7132473792195 13.041072 80.233969 50
485 1255.643921009714 -611.512031364691 13.034887 80.242232 50
486 1305.2091005484435 -497.11749323487896 13.035921 80.242689 50
487 1317.6812198476193 -458.8386449432001 13.036267 80.242804 50
488 1331.02025869757 -404.0757591324781 13.036762 80.242927 50
489 1335.1408171623405 -378.1879525009042 13.036996 80.242965 50
490 1341.2131879414594 -339.68813820394473 13.037344 80.243021 50
491 1347.827721106271 -297.86937078244694 13.037722 80.243082 50
492 1358.7799245541055 -235.03053273670997 13.03829 80.243183 50
493 1386.1100497076304 -158.80453927935912 13.038979 80.243435 50
494 1440.2304539747158 -62.66357831998393 13.039848 80.243934 50
495 -191.5523699348611 89.30619471470851 13.041222 80.22889 50
496 -232.66122674586094 97.49319326336114 13.041296 80.228511 50
497 28.851464971416483 804.8659743535562 13.04769 80.230922 50
498 -63.017373998854346 880.3163011825354 13.048372 80.230075 50
499 -62.47509061756213 864.8279744445621 13.048232 80.23008 50
500 -58.787349437707235 852.2160442515271 13.048118 80.230114 50
501 -29.82754485236587 820.1330384831978 13.047828 80.230381 50
502 -20.933506053593945 814.0483312105331 13.047773 80.230463 50
503 919.2896848637281 -909.3433464733744 13.032195 80.239131 50
504 930.1373650854579 -927.2651651430518 13.032033 80.239231 50
505 439.70247921758477 1470.4250605002014 13.053706 80.23471 50
506 431.13409252274766 1466.4422111791312 13.05367 80.234631 50
507 409.9852262818563 1392.2085290788223 13.052999 80.234436 50
508 402.6102182869007 1365.767627067579 13.05276 80.234368 50
509 372.4592966827168 1258.1233088764563 13.051787 80.23409 50
510 368.5548287144361 1245.290069098896 13.051671 80.234054 50
511 363.4573198112039 1228.80599375475 13.051522 80.234007 50
512 349.683465192654 1160.9890612263762 13.050909 80.23388 50
513 330.59523154778896 1062.4166808973496 13.050018 80.233704 50
514 318.88187729183034 1006.437303081495 13.049512 80.233596 50
515 305.4331058942437 946.364569675904 13.048969 80.233472 50
516 285.042841751862 862.9486533705674 13.048215 80.233284 50
517 -52.60767972468307 -596.8267079905934 13.03502 80.230171 50
518 -51.08909201812113 -589.0825559663253 13.03509 80.230185 50
519 -47.29264946348973 -583.1085003792349 13.035144 80.23022 50
520 -44.25549912787314 -579.9002126631995 13.035173 80.230248 50
521 -42.303046333175196 -578.2407539546904 13.035188 80.230266 50
522 -35.36097800231562 -559.9866840652514 13.035353 80.23033 50
523 9.76223095487332 -410.3032427738353 13.036706 80.230746 50
524 18.331246487518833 -381.87112293794183 13.036963 80.230825 50
525 76.36144244256685 -184.50566121329777 13.038747 80.23136 50
526 87.09964190449563 -145.67421242180808 13.039098 80.231459 50
527 216.821944014571 505.2783893236398 13.044982 80.232655 50
528 209.01286979400356 450.0735264560647 13.044483 80.232583 50
529 203.5898180963067 420.53504527631355 13.044216 80.232533 50
530 199.68526802942378 391.7709927519465 13.043956 80.232497 50
531 197.082267069664 367.4321849601247 13.043736 80.232473 50
532 195.5639566695685 337.8937352555303 13.043469 80.232459 50
533 194.91335737745638 310.23601687915095 13.043219 80.232453 50
534 193.93736482110327 281.69324993677134 13.042961 80.232444 50
535 192.85293117636414 249.2784031000458 13.042668 80.232434 50
536 192.52772673486058 221.510057903805 13.042417 80.232431 50
537 192.85320931454515 209.56192872939593 13.042309 80.232434 50
538 194.6971701064003 204.91544616507252 13.042267 80.232451 50
539 196.4326540874065 201.81779480398686 13.042239 80.232467 50
540 198.38506566378325 199.494561039524 13.042218 80.232485 50
541 200.87981520999054 196.39691544961795 13.04219 80.232508 50
542 -62.368449670981555 60.099058534977964 13.040958 80.230081 50
543 -60.95837898495083 60.3203170479655 13.04096 80.230094 50
544 -37.42105598395739 58.55018165508115 13.040944 80.230311 50
545 4.881053949932829 49.25716657902109 13.04086 80.230701 50
546 42.30217494369554 41.07051693853652 13.040786 80.231046 50
547 120.18157245561376 22.263505104483535 13.040616 80.231764 50
548 124.95412128165134 22.927311334261447 13.040622 80.231808 50
549 127.9911893684518 25.139941921524127 13.040642 80.231836 50
550 130.91978989965511 27.352572331257278 13.040662 80.231863 50
551 1375.620639148723 1372.2156327268233 13.052818 80.243339 50
552 1394.4931882501376 1368.23386822255 13.052782 80.243513 50
553 1398.9401437918866 1367.79157000918 13.052778 80.243554 50
554 1443.7352201288356 1360.9347639131308 13.052716 80.243967 50
555 1493.0855537913242 1357.0653124525977 13.052681 80.244422 50
556 1500.135542269425 1357.6188502138039 13.052686 80.244487 50
557 142.74276959705102 13.966300417911267 13.040541 80.231972 50
558 134.82466118080367 15.73635382126286 13.040557 80.231899 50
559 126.58115043098783 17.948931333021736 13.040577 80.231823 50
560 365.29772944470426 1488.6780784349562 13.053871 80.234024 50
561 377.4453520556868 1491.8865395563732 13.0539 80.234136 50
562 415.623816986256 1486.0236493164107 13.053847 80.234488 50
563 444.6915489692556 1479.939401528904 13.053792 80.234756 50
564 501.7424516816558 1466.9965616996774 13.053675 80.235282 50
565 572.3511600453916 1450.6245594543645 13.053527 80.235933 50
566 597.5143194114089 1445.978594438526 13.053485 80.236165 50
567 628.8597798634688 1441.8859475881661 13.053448 80.236454 50
568 661.2898673785006 1437.6827315066853 13.05341 80.236753 50
569 686.0192102117319 1432.926206041978 13.053367 80.236981 50
570 714.3278156172853 1427.2847478969882 13.053316 80.237242 50
571 751.4217988691912 1422.4179737232714 13.053272 80.237584 50
572 806.3036416806526 1412.5733723911526 13.053183 80.23809 50
573 909.451377175652 1390.0078744362688 13.052979 80.239041 50
574 945.677853979756 1382.1542981533862 13.052908 80.239375 50
575 1095.573525588987 1342.8858718146384 13.052553 80.240757 50
576 1111.6259467556256 1341.3376820041763 13.052539 80.240905 50
577 1121.821364272049 1341.3380953979467 13.052539 80.240999 50
578 421.5895709789333 1461.1317782946926 13.053622 80.234543 50
579 428.42244907770055 1473.4119181227675 13.053733 80.234606 50
580 347.31160412122813 26.137511805951952 13.040651 80.233858 50
581 339.50205268058386 19.831457011525707 13.040594 80.233786 50
582 321.27960754267957 17.507990958014947 13.040573 80.233618 50
583 294.2712461803269 22.37544575233519 13.040617 80.233369 50
584 241.77307230640847 34.21243395337578 13.040724 80.232885 50
585 207.93129565768086 42.177577665358456 13.040796 80.232573 50
586 201.74867291746233 42.620055018389756 13.0408 80.232516 50
587 196.867652857214 43.283804698853956 13.040806 80.232471 50
588 164.86983556299748 51.80216878326078 13.040883 80.232176 50
589 160.74809325405286 51.35962108245616 13.040879 80.232138 50
590 157.2771602381302 49.5895076981497 13.040863 80.232106 50
591 154.6740018111226 40.84965709359963 13.040784 80.232082 50
592 145.77957256554845 66.1840696448696 13.041013 80.232 50
593 168.12322404393362 153.47192867961436 13.041802 80.232206 50
594 174.1970496818324 201.2644909679992 13.042234 80.232262 50
595 178.5357114251205 200.26884113946863 13.042225 80.232302 50
596 185.69449962215998 199.27321086398166 13.042216 80.232368 50
597 192.74482349317114 198.05631999969538 13.042205 80.232433 50
598 137.9702711865865 3.0138238410353395 13.040442 80.231928 50
599 130.26919365846342 -16.235978029450205 13.040268 80.231857 50
600 126.4728941457007 -27.96286354566187 13.040162 80.231822 50
601 114.54173018584012 -85.04842189205348 13.039646 80.231712 50
602 98.48874680074907 -143.24029603120968 13.03912 80.231564 50
603 89.81142940043232 -174.4382163532219 13.038838 80.231484 50
604 80.59176407214768 -209.6188441608012 13.03852 80.231399 50
605 65.73176364765418 -258.0751793423278 13.038082 80.231262 50
606 45.882197615032695 -325.89190461845567 13.037469 80.231079 50
607 23.537755725240764 -396.69564618231175 13.036829 80.230873 50
608 18.873611480053277 -413.40090038862974 13.036678 80.23083 50
609 -2.3862803856091723 -488.85110905959806 13.035996 80.230634 50
610 -15.944944359238542 -534.6522517817891 13.035582 80.230509 50
611 -28.744350105051797 -564.0800308647313 13.035316 80.230391 50
612 188.9477975240828 300.38982933481424 13.04313 80.232398 50
613 188.08035143181394 259.1245157215107 13.042757 80.23239 50
614 182.2237793787733 168.4071821105394 13.041937 80.232336 50
615 154.6739241488063 54.67851133064674 13.040909 80.232082 50
616 106.08121840437947 -73.10032677234481 13.039754 80.231634 50
617 124.84576502211952 -1.522102818037995 13.040401 80.231807 50
618 136.12621131025384 26.91007424173852 13.040658 80.231911 50
619 145.1288882552027 43.94726848197962 13.040812 80.231994 50
620 154.89075540815932 72.93260034620853 13.041074 80.232084 50
621 177.8851110536763 169.62409302236006 13.041948 80.232296 50
622 181.13890978589447 199.49444221754536 13.042218 80.232326 50
623 182.65704151498883 259.4563717717266 13.04276 80.23234 50
624 1186.6816832407599 1338.796302250813 13.052516 80.241597 50
625 1192.42966524826 1350.302167391425 13.05262 80.24165 50
626 91.32988813292113 -146.89113772720071 13.039087 80.231498 50
627 43.604339157197174 -312.7268424681334 13.037588 80.231058 50
628 22.88693218314892 -383.3093199365971 13.03695 80.230867 50
629 14.751796206900533 -411.9627025285563 13.036691 80.230792 50
630 -4.664130111813057 -480.7750609130421 13.036069 80.230613 50
631 -31.022216138380557 -571.8241834138531 13.035246 80.23037 50
632 -30.913756143943104 -580.2321232241417 13.03517 80.230371 50
633 -27.117334534511244 -589.8570054891509 13.035083 80.230406 50
634 -27.117343571205303 -599.0393605545412 13.035 80.230406 50
635 -370.85680818629197 -562.8606105188952 13.035327 80.227237 50
636 -352.09165020625846 -566.5116727362251 13.035294 80.22741 50
637 -629.9920038530532 -642.5100663734853 13.034607 80.224848 50
638 -562.0901112109098 -649.4812749052938 13.034544 80.225474 50
639 -564.8027955320008 -695.3929922008961 13.034129 80.225449 50
640 -567.6240455432347 -745.5086748308149 13.033676 80.225423 50
641 -573.4815189504321 -749.7125228264715 13.033638 80.225369 50
642 -705.1787830200321 -1317.6877318016686 13.028504 80.224155 50
643 -690.8604562972488 -1318.683771191412 13.028495 80.224287 50
644 -483.78747200364194 -1362.0554306160634 13.028103 80.226196 50
645 -457.5372100715308 -1367.587415294474 13.028053 80.226438 50
646 -419.24653508838 -1376.6597439253853 13.027971 80.226791 50
647 -403.7349542029565 -1376.6599756575092 13.027971 80.226934 50
648 -394.62314390876116 -1368.8053264557284 13.028042 80.227018 50
649 -388.0061136181739 -1354.3127957782037 13.028173 80.227079 50
650 -383.99226109382545 -1327.7614781629268 13.028413 80.227116 50
651 -378.4596294819374 -1288.4876466206604 13.028768 80.227167 50
652 -372.4930415368061 -1243.0184977192534 13.029179 80.227222 50
653 -363.48925306899906 -1196.9962325907277 13.029595 80.227305 50
654 -359.14994230544426 -1163.5858068272728 13.029897 80.227345 50
655 -355.46147892510226 -1130.7285248855949 13.030194 80.227379 50
656 -351.3393724164894 -1116.2359505814757 13.030325 80.227417 50
657 -347.4342899587248 -1107.828063660096 13.030401 80.227453 50
658 -53.797426284028056 1152.8002059829428 13.050835 80.23016 50
659 -36.33479771897905 1262.324789517363 13.051825 80.230321 50
660 -53.14668637742803 1134.2142107326667 13.050667 80.230166 50
661 -61.49846607230835 1066.5081091176053 13.050055 80.230089 50
662 -62.69165630367796 1023.693949910002 13.049668 80.230078 50
663 -60.847850149106534 993.2704464665389 13.049393 80.230095 50
664 -60.197182363723634 942.1589676005349 13.048931 80.230101 50
665 -98.81117408052208 663.9223876090816 13.046416 80.229745 50
666 -109.00711208817233 595.8844359618114 13.045801 80.229651 50
667 -123.6501723858106 527.1827256294839 13.04518 80.229516 50
668 -1500.0462670634095 -987.4231545213721 13.031489 80.216827 50
669 -1478.8942917880347 -985.2116832841078 13.031509 80.217022 50
670 -1392.767981194654 -979.352743038405 13.031562 80.217816 50
671 -1046.9602874151356 -925.2696187107044 13.032051 80.221004 50
672 -1019.300478870063 -932.01913240564 13.03199 80.221259 50
673 -995.9794235721981 -936.8877388780046 13.031946 80.221474 50
674 -974.6109845419809 -945.9602253054915 13.031864 80.221671 50
675 -916.2546381797991 -975.9431629683289 13.031593 80.222209 50
676 -875.3616905781932 -995.6367669625637 13.031415 80.222586 50
677 -835.0109800248462 -1013.3389400186818 13.031255 80.222958 50
678 -827.4180882648524 -1016.3261994237911 13.031228 80.223028 50
679 -798.4563934849732 -1020.0884997215904 13.031194 80.223295 50
680 -784.7890739528992 -1021.8589845295808 13.031178 80.223421 50
681 -738.0380532372989 -1024.294153401077 13.031156 80.223852 50
682 -719.1640199905981 -1022.6351914153652 13.031171 80.224026 50
683 -701.1578064006135 -1022.856917168837 13.031169 80.224192 50
684 -1129.848254812497 1322.0886416031096 13.052365 80.220239 50
685 -1118.6765285628162 1325.628375324404 13.052397 80.220342 50
686 -999.4754906691217 1362.9064154867467 13.052734 80.221441 50
687 -859.4500646493627 1402.507564403905 13.053092 80.222732 50
688 -704.565805498871 1442.5515658879594 13.053454 80.22416 50
689 -541.5475165590922 1476.5115765292644 13.053761 80.225663 50
690 -388.2913255857451 1497.3076065106218 13.053949 80.227076 50
691 -1132.2335713211432 1342.6660926527554 13.052551 80.220217 50
692 -1134.1840702874379 1386.6972842330292 13.052949 80.220199 50
693 -1137.7600815318883 1464.6922426324234 13.053654 80.220166 50
694 -1115.5664678326818 453.7461441890964 13.044516 80.220371 50
695 -1155.8067823792292 461.93448749945867 13.04459 80.22 50
696 -1185.200507478522 470.8968368278323 13.044671 80.219729 50
697 -1213.9435339055701 477.31467895560866 13.044729 80.219464 50
698 -1232.8163214928022 481.18759759409204 13.044764 80.21929 50
699 -1192.2262066044063 1037.6591775013364 13.049794 80.219664 50
700 -1201.7726584899337 998.7175129975204 13.049442 80.219576 50
701 -1211.6442742653771 965.5286740929861 13.049142 80.219485 50
702 -1220.2145627011002 927.5826530475736 13.048799 80.219406 50
703 -1226.614975228162 903.6866630052007 13.048583 80.219347 50
704 -1237.7887471923757 858.7710186468676 13.048177 80.219244 50
705 -1241.2600823622997 847.8187162577598 13.048078 80.219212 50
706 -1255.145400175316 805.1158208005857 13.047692 80.219084 50
707 -1265.2339760723842 774.1396331061709 13.047412 80.218991 50
708 927.6431542351876 -945.6299549066599 13.031867 80.239208 50
709 932.8492779816387 -931.4690422139231 13.031995 80.239256 50
710 978.735877139557 -1028.158728438785 13.031121 80.239679 50
711 1093.4361201920387 541.5861661718797 13.04531 80.240737 50
712 1089.5311160678655 548.2238637330665 13.04537 80.240701 50
713 1256.237556273731 642.1565764038967 13.046219 80.242238 50
714 846.4655425541553 401.07626845748206 13.04404 80.23846 50
715 993.6500239775032 493.3473261590321 13.044874 80.239817 50
716 1030.8531423558989 505.51808900010553 13.044984 80.24016 50
717 997.8804045284701 486.82025790705575 13.044815 80.239856 50
718 1284.5459557921258 660.8545008554132 13.046388 80.242499 50
719 1299.0798165774218 669.1524986136908 13.046463 80.242633 50
720 1396.6950201586692 725.910919031872 13.046976 80.243533 50
721 1400.816545826961 728.2343769477372 13.046997 80.243571 50
722 1500.166785112039 784.4401002404916 13.047505 80.244487 50
723 1120.2330931044476 391.4611579335935 13.043953 80.240984 50
724 1279.3534281911097 364.47415981629456 13.043709 80.242451 50
725 1319.9199479708657 357.506329962687 13.043646 80.242825 50
726 1410.923359139828 345.12018545815477 13.043534 80.243664 50
727 1500.1916813987036 327.5345969618657 13.043375 80.244487 50
728 907.8996361670229 -890.536495099287 13.032365 80.239026 50
729 990.3420791872452 -1022.0736223393055 13.031176 80.239786 50
730 -1499.9270054930528 1202.2930176035538 13.051282 80.216827 50
731 -1410.3354349837562 1233.486204196253 13.051564 80.217653 50
732 -1379.3146756809565 1244.2158327752675 13.051661 80.217939 50
733 -1264.2342039781206 1287.7988945778757 13.052055 80.219 50
734 -1241.4568786751504 1294.1038213242603 13.052112 80.21921 50
735 -1146.4431658117346 1316.5577809012493 13.052315 80.220086 50
736 -1137.983034817651 1318.8806795591975 13.052336 80.220164 50
737 371.51395606323916 -1026.6247815176482 13.031135 80.234081 50
738 1400.568299198347 -788.9568075650642 13.033283 80.243568 50
739 1384.4054551944532 -773.5799477553024 13.033422 80.243419 50
740 1355.0088402493577 -749.4639015615583 13.03364 80.243148 50
741 1361.9499767663863 -730.2138047869205 13.033814 80.243212 50
742 1364.6613280156196 -722.1376241066113 13.033887 80.243237 50
743 1368.5656606905732 -710.2999375206728 13.033994 80.243273 50
744 1384.0745268990681 -663.7236055411618 13.034415 80.243416 50
745 1394.919970961214 -633.4102247506532 13.034689 80.243516 50
746 1400.3426727849296 -618.0322709452167 13.034828 80.243566 50
747 1379.3043260528018 -713.0651712212697 13.033969 80.243372 50
748 1391.0192402379237 -716.162243767543 13.033941 80.24348 50
749 1396.658592042398 -694.6995879774703 13.034135 80.243532 50
750 1401.4299063940225 -667.9266975363234 13.034377 80.243576 50
751 1409.8889773545463 -637.1709091360899 13.034655 80.243654 50
752 1438.8495329701457 -620.906686624294 13.034802 80.243921 50
753 1452.841664396567 -612.3873818922331 13.034879 80.24405 50
754 1408.2619434471019 -637.3922539338639 13.034653 80.243639 50
755 7.484439276174956 -605.1240659698423 13.034945 80.230725 50
756 -381.82336005627945 -1367.256676751425 13.028056 80.227136 50
757 -385.18606959347255 -1371.5712280954158 13.028017 80.227105 50
758 -395.2741759645194 -1382.523526604199 13.027918 80.227012 50
759 -412.8467862536911 -1385.620929008891 13.02789 80.22685 50
760 -475.10985976787805 -1373.1186538928264 13.028003 80.226276 50
761 -1439.6650714523578 376.6514673444814 13.043819 80.217383 50
762 -1346.161130018188 509.95692995730735 13.045024 80.218245 50
763 -1343.883204978044 513.1651139284661 13.045053 80.218266 50
764 -1339.7612385269315 519.1389800799768 13.045107 80.218304 50
765 -1311.989331378744 620.5861544487452 13.046024 80.21856 50
766 -1290.4011323909272 699.9074759597121 13.046741 80.218759 50
767 -1269.8978925461822 775.0248948676099 13.04742 80.218948 50
768 -1260.243030962234 808.9881347896069 13.047727 80.219037 50
769 -1246.6827178382932 860.0989905422567 13.048189 80.219162 50
770 -1228.3493463617967 927.1404910495606 13.048795 80.219331 50
771 -1217.1757935749715 968.0734287785145 13.049165 80.219434 50
772 -1208.3888480412422 1000.2666351699459 13.049456 80.219515 50
773 -1198.191671468569 1037.7700672885403 13.049795 80.219609 50
774 122.45940391413485 17.17449687785644 13.04057 80.231785 50
775 118.77152226760457 17.17448072778369 13.04057 80.231751 50
776 41.75984826492759 35.53897445215419 13.040736 80.231041 50
777 -39.6988688315017 53.68242812428017 13.0409 80.23029 50
778 1021.1100967603566 -2.056611821223367 13.040396 80.24007 50
779 1027.5096274572504 -1.1713271831077723 13.040404 80.240129 50
780 1033.9091660489753 -0.5073027176420339 13.04041 80.240188 50
781 1371.1689784791226 -711.0742234698431 13.033987 80.243297 50
782 1076.599712239328 1163.5523945378038 13.050932 80.240582 50
783 1065.104523176632 1115.870022627418 13.050501 80.240476 50
784 1055.8873857452083 1058.562855045457 13.049983 80.240391 50
785 1051.6583347314343 1032.232536801153 13.049745 80.240352 50
786 1039.6211070330744 974.5933776316848 13.049224 80.240241 50
787 1026.2823073350412 915.8478684313386 13.048693 80.240118 50
788 973.7953498452597 649.8893035841396 13.046289 80.239634 50
789 973.1449336725833 639.3793470516415 13.046194 80.239628 50
790 973.5788822777002 636.8348521718044 13.046171 80.239632 50
791 974.4468462956781 629.865137518127 13.046108 80.23964 50
792 982.7991963348248 613.934587903157 13.045964 80.239717 50
793 1027.814531339713 548.0002297183852 13.045368 80.240132 50
794 1039.9632816298001 530.2997463284892 13.045208 80.240244 50
795 969.3483824856654 647.565898239567 13.046268 80.239593 50
796 965.4436909790672 646.5700831742242 13.046259 80.239557 50
797 962.2982709397664 645.0211407836993 13.046245 80.239528 50
798 966.7453675083866 643.6937259676436 13.046233 80.239569 50
799 970.2163022089296 641.8131230701069 13.046216 80.239601 50
800 249.25146272264445 678.8585071841653 13.046551 80.232954 50
801 236.77858178220526 616.4625810504854 13.045987 80.232839 50
802 228.10176136175488 573.0952045930111 13.045595 80.232759 50
803 222.78722122037777 543.3354563005338 13.045326 80.23271 50
804 207.38581293349063 460.1409228735992 13.044574 80.232568 50
805 197.40738982554967 405.71046478487654 13.044082 80.232476 50
806 191.33364884498297 358.02852149523767 13.043651 80.23242 50
807 189.3814568187915 330.1495321440177 13.043399 80.232402 50
808 -15.945036992838691 -694.7349938094652 13.034135 80.230509 50
809 -10.95544496104322 -754.6968755645789 13.033593 80.230555 50
810 -6.942065963644062 -819.8583996328199 13.033004 80.230592 50
811 -0.21690164930751976 -902.9421033859325 13.032253 80.230654 50
812 2.928753133317599 -937.016376746439 13.031945 80.230683 50
813 7.484543174107852 -987.68526157982 13.031487 80.230725 50
814 271.93356095272185 -639.6395284986536 13.034633 80.233163 50
815 1075.7755728567638 48.72502100515621 13.040855 80.240574 50
816 1077.5105857723588 60.45195728430373 13.040961 80.24059 50
817 1082.173455526201 91.20751254369841 13.041239 80.240633 50
818 1090.306311726169 145.638206282063 13.041731 80.240708 50
819 1097.1375126193907 200.73263766915437 13.042229 80.240771 50
820 1103.6434206047 252.50813432059283 13.042697 80.240831 50
821 1083.2440408386012 449.20898852024925 13.044475 80.240643 50
822 1059.9225096729 487.3757299591357 13.04482 80.240428 50
823 1056.9937609503033 492.2433755869915 13.044864 80.240401 50
824 1250.0852302640537 -22.18198206231856 13.040214 80.242181 50
825 1435.0232570438175 -48.060581070106 13.03998 80.243886 50
826 1147.9606516873553 1342.0029580980004 13.052545 80.24124 50
827 1194.9240284325188 1356.2763458363286 13.052674 80.241673 50
828 1199.8042945896318 1368.1140678160127 13.052781 80.241718 50
829 1205.660687927473 1380.5049881383397 13.052893 80.241772 50
830 1244.702798202239 1471.4453555457258 13.053715 80.242132 50
831 1198.6119378526198 1351.5193760033994 13.052631 80.241707 50
832 1205.878847735131 1352.2941097446167 13.052638 80.241774 50
833 1214.8810831776552 1354.5071240141626 13.052658 80.241857 50
834 1226.9201990113363 1357.826585674247 13.052688 80.241968 50
835 1231.9093982976492 1358.82248677822 13.052697 80.242014 50
836 1276.812155056074 1368.2281611492917 13.052782 80.242428 50
837 1293.9489501213743 1371.7691508058515 13.052814 80.242586 50
838 1312.2788992033436 1373.650743952549 13.052831 80.242755 50
839 1323.4504179598973 1374.5363259824128 13.052839 80.242858 50
840 1347.5288358856665 1376.4182194244984 13.052856 80.24308 50
841 -6.942095697414985 -937.9014220816168 13.031937 80.230592 50
842 -19.524586827422198 -755.1393939080051 13.033589 80.230476 50
843 -26.03273916483436 -695.2881400021214 13.03413 80.230416 50
844 -28.202121336064973 -679.5785675898908 13.034272 80.230396 50
845 -31.67308165599751 -614.4170345240678 13.034861 80.230364 50
846 -17.246666429188114 -679.5785766285559 13.034272 80.230497 50
847 1500.2881730814408 -1444.6599675682678 13.027356 80.244487 50
848 1495.4069964603354 -1446.5409551794544 13.027339 80.244442 50
849 1490.3089212637196 -1449.3069993862575 13.027314 80.244395 50
850 1484.126193583749 -1453.5113004098719 13.027276 80.244338 50
851 1478.3773793835185 -1458.1580996070425 13.027234 80.244285 50
852 1472.3032153446727 -1464.132483558098 13.02718 80.244229 50
853 1469.374658345669 -1468.1153456607262 13.027144 80.244202 50
854 1464.7107269790013 -1475.749113333032 13.027075 80.244159 50
855 1461.1315641743058 -1484.1572376424378 13.026999 80.244126 50
856 1455.9256014069022 -1498.2076137874983 13.026872 80.244078 50
857 -1499.9768334471705 287.8181086862535 13.043016 80.216827 50
858 -1408.3836002918551 1223.9718449365193 13.051478 80.217671 50
859 -1499.9274697970532 1193.7744367284413 13.051205 80.216827 50
860 -1128.980967613179 1312.1318223837002 13.052275 80.220247 50
861 -1390.857551157888 336.2686963357016 13.043454 80.217833 50
862 -30.696907933647875 -661.6563788989895 13.034434 80.230373 50
863 -46.858826139293505 -615.1914283513207 13.034854 80.230224 50
864 -51.7399432599277 -607.3366340500581 13.034925 80.230179 50
865 -52.71616152517158 -603.2432932250874 13.034962 80.23017 50
866 34.711264687570804 -1372.5695759997182 13.028008 80.230976 50
867 16.379299271379953 -1204.6321469099641 13.029526 80.230807 50
868 10.196375083641566 -1137.2580303821292 13.030135 80.23075 50
869 -1349.3793262876618 -974.3765189183982 13.031607 80.218216 50
870 -1339.39985910577 -971.6112371560924 13.031632 80.218308 50
871 -1331.9148203066811 -960.4378939048615 13.031733 80.218377 50
872 -1326.2726271591284 -925.0363240888175 13.032053 80.218429 50
873 -1325.6214936504905 -918.6197714617398 13.032111 80.218435 50
874 -1302.950335126258 -902.4687624269807 13.032257 80.218644 50
875 -1264.6601943483868 -903.0237009192766 13.032252 80.218997 50
876 -1151.3083435567298 -904.4668720650205 13.032239 80.220042 50
877 -1117.031578158228 -904.1363912045601 13.032242 80.220358 50
878 -1141.4542265160371 1309.0346704997269 13.052247 80.220132 50
879 1453.13738227147 -49.497832086731826 13.039967 80.244053 50
880 1500.212822082415 -60.55839081027716 13.039867 80.244487 50
881 1441.7479496995588 -42.63931936603595 13.040029 80.243948 50
882 1449.7746027393894 -43.96646796034063 13.040017 80.244022 50
883 1452.2694741755156 -46.28958388961327 13.039996 80.244045 50
884 1453.1376974466423 -55.47189669136973 13.039913 80.244053 50
885 1450.534771378891 -61.003575190607286 13.039863 80.244029 50
886 1443.9183578164611 -62.884646881317245 13.039846 80.243968 50
887 1437.9525919742487 -61.77865073198575 13.039856 80.243913 50
888 1433.5049788384101 -53.14967814984382 13.039934 80.243872 50
889 1437.1924310949587 -44.7415431637529 13.04001 80.243906 50
890 -1137.118923157535 1232.1459975519303 13.051552 80.220172 50
891 -1146.338312425153 1229.9337612761587 13.051532 80.220087 50
892 -1139.3956882315315 1254.9360620061254 13.051758 80.220151 50
893 -1138.961106674499 1272.6369921208748 13.051918 80.220155 50
894 -590.8409869739505 -947.8518539625721 13.031847 80.225209 50
895 -1190.1641354064209 1067.0869103589087 13.05006 80.219683 50
896 -1181.5942071517504 1098.6163513350818 13.050345 80.219762 50
897 -1169.0104823239897 1146.519000597178 13.050778 80.219878 50
898 -1160.1151407368643 1179.8185308297852 13.051079 80.21996 50
899 -1150.787414477651 1178.601199392169 13.051068 80.220046 50
900 -1162.0689423992228 1144.8592430841659 13.050763 80.219942 50
901 -1165.3234359603525 1130.3667305651168 13.050632 80.219912 50
902 -1175.6288593741708 1096.0715850506938 13.050322 80.219817 50
903 -39.04896184379418 -577.576974048604 13.035194 80.230296 50
904 -36.445695065655514 -577.5769776163155 13.035194 80.23032 50
905 141.11571291778088 23.701805220527422 13.040629 80.231957 50
906 130.05219806173307 -3.292172006817614 13.040385 80.231855 50
907 109.33527083075471 -80.29131762654897 13.039689 80.231664 50
908 -1240.589685836288 1282.9300585810975 13.052011 80.219218 50
909 -1264.3431743916738 1276.7358068855208 13.051955 80.218999 50
910 -1377.0373333814691 1236.9140778407964 13.051595 80.21796 50
911 363.90524617016405 163.8731187822653 13.041896 80.234011 50
912 367.05153634923374 106.78764676479994 13.04138 80.23404 50
913 962.4597003749653 -870.8423671226885 13.032543 80.239529 50
914 969.7270983679018 -867.0806663010264 13.032577 80.239596 50
915 1036.001296363924 -831.6764088262889 13.032897 80.240207 50
916 1091.6450715832646 -792.1790759269222 13.033254 80.24072 50
917 1130.042116924101 -757.107573335496 13.033571 80.241074 50
918 1167.354223702783 -718.7171391135678 13.033918 80.241418 50
919 826.6512840418277 -763.4243037117153 13.033514 80.238277 50
920 868.1974121858836 -828.4739170985017 13.032926 80.23866 50
921 339.39381188354815 1.4667377234855064 13.040428 80.233785 50
922 331.36712025780605 11.534045580936722 13.040519 80.233711 50
923 1348.6137678720788 1370.0016783773092 13.052798 80.24309 50
924 1335.7068703813716 1368.894740059369 13.052788 80.242971 50
925 1304.2531484420035 1364.799888047955 13.052751 80.242681 50
926 1258.3743452593828 1353.070874769433 13.052645 80.242258 50
927 1236.1398664871595 1348.6446305676463 13.052605 80.242053 50
928 1198.720794902865 1342.4476443427359 13.052549 80.241708 50
929 1164.3387802955426 1332.931909286682 13.052463 80.241391 50
930 1114.0123725596454 1334.8105534980727 13.05248 80.240927 50
931 1032.12308362688 1349.3000149372085 13.052611 80.240172 50
932 938.1942852003112 1373.6354602980718 13.052831 80.239306 50
933 836.2395062434738 1397.4178268473718 13.053046 80.238366 50
934 816.1739598047578 1402.0637241976328 13.053088 80.238181 50
935 772.3552296428904 1410.027887902204 13.05316 80.237777 50
936 748.6020328331964 1413.7886838608638 13.053194 80.237558 50
937 709.5556956857115 1419.982982679802 13.05325 80.237198 50
938 632.330753590473 1432.92492106268 13.053367 80.236486 50
939 596.1044400508289 1440.4470169537517 13.053435 80.236152 50
940 502.9356706011391 1459.1417867151363 13.053604 80.235293 50
941 375.92702541264737 1482.2616268484599 13.053813 80.234122 50
942 1013.3778637744762 841.9459514119405 13.048025 80.239999 50
943 1005.0278836718165 794.3743616961128 13.047595 80.239922 50
944 998.4125560287902 767.3801840167912 13.047351 80.239861 50
945 990.2791416219249 728.5484489760998 13.047 80.239786 50
946 983.7723903837244 697.5715681162892 13.04672 80.239726 50
