1 2
2 3
3 4
4 5
5 6
6 7
7 8
8 9
9 10
10 11
11 12
12 13
13 14
14 15
15 16
16 17
17 18
18 19
19 20
20 21
21 22
22 23
23 24
24 25
25 26
27 28
28 29
30 31
32 33
34 35
35 36
36 37
37 38
38 39
39 40
40 41
41 42
42 43
43 44
44 45
32 46
47 48
48 30
49 50
50 51
51 52
52 53
53 54
55 56
57 58
58 59
59 60
60 61
61 62
62 63
63 64
64 65
65 66
66 67
67 68
68 69
69 70
70 71
71 72
72 73
73 74
74 75
31 76
76 77
77 78
78 79
79 1
1 80
81 82
82 83
83 84
85 81
86 87
88 89
89 90
90 91
91 92
92 93
93 94
94 95
95 96
96 49
97 98
98 99
99 100
100 101
101 102
102 80
80 103
103 104
104 105
105 106
106 107
107 108
108 109
109 110
110 111
112 113
113 114
114 115
115 116
116 117
117 118
118 119
119 120
120 121
121 122
122 123
123 124
124 125
125 126
126 127
127 128
128 129
129 130
130 131
131 132
132 133
133 134
134 135
135 136
136 137
137 138
138 139
140 141
141 142
142 143
143 144
144 145
145 146
146 147
147 148
148 149
149 150
150 151
151 152
152 153
153 154
154 155
155 156
156 157
157 158
158 159
159 160
161 162
162 163
163 164
164 165
165 166
166 167
167 168
168 169
169 170
170 171
171 172
172 173
173 174
174 175
175 176
176 177
177 178
178 179
179 180
180 181
181 182
182 183
183 161
36 184
184 185
186 39
187 188
188 186
185 189
190 191
191 192
192 193
193 194
194 195
195 196
196 197
197 198
198 199
199 200
200 201
201 202
202 203
203 204
205 206
206 207
207 208
208 209
209 210
210 211
211 212
212 213
213 214
214 215
215 216
216 217
217 218
218 219
219 220
220 221
221 222
222 223
223 224
224 225
225 226
226 227
227 228
228 229
229 230
230 231
231 232
233 234
234 235
235 236
236 237
237 238
238 239
239 240
240 241
241 242
242 243
243 244
244 245
245 246
246 247
247 248
248 249
249 250
250 251
251 252
252 253
253 254
255 256
256 257
257 258
258 259
259 260
260 261
261 262
262 263
263 264
264 265
265 266
266 267
267 268
268 269
269 270
270 271
271 272
272 273
274 275
275 276
276 277
277 278
278 279
279 280
280 281
281 282
282 283
283 284
285 286
286 287
287 288
288 289
289 290
290 291
291 292
292 293
293 294
295 296
296 297
297 298
298 299
299 300
300 285
301 302
302 303
303 304
304 305
305 306
306 307
307 308
308 309
309 310
310 311
311 312
312 313
313 314
314 315
315 316
316 317
317 318
318 319
308 320
320 321
321 322
322 323
323 324
324 325
325 326
326 327
327 328
328 329
329 330
330 331
331 332
333 334
334 335
335 336
336 337
337 338
338 339
339 340
341 342
342 343
343 344
344 345
345 346
346 347
347 348
348 349
349 350
350 351
351 352
353 354
354 355
355 356
356 357
357 358
358 359
359 360
360 361
361 362
362 363
363 364
364 350
348 365
365 366
366 367
367 368
368 369
370 371
371 372
372 373
373 374
374 375
375 376
376 377
377 378
378 379
379 380
380 381
381 382
382 383
383 384
384 385
385 386
386 370
170 387
387 388
388 389
389 390
390 391
391 392
392 393
393 394
394 395
396 397
397 398
398 399
399 400
400 401
401 402
402 403
403 404
404 405
405 406
406 407
407 408
408 409
409 410
410 411
411 412
412 413
413 414
414 415
415 416
416 417
417 418
419 420
420 421
421 422
422 423
423 424
424 425
425 426
426 427
427 428
428 429
429 430
430 431
431 432
432 433
434 435
435 436
382 437
437 438
438 439
439 440
440 441
441 442
442 443
443 444
444 445
445 446
446 447
447 448
448 449
449 450
450 451
451 452
452 453
453 454
454 455
455 456
456 457
457 458
458 459
459 460
396 461
461 442
442 462
462 463
448 464
464 465
465 466
466 467
467 468
468 469
469 470
470 471
471 472
472 473
473 474
474 475
475 476
476 477
477 478
478 417
417 479
479 480
481 482
482 483
483 484
484 485
486 487
487 488
488 489
489 490
490 491
491 492
492 493
493 494
494 495
495 496
496 497
497 498
498 499
499 500
500 501
501 502
502 190
503 504
504 505
505 506
506 507
507 508
508 509
509 510
510 511
511 512
512 500
49 513
513 514
514 515
515 516
516 517
517 518
518 519
520 521
521 522
522 523
523 524
524 525
525 526
526 527
527 528
528 529
529 530
531 532
532 533
533 534
534 392
535 536
537 538
538 539
540 541
541 542
542 543
543 544
544 545
545 546
546 547
547 548
548 263
549 550
550 551
551 552
552 553
553 554
554 555
555 556
556 557
557 558
558 559
559 560
560 561
561 562
562 563
563 564
564 565
565 566
566 567
567 568
568 548
160 569
569 570
570 571
571 572
572 233
233 573
573 574
574 575
575 576
576 577
577 578
578 430
430 579
579 580
580 581
581 582
582 583
583 584
584 232
232 585
585 586
586 587
587 588
588 589
589 590
590 591
591 592
592 593
593 594
594 595
595 596
596 597
597 598
598 599
599 600
600 601
601 602
602 603
603 604
604 605
605 606
606 607
607 181
370 608
608 609
609 610
611 612
612 613
613 614
614 615
615 616
616 617
617 618
618 619
619 620
620 621
621 622
622 623
623 624
624 625
625 626
626 627
627 628
628 558
552 629
629 630
630 631
632 633
633 634
634 635
635 636
637 638
638 639
639 640
640 641
641 642
642 643
643 644
644 645
255 540
540 646
646 647
647 648
648 649
649 650
650 284
284 651
651 652
652 549
549 653
653 654
654 655
655 631
631 656
656 657
657 658
658 659
659 660
660 661
661 662
662 663
663 664
664 285
285 665
665 666
666 667
667 668
190 187
669 670
671 672
672 673
673 674
674 675
676 677
677 678
678 679
679 680
680 681
681 682
682 683
683 684
684 685
685 307
686 687
688 689
689 690
691 692
692 255
693 694
694 695
695 696
696 697
697 698
698 699
699 700
111 701
701 702
702 703
703 704
704 705
705 706
706 707
707 708
708 709
709 710
710 711
711 712
712 713
713 714
714 686
686 715
715 716
716 717
717 718
718 719
719 720
720 721
721 722
722 723
723 724
724 725
725 726
726 727
727 728
728 729
729 730
730 731
731 636
636 732
732 733
733 734
734 735
735 736
736 737
737 738
273 737
319 700
669 739
739 740
740 741
741 742
742 34
743 744
744 745
746 747
747 748
748 749
749 750
750 751
751 752
752 753
753 754
754 755
755 756
756 757
757 758
758 294
294 759
759 760
760 761
761 762
762 763
763 764
764 765
765 766
29 767
767 768
746 75
769 770
770 771
771 772
772 773
773 774
774 669
76 775
775 776
776 777
777 778
778 779
779 780
780 781
781 782
782 783
783 784
784 785
785 27
786 787
26 788
788 789
789 55
56 790
790 791
791 792
558 793
793 794
794 795
795 796
796 651
75 797
797 798
798 799
799 97
800 801
801 802
802 803
804 805
805 806
139 807
807 808
808 419
419 809
809 810
810 811
811 812
812 813
813 814
814 815
815 816
816 573
817 818
818 819
819 820
820 821
821 822
822 823
823 824
824 825
825 826
826 827
827 828
828 829
829 830
830 831
831 832
832 833
833 834
834 835
835 836
836 221
140 837
837 838
838 839
839 840
840 841
841 842
842 645
645 843
843 844
844 845
845 846
480 847
847 848
848 849
849 850
850 851
851 852
852 853
853 854
854 855
855 856
856 857
857 858
858 859
859 860
860 861
861 232
530 862
862 863
863 864
864 865
865 866
866 867
867 868
868 869
869 870
870 871
871 872
872 873
873 225
738 874
874 875
876 877
877 878
878 879
879 880
111 881
881 882
882 883
883 75
189 190
884 743
743 255
885 886
886 887
888 889
889 57
84 888
888 890
890 891
891 892
892 60
893 894
894 895
895 57
57 765
765 893
896 897
897 898
898 899
899 900
900 901
901 902
895 903
903 896
904 905
905 906
906 907
907 896
908 909
909 910
910 911
912 913
913 914
914 915
915 916
916 917
917 908
792 918
918 919
919 920
920 921
921 922
922 923
923 924
924 925
925 926
926 927
927 928
928 929
801 930
930 301
931 932
932 933
743 934
934 935
935 936
936 937
937 938
938 939
939 940
940 941
941 942
942 943
943 944
944 945
945 946
946 947
947 948
948 949
949 950
950 951
951 952
952 932
953 954
954 955
955 956
956 874
273 957
957 958
958 959
959 960
960 961
961 962
962 963
963 611
611 964
964 965
965 966
966 967
967 968
968 969
969 970
970 971
971 972
972 973
973 974
974 975
975 976
976 977
977 978
978 979
979 980
980 981
981 687
687 982
982 983
983 295
295 984
984 985
985 986
986 987
987 988
988 989
989 990
990 991
991 992
992 993
993 668
994 995
693 996
996 997
997 998
998 999
999 1000
1000 1001
1001 1002
1002 1003
1003 1004
1004 1005
1005 1006
875 1007
1008 1009
1009 1010
1010 1011
738 931
1012 1013
1013 1014
1014 1015
1015 1016
1017 1018
1018 1019
1019 1020
1012 1021
1021 637
637 1022
1022 1023
1024 1025
1025 1026
1026 1027
1027 1028
1028 301
1012 1029
1029 1023
1023 1020
1020 676
1030 786
1007 1031
1031 688
688 953
953 931
931 1032
1032 273
875 846
846 1033
1033 1034
1034 1035
1035 1036
1036 1037
1037 1038
1038 1017
1017 637
319 1039
1039 1040
1040 1041
1041 1042
1042 1043
1043 1044
700 1045
1045 1046
1046 1047
1047 1048
1048 1049
1049 1050
1050 1051
1051 1052
792 1053
1053 1054
1054 1055
1055 1056
1056 1057
1057 1058
786 1059
33 1060
637 1016
1016 1061
1061 1062
1062 1063
1063 1064
1064 1065
1065 1066
1066 1067
1067 1068
1068 1069
1069 1070
1070 1071
1071 693
1044 1072
1072 1073
1073 1074
1074 1075
1075 1076
1076 1077
1077 1078
1078 1012
1079 995
995 1080
1080 1081
1081 1082
1082 1083
1083 951
951 1032
800 1084
1084 1085
676 1086
1086 1087
1087 1088
1088 1089
1089 1007
1085 1090
1090 353
353 1091
1091 1092
1092 1093
1093 1094
1094 1095
1095 1096
1096 1097
1097 1098
1098 341
341 1099
1099 1100
1100 1101
1101 1102
1102 1103
1103 1104
1104 1105
1105 1106
1107 1108
1108 1109
1109 1110
1110 1111
1111 1112
1006 1113
1113 1114
1114 1115
1115 1116
1116 1117
1117 1118
1118 459
459 1119
1119 1120
1120 535
766 894
894 1121
1121 1122
1122 1123
1123 1124
1124 885
1011 1125
1125 1126
1126 1127
933 690
690 1128
1128 1129
1129 1130
1130 1131
1131 1132
1132 1133
1133 1134
1134 994
994 1135
1135 1136
1136 1137
1137 1138
1138 1139
1127 1107
1044 693
1140 418
418 1141
1141 1142
1142 1143
1143 1144
1144 1145
1145 1146
1146 1147
1147 1148
1148 1149
1149 1150
1150 1151
1151 1152
1152 1153
1153 1154
1154 1155
1155 451
668 1156
1156 1157
1157 1158
1158 1159
1159 746
97 1160
1160 1161
1161 1162
1162 1163
1163 1164
1164 27
140 1165
1165 1166
1166 632
485 1167
1167 1168
1168 1169
1169 1170
1170 1171
1171 1172
1172 1173
1173 1174
1174 1175
1175 1176
1176 1177
1177 1178
1178 1179
1179 1180
1180 1181
1181 1182
1182 1183
1183 1184
1184 1185
1185 1186
1186 1187
1187 1188
1188 1189
1189 1190
1190 1191
1191 1192
1192 1193
1193 1194
1194 1195
1195 1196
1196 710
46 1197
1197 1198
1198 1199
1199 1200
1200 1201
1201 1202
1202 1203
1204 33
1060 1205
1205 1206
1206 1207
1207 1208
1208 1209
1209 1210
1210 1211
1211 1212
1212 1213
1213 1214
1214 1215
1215 1216
1216 1030
786 1217
1218 1219
1219 1220
1220 1221
1221 1222
1222 1223
1223 1224
1224 1178
1178 112
112 1225
1225 1226
1226 1227
1227 1228
1228 1229
1229 1230
1230 1231
1231 1232
1232 1233
1233 1234
1234 1235
1235 1236
1236 1237
1237 1238
1238 1239
1239 1240
1240 1241
1241 1242
1242 1243
1243 1244
1244 1245
1245 1246
1246 1247
1247 1248
1248 1249
1249 1250
1250 1251
1251 140
1252 47
1059 1253
1254 1252
1255 1256
1256 1257
1257 1254
1258 1259
1259 1260
1260 32
33 1261
1261 1262
1262 1263
1263 1255
1030 1264
1264 1265
1265 1266
1266 1059
1253 912
912 1267
1267 1268
1268 792
1269 1270
1270 1271
1271 1272
1272 1253
1258 1273
1273 1274
1274 1275
1275 1276
1276 1255
929 1277
1277 1278
1278 1279
1279 1280
1280 1281
1281 1282
1282 1283
1283 1284
1284 30
768 1285
1285 1286
1286 1287
1285 1288
1288 1289
1289 1290
1290 1291
1291 1292
1292 1293
1293 1294
1294 1295
1295 1296
787 1297
1297 1298
1298 1299
1299 1300
1300 1301
26 1218
1218 1302
1302 1303
1303 1304
1304 1305
1305 1306
1306 1307
1307 1308
1308 1309
1309 1310
1310 1311
1311 1312
1312 1313
1313 481
481 1314
1314 1315
1315 1316
1316 1317
1317 1318
1318 1319
1319 1320
1320 1321
1321 1322
1322 1323
1323 1324
1324 1325
1325 1326
1326 1327
1327 1328
1328 1329
1329 1330
1330 1331
1331 1332
1332 1333
1333 1334
1334 205
205 1335
1335 1336
1336 190
1058 1337
1337 1338
1338 1030
911 1339
1339 1340
1340 1341
1341 1342
1342 1343
1343 1344
1344 1218
1345 1346
1346 1347
1347 1348
1348 1349
1349 1350
1350 1060
537 1351
1351 944
944 263
1317 1352
1352 1353
1353 1354
1354 1355
1355 1356
1356 1357
1357 1358
1358 1359
1359 1360
1360 1361
1361 1362
1362 1363
1363 1364
1364 1365
1365 1366
1366 139
995 1367
1367 539
539 1368
1368 1369
1369 1370
1370 1371
1371 1098
54 804
1372 671
671 1373
1373 1374
1374 1375
1375 1376
1376 1377
1377 1378
1378 1379
1379 1380
1380 1381
1381 1382
1382 1383
1383 1384
1384 1385
1385 1386
1386 1387
1387 1388
1388 1389
1389 1390
1390 1391
1391 1269
1217 1392
1392 1393
1393 1394
1394 1395
1395 1396
1396 1397
1397 1398
1398 1399
1399 1400
1400 1401
1401 1402
1402 1403
1403 1404
1404 1405
1405 1406
1406 1407
1407 1408
1408 1409
1409 1410
1410 1411
1411 1412
1412 1413
1413 1414
1414 672
672 1415
1415 1416
1416 1417
1417 1418
1418 1419
1419 1420
45 1421
1421 1422
1422 1423
1423 1424
1424 1425
1425 1372
1112 1426
1426 800
904 1427
1427 895
764 1428
1428 1429
1429 1430
1430 1431
1431 1432
1432 58
171 1433
1433 1434
1434 1435
1435 1436
1436 610
433 1140
135 1437
1437 1438
1438 1439
1439 1366
1420 769
42 1440
1440 1441
1441 1442
1442 769
769 1443
1443 1444
1444 34
434 1445
1445 1446
1446 1447
1447 165
161 1448
1448 1449
1449 1450
1450 1451
1451 1452
1452 434
542 1453
1453 1454
1454 1455
1455 1456
1456 258
752 71
501 1457
1457 1458
1458 1459
1459 1460
1460 1461
1461 1462
1462 1463
1463 1464
1464 1465
1465 1466
1466 1467
1467 1468
1468 1469
1469 1470
1470 1471
1471 1472
1472 1473
1473 1474
1474 1475
1475 1476
1476 1477
1477 1478
1478 1479
1479 1480
1480 1481
1481 1482
1483 1484
1484 1485
1485 519
519 1258
1287 1486
1486 1483
1487 1005
1005 1488
1488 254
254 1489
1489 1006
1006 1490
1069 1491
1491 1492
1492 997
694 1043
1490 1487
1487 1493
1493 1494
1494 1495
1495 1496
1496 1497
1497 1498
1498 1499
1499 1500
1500 694
885 1501
1501 1502
1502 904
1427 1121
1285 1252
929 1503
1503 1252
1112 1504
1504 1505
1505 1506
1506 1507
1507 1508
1508 1509
1509 1510
1510 1511
1511 1512
1513 1514
1514 1515
1515 1516
1516 1517
1517 1518
1518 1519
1519 1520
1520 1521
1521 1522
1522 1523
1523 1524
1524 1525
1525 1526
1526 1527
1527 1528
1528 1529
1529 1513
803 1530
1530 1079
1139 1531
1531 1532
1532 1533
1533 1534
1534 1024
1535 1536
1536 1537
1537 1179
1179 1538
1538 1539
1539 1540
1540 1541
1541 1542
1542 1543
1543 26
875 1544
1544 1545
1545 1546
1546 1547
1547 1548
1548 1549
1549 1550
1550 1551
1551 1165
1165 1552
1552 1553
1553 1554
1554 1555
1555 1556
1556 1557
1557 1558
1558 1559
1559 1560
1560 1561
1561 1562
1562 1563
1563 1564
1564 1565
1565 1566
1566 1567
1567 1568
1568 1569
1569 1570
1570 1571
1571 1572
1572 1573
1573 1574
1574 1575
1575 1535
1576 1577
1577 1345
876 1578
1578 1516
1514 1579
1522 1580
1580 1512
333 1528
1517 1581
1581 1582
1582 1583
1583 1519
1512 1584
1584 1524
352 1582
1525 333
1579 876
1345 1204
