0 0 0 -34.6064524863637 -58.4357208292207 50
1 -621.8379814846322 469.28112402375984 -34.602222 -58.4425 50
2 -607.9867218764849 463.6244456068715 -34.602273 -58.442349 50
3 -594.318834709981 456.4146682706469 -34.602338 -58.4422 50
4 1132.0568746897757 964.4388868709009 -34.597758 -58.42338 50
5 1112.8841125094204 959.1164173857791 -34.597806 -58.423589 50
6 1089.7675002328567 959.1191684038442 -34.597806 -58.423841 50
7 1034.0856578823764 957.6834258493232 -34.597819 -58.424448 50
8 1012.5284422302208 957.1311434064911 -34.597824 -58.424683 50
9 987.0266934261044 956.246432606764 -34.597832 -58.424961 50
10 -570.7451104744291 -1026.0982529946864 -34.615702 -58.441944 50
11 -469.5903309573693 -936.2363931635751 -34.614892 -58.440841 50
12 -458.2182041452942 -928.4704752585965 -34.614822 -58.440717 50
13 -602.9441278688871 500.89836688937186 -34.601937 -58.442294 50
14 -638.812512874414 540.2772823041017 -34.601582 -58.442685 50
15 -641.2893728747629 543.0504434364238 -34.601557 -58.442712 50
16 -648.0778075645712 550.5934347071257 -34.601489 -58.442786 50
17 -502.3134796371085 409.16252734198446 -34.602764 -58.441197 50
18 -498.36878851913207 401.2864748866019 -34.602835 -58.441154 50
19 -495.34120769131056 390.3042385833396 -34.602934 -58.441121 50
20 -490.75431888968063 380.09861720685603 -34.603026 -58.441071 50
21 -466.5363554795025 338.9436052474649 -34.603397 -58.440807 50
22 -462.4082941681912 331.5112792149936 -34.603464 -58.440762 50
23 -455.2530534408387 319.64176732192004 -34.603571 -58.440684 50
24 -251.06192638929528 6.706551268271159 -34.606392 -58.438458 50
25 -252.43829416652878 25.787055913386467 -34.60622 -58.438473 50
26 -252.62209517811297 38.766256545503 -34.606103 -58.438475 50
27 -252.0720898008339 51.079876672707066 -34.605992 -58.438469 50
28 -250.51313714103196 63.948190795405694 -34.605876 -58.438452 50
29 -248.12865364187564 76.37279308465975 -34.605764 -58.438426 50
30 -245.010313281576 86.57874654080257 -34.605672 -58.438392 50
31 -241.98362046323336 94.12229548623625 -34.605604 -58.438359 50
32 -236.57222679183928 106.76883964013157 -34.60549 -58.4383 50
33 -1380.473742049137 787.022908737543 -34.599357 -58.45077 50
34 -1284.1508826255706 747.8773350273979 -34.59971 -58.44972 50
35 -1256.6302281619028 736.787786481899 -34.59981 -58.44942 50
36 -1250.2087416173345 734.1262578417502 -34.599834 -58.44935 50
37 -693.755469141106 508.5464024116941 -34.601868 -58.443284 50
38 -753.0999182498991 463.72470707511775 -34.602272 -58.443931 50
39 -833.264526390776 403.924778648684 -34.602811 -58.444805 50
40 -847.4813206910167 394.0504219453422 -34.6029 -58.44496 50
41 -905.3569374165164 352.00121005926883 -34.603279 -58.445591 50
42 -916.7301641979325 343.2363572689619 -34.603358 -58.445715 50
43 -922.9670894331202 338.4656040548891 -34.603401 -58.445783 50
44 -936.4498879319108 328.7021161993042 -34.603489 -58.44593 50
45 1349.7917568339751 -556.5975292930843 -34.611469 -58.421004 50
46 1383.974345336722 -744.1911178296934 -34.61316 -58.420631 50
47 1412.200512938918 -890.072963496792 -34.614475 -58.420323 50
48 1411.3729012653178 -904.3832631522898 -34.614604 -58.420332 50
49 1410.36265911071 -913.4796590792178 -34.614686 -58.420343 50
50 1435.4722641275694 -1042.6101698991151 -34.61585 -58.420069 50
51 -64.1210068763109 -1311.8457658369098 -34.618278 -58.43642 50
52 -58.25148012725225 -1324.824958336645 -34.618395 -58.436356 50
53 -13.955415313806157 -1430.322649062421 -34.619346 -58.435873 50
54 329.4710667598755 489.15321397450407 -34.602043 -58.432129 50
55 314.79424296067026 478.7259940094864 -34.602137 -58.432289 50
56 234.62287204669903 429.47398340196617 -34.602581 -58.433163 50
57 -186.00240914490496 -1376.0779706887697 -34.618857 -58.437749 50
58 -301.9210317110237 -1440.755325119682 -34.61944 -58.439013 50
59 -235.10090886533408 -40.106919879579955 -34.606814 -58.438284 50
60 -237.21114774964948 -16.034427776089665 -34.606597 -58.438307 50
61 -238.22030840066458 -7.936316311597803 -34.606524 -58.438318 50
62 -238.31277136239657 20.79542824438323 -34.606265 -58.438319 50
63 -235.47015954282648 52.63338132821432 -34.605978 -58.438288 50
64 -228.22463767720572 78.7029062553481 -34.605743 -58.438209 50
65 -223.4554119734573 95.89769539969052 -34.605588 -58.438157 50
66 -216.0261381240071 111.87227707618248 -34.605444 -58.438076 50
67 -210.61463799879326 121.85640491974638 -34.605354 -58.438017 50
68 -205.11137475844373 130.62026446689225 -34.605275 -58.437957 50
69 -191.7200131223907 149.8120235516335 -34.605102 -58.437811 50
70 -1464.664242366749 1250.1561584631536 -34.595182 -58.451687 50
71 -1499.426972891327 1219.2002333448547 -34.595461 -58.452066 50
72 -1404.034969623821 1302.0822817427565 -34.594714 -58.451026 50
73 1471.8519153818715 -1233.0888310100077 -34.617567 -58.419672 50
74 1474.6020030987338 -1240.854620158476 -34.617637 -58.419642 50
75 1476.1604312966692 -1244.9594115092025 -34.617674 -58.419625 50
76 1476.4160318476524 -1367.319213552431 -34.618777 -58.419622 50
77 1476.6700482167507 -1499.5521301383253 -34.619969 -58.419619 50
78 924.0442633980707 416.4516242025568 -34.602698 -58.425647 50
79 955.8731700429161 412.23292504558236 -34.602736 -58.4253 50
80 1005.3134029333132 405.68262015572316 -34.602795 -58.424761 50
81 1035.5829002349678 401.6856826803386 -34.602831 -58.424431 50
82 1066.4027718718985 398.0213827245809 -34.602864 -58.424095 50
83 1409.6203828552589 836.605679463906 -34.59891 -58.420354 50
84 1401.1708190099325 768.7158103213676 -34.599522 -58.420446 50
85 1221.7450713544604 -624.4710284325854 -34.612081 -58.4224 50
86 -874.3976177524097 -150.30211557887725 -34.607807 -58.445254 50
87 -856.4198775028598 -153.62843658270197 -34.607837 -58.445058 50
88 -852.6592526519046 -154.0718229380139 -34.607841 -58.445017 50
89 -731.0346291546965 -177.3574319325245 -34.608051 -58.443691 50
90 -966.9468959071927 -129.34490940088597 -34.607618 -58.446263 50
91 -985.3819381961322 -139.10899422280133 -34.607706 -58.446464 50
92 -990.0594720779347 -141.66096195760235 -34.607729 -58.446515 50
93 -271.24078853348465 -1.1702886621825428 -34.606463 -58.438678 50
94 -200.88642506946033 -128.63096763824444 -34.607612 -58.437911 50
95 -194.46565366793376 -140.27883841300664 -34.607717 -58.437841 50
96 -156.30833678356657 -204.95229623385325 -34.6083 -58.437425 50
97 -114.39157735975691 -224.25409854019853 -34.608474 -58.436968 50
98 -131.91041990712654 -213.16098942630344 -34.608374 -58.437159 50
99 -137.23028556465255 -209.83306414768572 -34.608344 -58.437217 50
100 -144.20117693039992 -203.73183201193444 -34.608289 -58.437293 50
101 -148.87904044958972 -198.1852351020313 -34.608239 -58.437344 50
102 690.6389191558537 -1499.570997734541 -34.61997 -58.42819 50
103 681.7475560265848 -1440.7755166943505 -34.61944 -58.428287 50
104 517.3779731755606 1349.7646518593365 -34.594285 -58.430081 50
105 410.6004426113759 1433.4136046767242 -34.593531 -58.431245 50
106 -1045.0304113579887 120.91232550455065 -34.605362 -58.447114 50
107 -1080.9930161423058 178.14980957657048 -34.604846 -58.447506 50
108 -1092.9193819517932 196.23054583400938 -34.604683 -58.447636 50
109 -1102.368011231594 204.21662659638537 -34.604611 -58.447739 50
110 -793.5799525986513 -277.86826726525146 -34.608957 -58.444373 50
111 -851.7390961598499 -186.0205617783701 -34.608129 -58.445007 50
112 -855.2250056551217 -180.58514585315507 -34.60808 -58.445045 50
113 -864.3067503705001 -166.27557904852046 -34.607951 -58.445144 50
114 -865.6827483268404 -164.38983963174798 -34.607934 -58.445159 50
115 -929.1594969199145 -109.59489140442412 -34.60744 -58.445851 50
116 -954.5651165996414 -122.90948614271423 -34.60756 -58.446128 50
117 -955.6657216849082 -123.46426678446392 -34.607565 -58.44614 50
118 493.8006731847994 1330.463569263999 -34.594459 -58.430338 50
119 485.26880470735944 1322.9205652218006 -34.594527 -58.430431 50
120 482.6083393985489 1320.702040987429 -34.594547 -58.43046 50
121 450.6829955583168 1296.9639524143731 -34.594761 -58.430808 50
122 441.14211973427405 1289.8646890855791 -34.594825 -58.430912 50
123 412.9782335865834 1268.0121532899054 -34.595022 -58.431219 50
124 -79.27197335402542 883.1937272407433 -34.598491 -58.436585 50
125 -98.26031176399565 868.8831568909034 -34.59862 -58.436792 50
126 -107.61685700054704 861.3395922355191 -34.598688 -58.436894 50
127 -119.81703906163287 851.7991832292466 -34.598774 -58.437027 50
128 -170.63559696476858 813.4154815040135 -34.59912 -58.437581 50
129 -430.33137388971465 -1053.3803116838753 -34.615948 -58.440413 50
130 -437.94406403568667 -1041.9545124593465 -34.615845 -58.440496 50
131 -442.5343931446878 -943.8894738236844 -34.614961 -58.440546 50
132 -442.9932327110891 -938.2318852249157 -34.61491 -58.440551 50
133 -445.1950361821987 -924.2543650251674 -34.614784 -58.440575 50
134 -968.7222661990063 182.59957815770548 -34.604806 -58.446282 50
135 -924.9729075614864 216.77152790156146 -34.604498 -58.445805 50
136 -892.2294813080285 242.51128004334905 -34.604266 -58.445448 50
137 -889.2944789437389 244.73022951432293 -34.604246 -58.445416 50
138 -884.9836982999996 248.05864319024784 -34.604216 -58.445369 50
139 -881.8655373055755 253.38374148619974 -34.604168 -58.445335 50
140 -792.6228902382556 327.60622000371393 -34.603499 -58.444362 50
141 -702.8283478935368 400.49667162637706 -34.602842 -58.443383 50
142 703.7057874586956 1495.2966536062904 -34.592973 -58.42805 50
143 674.5314290399883 1471.891933269501 -34.593184 -58.428368 50
144 650.4030344202913 1452.1475607277573 -34.593362 -58.428631 50
145 644.6232722488718 1447.8215724056463 -34.593401 -58.428694 50
146 634.6233294146027 1439.6132106291498 -34.593475 -58.428803 50
147 613.6143878665932 1423.1965213158544 -34.593623 -58.429032 50
148 602.4218878529066 1414.5444708261564 -34.593701 -58.429154 50
149 -1216.4608956659786 1500.1245196046248 -34.592929 -58.448981 50
150 -1251.4080909924432 1463.4009903176302 -34.59326 -58.449362 50
151 988.8626256171067 -748.4668616556837 -34.613199 -58.424939 50
152 954.0087174708215 -767.432832751158 -34.61337 -58.425319 50
153 910.8084460536254 -790.6135838943992 -34.613579 -58.42579 50
154 894.5739894598526 -799.4866814158424 -34.613659 -58.425967 50
155 878.6147302820735 -808.1379666250612 -34.613737 -58.426141 50
156 746.1723684523181 -880.0112620704015 -34.614385 -58.427585 50
157 681.2358980161517 -916.725252738373 -34.614716 -58.428293 50
158 665.0935887939731 -925.7096948240833 -34.614797 -58.428469 50
159 661.7917532519543 -927.5953282168284 -34.614814 -58.428505 50
160 -49.72826620895388 -243.66687450085075 -34.608649 -58.436263 50
161 -76.05209983142382 -243.44518656002322 -34.608647 -58.43655 50
162 -84.76557978965965 -241.67032745384927 -34.608631 -58.436645 50
163 -92.10326796341161 -238.3423947942757 -34.608601 -58.436725 50
164 -104.39392594065009 -231.1318526476125 -34.608536 -58.436859 50
165 105.0045641494018 -238.12066535257964 -34.608599 -58.434576 50
166 85.65145765226325 -241.78126903794626 -34.608632 -58.434787 50
167 67.39903932703126 -242.0029849397136 -34.608634 -58.434986 50
168 51.53136024115809 -242.11381639261123 -34.608635 -58.435159 50
169 8.239197043769622 -242.66834370343892 -34.60864 -58.435631 50
170 -6.252669886324625 -243.0011424288325 -34.608643 -58.435789 50
171 -21.20313938622212 -243.22303146188312 -34.608645 -58.435952 50
172 -31.1089716632936 -243.33399288987414 -34.608646 -58.43606 50
173 -44.225026640983856 -243.55591313498806 -34.608648 -58.436203 50
174 217.45590196171926 -164.46283392605267 -34.607935 -58.43335 50
175 204.61455504686796 -179.99321917830366 -34.608075 -58.43349 50
176 194.52501154132574 -189.53327544962232 -34.608161 -58.4336 50
177 180.03283237485437 -201.29192454386836 -34.608267 -58.433758 50
178 151.59901690745002 -218.26422847026683 -34.60842 -58.434068 50
179 136.1897913011013 -225.8074616280334 -34.608488 -58.434236 50
180 121.05575022654021 -233.57259097495066 -34.608558 -58.434401 50
181 -966.3832447380009 1500.1540110246804 -34.592929 -58.446255 50
182 -944.5470660603017 1475.1963088323434 -34.593154 -58.446017 50
183 -936.931961034386 1466.5442977412063 -34.593232 -58.445934 50
184 -926.4727403266158 1455.230169934963 -34.593334 -58.44582 50
185 -873.0758734261968 1395.4423931320694 -34.593873 -58.445238 50
186 -855.4605307768634 1375.365136697716 -34.594054 -58.445046 50
187 -842.7995917731644 1361.3887201737534 -34.59418 -58.444908 50
188 -809.7712515931612 1325.1165242999177 -34.594507 -58.444548 50
189 -790.8717620172806 1303.7080570378312 -34.5947 -58.444342 50
190 -328.0003339827283 -481.7357300481684 -34.610795 -58.439297 50
191 -324.51467640516285 -492.05241953534284 -34.610888 -58.439259 50
192 -317.63511780145154 -512.2420721818494 -34.61107 -58.439184 50
193 -314.97504637250233 -519.563590354996 -34.611136 -58.439155 50
194 -312.0397918982357 -527.8835013431858 -34.611211 -58.439123 50
195 -275.808400022956 -623.1742105871563 -34.61207 -58.438728 50
196 -249.11696415914304 -690.6210179312699 -34.612678 -58.438437 50
197 -243.8887876859352 -703.9328987360911 -34.612798 -58.43838 50
198 -76.77694058097234 -1318.7237454370397 -34.61834 -58.436558 50
199 -125.19945047516029 -1346.4576747975254 -34.61859 -58.437086 50
200 -148.76868108452197 -1357.1076499694905 -34.618686 -58.437343 50
201 -168.66949466809922 -1366.7592152648058 -34.618773 -58.43756 50
202 -401.3198694838185 362.3535958581325 -34.603186 -58.440096 50
203 -489.19631698153694 405.72429715154954 -34.602795 -58.441054 50
204 -143.19139027215564 -258.9766618834662 -34.608787 -58.437282 50
205 -116.22555702311723 -259.08721731134506 -34.608788 -58.436988 50
206 -205.16694101404943 -1499.6584287095639 -34.619971 -58.437958 50
207 -166.83318889827956 -1484.0160163837882 -34.61983 -58.43754 50
208 -148.8584463715369 -1477.914360229446 -34.619775 -58.437344 50
209 -404.04449049826053 -260.09370967453526 -34.608797 -58.440126 50
210 -400.92543091392196 -273.07278538980563 -34.608914 -58.440092 50
211 -391.38524006628 -303.13533760465907 -34.609185 -58.439988 50
212 -383.86334677942796 -323.5467751476919 -34.609369 -58.439906 50
213 -376.7084014996648 -343.0707668032929 -34.609545 -58.439828 50
214 -331.761166497206 -471.08625149979355 -34.610699 -58.439338 50
215 -387.5347530837681 -261.2023377904937 -34.608807 -58.439946 50
216 -348.37011871374494 -260.75704668526396 -34.608803 -58.439519 50
217 -280.4969933333401 -259.3126056862128 -34.60879 -58.438779 50
218 -221.79585428711206 -259.75474615323645 -34.608794 -58.438139 50
219 -208.6798215338751 -259.75444106077657 -34.608794 -58.437996 50
220 -128.0639991737957 210.2718031791124 -34.604557 -58.437117 50
221 -174.6608932404419 237.22784505927348 -34.604314 -58.437625 50
222 -285.74233033695054 299.9024203428636 -34.603749 -58.438836 50
223 -318.67260717070326 317.9834786878241 -34.603586 -58.439195 50
224 -333.16565189125447 326.30296828089473 -34.603511 -58.439353 50
225 -602.392669282066 484.1474736115034 -34.602088 -58.442288 50
226 -539.42653014533 -215.94910802351757 -34.608399 -58.441602 50
227 -526.9501569809316 -256.771889799023 -34.608767 -58.441466 50
228 1302.969448735374 -234.440070806075 -34.608565 -58.421515 50
229 1376.4380561886883 -232.56483958027405 -34.608548 -58.420714 50
230 1436.8822371242304 -231.35376057027412 -34.608537 -58.420055 50
231 1499.4359402997884 -230.5871517013192 -34.60853 -58.419373 50
232 -1377.1454571775093 -3.931192020527323 -34.606487 -58.450735 50
233 -1243.1327114448145 -43.95917231446653 -34.606848 -58.449274 50
234 -275.20666225256684 731.3223506635667 -34.59986 -58.438721 50
235 -296.94623490205794 715.2363548388979 -34.600005 -58.438958 50
236 -319.236100580158 698.8174887738294 -34.600153 -58.439201 50
237 -333.08696080244243 688.5002062672843 -34.600246 -58.439352 50
238 -388.6736031083801 648.4511257126501 -34.600607 -58.439958 50
239 -171.45885306288483 687.9499459944121 -34.600251 -58.43759 50
240 -130.91400714638502 671.7543502894446 -34.600397 -58.437148 50
241 -97.2490496934091 658.2209054977864 -34.600519 -58.436781 50
242 -86.79183488461618 654.005544896306 -34.600557 -58.436667 50
243 -45.05480138409831 637.3658501775853 -34.600707 -58.436212 50
244 146.19402682319017 195.96113191184844 -34.604686 -58.434127 50
245 119.77740310588469 210.1609807977954 -34.604558 -58.434415 50
246 89.50823218165593 224.027991986966 -34.604433 -58.434745 50
247 -73.67121834727543 240.89000061563118 -34.604281 -58.436524 50
248 -671.7421365335608 528.0722876407078 -34.601692 -58.443044 50
249 -681.0977799552527 519.3078730234295 -34.601771 -58.443146 50
250 1385.7404793345931 637.9278061458594 -34.600701 -58.420614 50
251 1370.034946889026 504.1445922375189 -34.601907 -58.420785 50
252 1367.0040205542575 477.7429133720001 -34.602145 -58.420818 50
253 1359.1972504610371 410.29660786785297 -34.602753 -58.420903 50
254 1356.074593706253 383.45120191052337 -34.602995 -58.420937 50
255 1353.870324738312 364.1491258598232 -34.603169 -58.420961 50
256 1499.6949983753348 1368.2943752183237 -34.594117 -58.419373 50
257 1481.8980365352018 1367.964442542895 -34.59412 -58.419567 50
258 1345.485347748588 1365.8775498943505 -34.594139 -58.421054 50
259 1207.3300430827849 1366.2294036044732 -34.594136 -58.42256 50
260 1188.615772087389 1366.2318260511765 -34.594136 -58.422764 50
261 1178.341468036544 1367.7862041568583 -34.594122 -58.422876 50
262 1488.1555420403097 347.59943883753726 -34.603318 -58.419497 50
263 1499.5294156343211 346.26640276835275 -34.60333 -58.419373 50
264 591.7200297940265 -963.7549160289991 -34.61514 -58.429269 50
265 515.7789637341065 -1004.3520493480116 -34.615506 -58.430097 50
266 637.286016377557 -1190.728011048667 -34.617186 -58.428772 50
267 609.873479365567 -1052.1701351422716 -34.615937 -58.429071 50
268 608.2232716268903 -1042.7406741167765 -34.615852 -58.429089 50
269 606.2063182118352 -1031.647186152478 -34.615752 -58.429111 50
270 597.1299392902919 -982.170232156549 -34.615306 -58.42921 50
271 429.4610447383862 629.92346473233 -34.600774 -58.431039 50
272 421.7552959761527 619.2742238783542 -34.60087 -58.431123 50
273 386.345746519304 569.6885898094793 -34.601317 -58.431509 50
274 375.7046148954081 554.9348998212661 -34.60145 -58.431625 50
275 354.0554935662432 524.2072299041333 -34.601727 -58.431861 50
276 1336.602586622291 204.07482467611987 -34.604612 -58.421149 50
277 1333.112382215073 171.79372123047978 -34.604903 -58.421187 50
278 1409.6390882896949 357.15199886606945 -34.603232 -58.420353 50
279 1433.7627428865026 354.2640260604323 -34.603258 -58.42009 50
280 1464.1236308206546 350.37660562795634 -34.603293 -58.419759 50
281 1326.7732563768961 101.24101180804611 -34.605539 -58.421256 50
282 1323.74153735667 67.51770026513496 -34.605843 -58.421289 50
283 1322.0878629901574 48.99206248571877 -34.60601 -58.421307 50
284 1317.582919850201 -24.667063262300868 -34.606674 -58.421356 50
285 1312.895988993415 -88.56403390702465 -34.60725 -58.421407 50
286 1304.8107158078897 -185.8514912492328 -34.608127 -58.421495 50
287 1303.52422734101 -202.82412316131547 -34.60828 -58.421509 50
288 1302.512672043616 -221.46079573532234 -34.608448 -58.42152 50
289 -138.88083070859466 -238.67577892011337 -34.608604 -58.437235 50
290 -138.51382162439967 -247.10671384741084 -34.60868 -58.437231 50
291 1394.649715258856 714.137628695866 -34.600014 -58.420517 50
292 1387.5775288361726 654.3456565291658 -34.600553 -58.420594 50
293 1386.9346904356014 649.4646885542071 -34.600597 -58.420601 50
294 92.07177658685056 -254.7605417201654 -34.608749 -58.434717 50
295 110.41589089738105 -254.5388755755466 -34.608747 -58.434517 50
296 134.63012048538434 -254.42826277184577 -34.608746 -58.434253 50
297 79.88019855091088 585.8925704203066 -34.601171 -58.43485 50
298 174.54367748220199 546.8427498122786 -34.601523 -58.433818 50
299 206.3731912540401 534.4175653734138 -34.601635 -58.433471 50
300 244.9791427676725 92.56914946550356 -34.605618 -58.43305 50
301 232.78035291130504 112.5374709878518 -34.605438 -58.433183 50
302 219.389032751749 129.9543367843102 -34.605281 -58.433329 50
303 208.38240041161578 142.9337948339152 -34.605164 -58.433449 50
304 195.63296924208467 155.91327655069188 -34.605047 -58.433588 50
305 186.55240763446298 164.67719955475434 -34.604968 -58.433687 50
306 169.95049074867927 178.65512254893332 -34.604842 -58.433868 50
307 1181.3349670748503 384.1407588573933 -34.602989 -58.422842 50
308 1207.384998494545 381.0312635616722 -34.603017 -58.422558 50
309 1328.0955384522026 367.0371274616835 -34.603143 -58.421242 50
310 1442.6202700728275 -1078.4428217917025 -34.616173 -58.419991 50
311 1320.103186976853 -360.90661721865195 -34.609705 -58.421328 50
312 1321.844114193047 -373.10954504260667 -34.609815 -58.421309 50
313 -1484.4824528705312 699.0367294251737 -34.60015 -58.451904 50
314 -1476.778105548768 705.1392920749832 -34.600095 -58.45182 50
315 -1413.6760855132648 759.2845811930058 -34.599607 -58.451132 50
316 -1395.7908755307853 774.2632863653253 -34.599472 -58.450937 50
317 1426.3351681623924 964.2872766773728 -34.597759 -58.420172 50
318 1396.9808242073634 964.9573537497342 -34.597753 -58.420492 50
319 1377.0748566415248 965.0712704473635 -34.597752 -58.420709 50
320 1356.7102415987545 965.2961448069465 -34.59775 -58.420931 50
321 1331.9425540773827 966.1872084852902 -34.597742 -58.421201 50
322 1305.7988404764105 966.8565336794667 -34.597736 -58.421486 50
323 1281.306449368661 968.5239555795824 -34.597721 -58.421753 50
324 1212.3236473986804 969.8644481630233 -34.597709 -58.422505 50
325 -199.70045516813002 168.55959272978043 -34.604933 -58.437898 50
326 -205.29559874032134 165.5642695865591 -34.60496 -58.437959 50
327 263.65586883828155 -1134.4664967559518 -34.616679 -58.432846 50
328 237.97616635071586 -1149.5527664977983 -34.616815 -58.433126 50
329 223.7606776959456 -1156.8740276960664 -34.616881 -58.433281 50
330 222.5684133583928 -1157.4286668147904 -34.616886 -58.433294 50
331 210.18719738112418 -1163.9734582259975 -34.616945 -58.433429 50
332 186.25022518602057 -1176.8412403603947 -34.617061 -58.43369 50
333 160.20394648502744 -1190.4855829621233 -34.617184 -58.433974 50
334 157.45258160250094 -1192.0386058589388 -34.617198 -58.434004 50
335 133.699174462048 -1205.1283947645256 -34.617316 -58.434263 50
336 96.18912011524094 -1224.3194388489794 -34.617489 -58.434672 50
337 90.31959031890767 -1227.314586515072 -34.617516 -58.434736 50
338 -36.7038780635996 -257.08975844800744 -34.60877 -58.436121 50
339 -650.6417301853182 486.9175396774431 -34.602063 -58.442814 50
340 -631.5616361319974 476.82393053071536 -34.602154 -58.442606 50
341 451.48642668276347 -1037.8506217909357 -34.615808 -58.430798 50
342 481.1504247411717 -253.99605921009538 -34.608742 -58.430475 50
343 509.3086444929721 -253.88663281269032 -34.608741 -58.430168 50
344 598.4611787493308 -251.67330082971438 -34.608721 -58.429196 50
345 708.8929116817233 -249.79523385746577 -34.608704 -58.427992 50
346 732.2817015743788 -249.3533215398089 -34.6087 -58.427737 50
347 799.4212752635995 -248.3604775963495 -34.608691 -58.427005 50
348 868.5788525662966 -245.92617545445654 -34.608669 -58.426251 50
349 994.144915988925 -241.27961015452877 -34.608627 -58.424882 50
350 1011.6636043226937 -240.94870863662678 -34.608624 -58.424691 50
351 1160.3432663719154 -237.63815571057788 -34.608594 -58.42307 50
352 1269.582971079611 -235.32289718906407 -34.608573 -58.421879 50
353 1284.074911028546 -234.8811632002174 -34.608569 -58.421721 50
354 -1415.3038268952043 606.1964123327589 -34.600987 -58.45115 50
355 -1434.1122437920492 631.7081724555554 -34.600757 -58.451355 50
356 -1475.76631546205 687.8338628584955 -34.600251 -58.451809 50
357 -925.6784668429123 -65.55398200392159 -34.607043 -58.445813 50
358 -990.5368549105897 33.724686592276164 -34.606148 -58.44652 50
359 -1110.8993117392874 211.42627431944686 -34.604546 -58.447832 50
360 -1122.2745253186956 222.07450352470713 -34.60445 -58.447956 50
361 -1128.329151474162 228.2860348782496 -34.604394 -58.448022 50
362 -1169.0623657479637 284.96791803798885 -34.603883 -58.448466 50
363 -904.4874835452634 -97.27883899876427 -34.607329 -58.445582 50
364 -913.2023657332188 -84.30048689053274 -34.607212 -58.445677 50
365 -1037.7828122246206 108.59953723412947 -34.605473 -58.447035 50
366 -1223.8701487490123 -50.05794131205448 -34.606903 -58.449064 50
367 -1143.8850230787866 -74.56398892843204 -34.607124 -58.448192 50
368 -1141.316701692359 -75.34020559232309 -34.607131 -58.448164 50
369 -1100.8656075811418 -88.31451264861585 -34.607248 -58.447723 50
370 -1065.918143264186 -99.62562805513525 -34.60735 -58.447342 50
371 -1491.7133669161894 32.215331894744935 -34.606161 -58.451984 50
372 -1414.203549960567 9.0424249352624 -34.60637 -58.451139 50
373 -1408.1495505684536 7.268414002003592 -34.606386 -58.451073 50
374 -1001.802224985676 -119.69741086137705 -34.607531 -58.446643 50
375 -1000.6098043486969 -120.03008206256095 -34.607534 -58.44663 50
376 -1499.9688505813474 34.54359841484383 -34.60614 -58.452074 50
377 -1138.7507738357249 688.7689367942954 -34.600243 -58.448135 50
378 -1086.9210823581325 669.250913000757 -34.600419 -58.44757 50
379 -993.352652664415 630.8785149352636 -34.600765 -58.44655 50
380 -972.621006769358 623.1153872243149 -34.600835 -58.446324 50
381 -821.8128154603413 563.5588323073425 -34.601372 -58.44468 50
382 -701.1859346319567 514.979973937401 -34.60181 -58.443365 50
383 -404.50819975935696 -143.28083862895414 -34.607744 -58.440131 50
384 -403.41073666066063 -69.95381036420952 -34.607083 -58.440119 50
385 -403.87220528368414 -4.503128570813729 -34.606493 -58.440124 50
386 -240.40331623237955 -713.9168227582985 -34.612888 -58.438342 50
387 -201.14648959054114 -823.1853956762543 -34.613873 -58.437914 50
388 -197.29423095973866 -834.0567978901162 -34.613971 -58.437872 50
389 -193.90058282223234 -843.5970091857605 -34.614057 -58.437835 50
390 -404.503752591817 -245.00678348146914 -34.608661 -58.440131 50
391 -404.50410662313965 -236.90864336442905 -34.608588 -58.440131 50
392 -404.1403004487759 -166.46590574196824 -34.607953 -58.440127 50
393 -259.13707088177625 131.95010962030415 -34.605263 -58.438546 50
394 -191.4240121931239 -856.7980471536802 -34.614176 -58.437808 50
395 -189.13081631196573 -872.9942950684 -34.614322 -58.437783 50
396 -185.5532837955728 -906.3852157364001 -34.614623 -58.437744 50
397 -172.1604054392685 -1047.1596266945032 -34.615892 -58.437598 50
398 -170.8762698098764 -1055.701486858532 -34.615969 -58.437584 50
399 -170.5093457230645 -1059.6950882157257 -34.616005 -58.43758 50
400 -157.76060865567982 -1100.074678849625 -34.616369 -58.437441 50
401 -155.74285295395637 -1105.288522281245 -34.616416 -58.437419 50
402 -154.45883131906157 -1108.394640631754 -34.616444 -58.437405 50
403 -124.00946824512613 -1179.0588683524568 -34.617081 -58.437073 50
404 -121.99176488877146 -1183.052450370337 -34.617117 -58.437051 50
405 -117.49777883797265 -1193.2582815742244 -34.617209 -58.437002 50
406 -102.27336108561974 -1224.874172033434 -34.617494 -58.436836 50
407 -99.43025157022612 -1231.4192226461453 -34.617553 -58.436805 50
408 -85.85676085574596 -1261.7039566532821 -34.617826 -58.436657 50
409 -77.14409150129865 -1281.4500595435868 -34.618004 -58.436562 50
410 -70.17398229572541 -1297.313508328887 -34.618147 -58.436486 50
411 -145.92927041879085 -1129.6937474052952 -34.616636 -58.437312 50
412 -143.17780227713143 -1136.9043865474014 -34.616701 -58.437282 50
413 -139.05063895859973 -1145.668075829 -34.61678 -58.437237 50
414 -135.74890937471446 -1152.9896426699217 -34.616846 -58.437201 50
415 -667.4831860752729 -18.828796154776757 -34.606622 -58.442998 50
416 -710.5001853532891 -32.365872879107464 -34.606744 -58.443467 50
417 -740.4927740284668 -41.79756283455329 -34.606829 -58.443794 50
418 -756.9107052392718 -47.012760773308976 -34.606876 -58.443973 50
419 -772.6865785098908 -52.00606745662817 -34.606921 -58.444145 50
420 -405.0656876916976 20.234964270290128 -34.60627 -58.440137 50
421 -405.8000528800507 33.436004621232456 -34.606151 -58.440145 50
422 -406.2591034138926 43.30905535923445 -34.606062 -58.44015 50
423 -406.99315010906696 49.18849220991903 -34.606009 -58.440158 50
424 -408.00234416825924 54.51324993343392 -34.605961 -58.440169 50
425 -418.55100246300776 64.27491600756615 -34.605873 -58.440284 50
426 -685.0142630273326 -1095.4394823547657 -34.616327 -58.44319 50
427 -661.1700205887987 -1082.3475871285825 -34.616209 -58.44293 50
428 -610.1797962153438 -1054.3888265080595 -34.615957 -58.442374 50
429 -328.47939562309523 94.89616292471213 -34.605597 -58.439302 50
430 -284.44964406605425 22.679992534233975 -34.606248 -58.438822 50
431 328.8648975781449 1500.4204884817802 -34.592927 -58.432136 50
432 1421.1914977532979 921.0241074754255 -34.598149 -58.420228 50
433 710.0360940934421 1500.3990944666864 -34.592927 -58.427981 50
434 313.9928927522799 1192.137743930148 -34.595706 -58.432298 50
435 851.6292199120307 953.9302851741152 -34.597853 -58.426437 50
436 844.8409513834735 953.2653079965037 -34.597859 -58.426511 50
437 836.5848230746608 951.0473934291788 -34.597879 -58.426601 50
438 821.6319613016678 945.8348712469125 -34.597926 -58.426764 50
439 811.0822621205434 940.5110067738497 -34.597974 -58.426879 50
440 709.8976676848802 891.5977648591348 -34.598415 -58.427982 50
441 660.2688155588849 865.1993272537983 -34.598653 -58.428523 50
442 601.3748924790871 831.3687015017916 -34.598958 -58.429165 50
443 592.6598911366881 823.160203208048 -34.599032 -58.42926 50
444 555.965308711126 788.4403719925157 -34.599345 -58.42966 50
445 516.8857531345764 749.1722632262711 -34.599699 -58.430086 50
446 510.1890101838097 741.6291729032398 -34.599767 -58.430159 50
447 -780.0459320806497 1292.0609927956582 -34.594805 -58.444224 50
448 -712.8081211311862 1351.7484600373573 -34.594267 -58.443491 50
449 -547.0484164685039 1489.0949835594092 -34.593029 -58.441684 50
450 -533.3801236201674 1500.3000283840784 -34.592928 -58.441535 50
451 -639.239837829427 1415.0966667680666 -34.593696 -58.442689 50
452 117.21958612381925 1038.2779769366798 -34.597093 -58.434443 50
453 18.789518158936716 960.7363784797652 -34.597792 -58.435516 50
454 -237.04761402138286 761.3863212277871 -34.599589 -58.438305 50
455 -254.65951652796187 747.63012881724 -34.599713 -58.438497 50
456 -262.5481627738109 741.4176455925558 -34.599769 -58.438583 50
457 -49.64271840726195 907.1555131916236 -34.598275 -58.436262 50
458 214.0918124280923 1115.374822820791 -34.596398 -58.433387 50
459 193.26781563481092 1098.7353006138885 -34.596548 -58.433614 50
460 185.37856952056524 1092.5232025074738 -34.596604 -58.4337 50
461 147.1250434387568 1062.0172573960415 -34.596879 -58.434117 50
462 133.08964169197515 1050.9241486963451 -34.596979 -58.43427 50
463 -494.89217674128196 569.9052880631451 -34.601315 -58.441116 50
464 -785.9175751735054 1298.494620026525 -34.594747 -58.444288 50
465 -765.1833152340007 1275.0894579223009 -34.594958 -58.444062 50
466 -714.0820692738289 1217.4082880964947 -34.595478 -58.443505 50
467 -629.0370732208638 1121.5681804189655 -34.596342 -58.442578 50
468 -584.1758434449567 1070.7637128374472 -34.5968 -58.442089 50
469 -570.0478705537311 1054.7902114738104 -34.596944 -58.441935 50
470 -557.8465078243603 1041.478969383636 -34.597064 -58.441802 50
471 -542.8929737718784 1024.6180098540121 -34.597216 -58.441639 50
472 -454.82419709510003 925.5593867307105 -34.598109 -58.440679 50
473 -892.504965339669 1196.981094696504 -34.595662 -58.44545 50
474 -792.7963370569271 1281.7431241711033 -34.594898 -58.444363 50
475 -790.5948487163754 1283.740109637332 -34.59488 -58.444339 50
476 -989.5517865133704 1115.1025282209148 -34.5964 -58.446508 50
477 135.18688756902566 186.64289740712644 -34.60477 -58.434247 50
478 148.5785658065243 176.54775658745558 -34.604861 -58.434101 50
479 171.41773292104008 159.46362436178563 -34.605015 -58.433852 50
480 174.9032051664799 156.0246249486371 -34.605046 -58.433814 50
481 185.63477103834725 145.26387976045913 -34.605143 -58.433697 50
482 98.58881511790172 203.1724295695389 -34.604621 -58.434646 50
483 112.25577929285377 196.9600060444588 -34.604677 -58.434497 50
484 62.632771340446205 231.90448072566457 -34.604362 -58.435038 50
485 30.52890801575645 238.11690982962926 -34.604306 -58.435388 50
486 28.32744710591835 221.69878117132794 -34.604454 -58.435412 50
487 37.041341269003084 219.8128834330371 -34.604471 -58.435317 50
488 73.63965479289453 211.49266320480268 -34.604546 -58.434918 50
489 75.65760421847887 210.93798016480002 -34.604551 -58.434896 50
490 83.08732243816837 208.6083160375191 -34.604572 -58.434815 50
491 6.680294599791196 240.8902914644088 -34.604281 -58.435648 50
492 -3.9598604616471675 241.77775980574842 -34.604273 -58.435764 50
493 -13.957938473671952 242.22148351321042 -34.604269 -58.435873 50
494 -23.222211861191074 241.99959820880574 -34.604271 -58.435974 50
495 -558.1823256886437 525.5283682577451 -34.601715 -58.441806 50
496 -573.7754063589796 513.7684846229898 -34.601821 -58.441976 50
497 -1201.6206989299858 957.8850554091985 -34.597817 -58.44882 50
498 -1302.1476946133303 873.229397183203 -34.59858 -58.449916 50
499 -1301.6861498209541 852.7068117463 -34.598765 -58.449911 50
500 -1289.6706636794747 862.3596864341024 -34.598678 -58.44978 50
501 -721.0652078972062 1362.0646044417404 -34.594174 -58.443581 50
502 -1190.3360371360436 945.7947916737677 -34.597926 -58.448697 50
503 -1143.190377216175 984.849231900491 -34.597574 -58.448183 50
504 -1097.787342822661 1024.6797555811013 -34.597215 -58.447688 50
505 -1090.0825346453512 1031.336659384373 -34.597155 -58.447604 50
506 -1397.2613810249256 792.8998519018846 -34.599304 -58.450953 50
507 -555.5807080795023 1500.2987222896727 -34.592928 -58.441777 50
508 -647.4968991008833 1425.4128758212485 -34.593603 -58.442779 50
509 -998.6345189636265 1124.8636743481347 -34.596312 -58.446607 50
510 -1088.8006562382352 1051.6375886580108 -34.596972 -58.44759 50
511 -1091.8275740516528 1049.1967013408484 -34.596994 -58.447623 50
512 -1100.724864285275 1041.9849884336452 -34.597059 -58.44772 50
513 -1108.1545267649844 1035.7718416935538 -34.597115 -58.447801 50
514 -1192.2650049695435 965.8734579150068 -34.597745 -58.448718 50
515 -800.4115774703606 1295.2763158441996 -34.594776 -58.444446 50
516 -892.04799029634 1214.619515552054 -34.595503 -58.445445 50
517 -901.129011352512 1206.853312720707 -34.595573 -58.445544 50
518 -1082.0107948709183 1038.1045328276082 -34.597094 -58.447516 50
519 -1000.0085311050686 1106.3376811401258 -34.596479 -58.446622 50
520 -106.78372181762975 206.94407263831255 -34.604587 -58.436885 50
521 -86.42082888579615 216.2626867890242 -34.604503 -58.436663 50
522 -71.56137037335294 219.92361421584621 -34.60447 -58.436501 50
523 -60.370906308790225 222.6970277513868 -34.604445 -58.436379 50
524 -592.5783186173082 492.46810527922736 -34.602013 -58.442181 50
525 -585.9742704045166 498.23705769801745 -34.601961 -58.442109 50
526 -581.9385304123506 502.89651115962766 -34.601919 -58.442065 50
527 -581.1134723447257 510.77282755759074 -34.601848 -58.442056 50
528 -591.1115285038113 505.8911289692767 -34.601892 -58.442165 50
529 -382.0568509522525 352.25947835348177 -34.603277 -58.439886 50
530 -588.631539616365 453.53076566956787 -34.602364 -58.442138 50
531 -524.5120759804068 420.2546276097771 -34.602664 -58.441439 50
532 -600.8323806506663 470.05904487562793 -34.602215 -58.442271 50
533 -601.3828696492112 471.9448753785756 -34.602198 -58.442277 50
534 -404.0658428283029 228.90067036904122 -34.604389 -58.440126 50
535 -395.07608104990896 213.03758940686265 -34.604532 -58.440028 50
536 -347.55925927234705 128.61921000896882 -34.605293 -58.43951 50
537 -340.03737679609833 115.41841881105398 -34.605412 -58.439428 50
538 -1495.1217004064874 690.160354743708 -34.60023 -58.45202 50
539 -1427.135562351589 597.6527319873601 -34.601064 -58.451279 50
540 -1500.0761230198964 696.3718162980617 -34.600174 -58.452074 50
541 -1500.1607463451592 1218.5345153142707 -34.595467 -58.452074 50
542 -1495.1252485419677 712.1251421262056 -34.600032 -58.45202 50
543 -1500.0797368429876 718.6694032756669 -34.599973 -58.452074 50
544 -1489.2533951004948 705.1372928498121 -34.600095 -58.451956 50
545 -1258.7862966858788 402.5454789626645 -34.602823 -58.449444 50
546 -1353.1913764779242 525.1134648886346 -34.601718 -58.450473 50
547 -1500.0780108402369 708.0198095889 -34.600069 -58.452074 50
548 -1485.1279627399142 720.2248806289492 -34.599959 -58.451911 50
549 -1487.1457602107098 718.5605575446232 -34.599974 -58.451933 50
550 -1500.0745048841559 686.3878218882419 -34.600264 -58.452074 50
551 -1389.0050969736649 789.5730970891598 -34.599334 -58.450863 50
552 -1500.0986506785232 835.3711896215216 -34.598921 -58.452074 50
553 -1476.9809315945085 826.5002480237256 -34.599001 -58.451822 50
554 -917.5113753748844 -103.82519204748039 -34.607388 -58.445724 50
555 -909.6220900885163 -115.91615434034206 -34.607497 -58.445638 50
556 -890.4493769145706 -145.31164280925148 -34.607762 -58.445429 50
557 -1269.6089802139404 394.44586791051523 -34.602896 -58.449562 50
558 -1179.6098693418603 277.3121789475614 -34.603952 -58.448581 50
559 -1055.577678677846 111.92552551199158 -34.605443 -58.447229 50
560 -1000.1668544582789 24.848980118364658 -34.606228 -58.446625 50
561 -945.8581504869863 -58.23441848769008 -34.606977 -58.446033 50
562 -927.7858025936785 -88.29554006678106 -34.607248 -58.445836 50
563 -926.409769564144 -90.29220343801171 -34.607266 -58.445821 50
564 -1364.1059143692728 517.4574645876505 -34.601787 -58.450592 50
565 -1113.0988879711294 196.22814048048826 -34.604683 -58.447856 50
566 -1104.5674011384258 187.35449429610873 -34.604763 -58.447763 50
567 -1093.7422062487951 173.37817702271698 -34.604889 -58.447645 50
568 -1088.3294645036258 165.05881322168233 -34.604964 -58.447586 50
569 -1138.3263953413457 221.62880943657214 -34.604454 -58.448131 50
570 -1131.5378701401883 214.64084086542977 -34.604517 -58.448057 50
571 -1123.7402843460302 206.87645636240978 -34.604587 -58.447972 50
572 -897.4236754071268 -109.70269251453104 -34.607441 -58.445505 50
573 -1014.8228773858342 -154.8647206820412 -34.607848 -58.446785 50
574 -1041.3288065545958 -169.06714261337524 -34.607976 -58.447074 50
575 -1065.9086355476886 -182.16008452813753 -34.608094 -58.447342 50
576 -1079.207418466503 -189.03949793376728 -34.608156 -58.447487 50
577 -1106.26357011196 -202.4656368531417 -34.608277 -58.447782 50
578 -995.2897675153749 -121.58257600910443 -34.607548 -58.446572 50
579 -873.1198902632844 -82.74355038227917 -34.607198 -58.44524 50
580 -897.7920702704826 -94.17205167428705 -34.607301 -58.445509 50
581 1325.6009691971678 -398.51384280508023 -34.610044 -58.421268 50
582 1338.2458860858073 -483.7125604008259 -34.610812 -58.42113 50
583 1343.8356420329583 -518.5464801043554 -34.611126 -58.421069 50
584 1345.943153502802 -532.3025371957169 -34.61125 -58.421046 50
585 894.7442972778094 -935.1584035789681 -34.614882 -58.425965 50
586 1023.3277856906858 -928.6266526796435 -34.614823 -58.424563 50
587 -184.08557123831753 -920.806546069386 -34.614753 -58.437728 50
588 -182.25092495389526 -939.4433442090055 -34.614921 -58.437708 50
589 -180.32455084827225 -959.1894768601843 -34.615099 -58.437687 50
590 -174.45375859282242 -1018.7606795577619 -34.615636 -58.437623 50
591 -172.71087635244848 -1036.7318826419921 -34.615798 -58.437604 50
592 1472.982741630414 -1042.837932672529 -34.615852 -58.41966 50
593 1499.3045865487559 -1041.067223645094 -34.615836 -58.419373 50
594 1452.4249257700417 -1133.0236712424094 -34.616665 -58.419884 50
595 1469.3767796165391 -1226.432422304346 -34.617507 -58.419699 50
596 -9.18653646470176 -1446.2970844109475 -34.61949 -58.435821 50
597 4.7531690160587345 -1492.5564027877026 -34.619907 -58.435669 50
598 6.770746118634861 -1499.6561563326102 -34.619971 -58.435647 50
599 668.7302483493436 -1366.8927790648675 -34.618774 -58.428429 50
600 670.2903233543917 -1352.915257356687 -34.618648 -58.428412 50
601 669.1905376885958 -1342.8202195978643 -34.618557 -58.428424 50
602 667.4490527024549 -1328.953393290886 -34.618432 -58.428443 50
603 665.2490920478832 -1313.9771986076214 -34.618297 -58.428467 50
604 628.6818033923885 -945.7861197568068 -34.614978 -58.428866 50
605 1293.5191295638679 -912.4641844895281 -34.614677 -58.421617 50
606 1352.125030978071 -908.1461554141158 -34.614638 -58.420978 50
607 1388.1690468022907 -905.6000216319303 -34.614615 -58.420585 50
608 1104.31177430892 -923.3111541071238 -34.614775 -58.42368 50
609 1113.850103082632 -922.6466962241105 -34.614769 -58.423576 50
610 1162.1837513298715 -919.4355684654813 -34.61474 -58.423049 50
611 1499.3299027217513 -884.8727961469198 -34.614428 -58.419373 50
612 9.155234296467484 -1424.3322276694348 -34.619292 -58.435621 50
613 26.579950634862882 -1419.6730493807377 -34.61925 -58.435431 50
614 47.39792298650366 -1414.3483190024879 -34.619202 -58.435204 50
615 759.2821951522916 -944.9084471277149 -34.61497 -58.427442 50
616 869.1558205596767 -938.5949042128749 -34.614913 -58.426244 50
617 880.0697918178703 -938.2631352626404 -34.61491 -58.426125 50
618 156.55133470613524 -254.42860768426937 -34.608746 -58.434014 50
619 258.0859963497158 -254.43088258860135 -34.608746 -58.432907 50
620 332.1044934502538 -254.32230970847266 -34.608745 -58.4321 50
621 357.69453039636727 -254.32326354480762 -34.608745 -58.431821 50
622 -517.2019999260579 -717.9217609621294 -34.612924 -58.44136 50
623 -525.457243425815 -703.722737697576 -34.612796 -58.44145 50
624 -579.116922868243 -611.7620736621126 -34.611967 -58.442035 50
625 -586.7302585741576 -598.7833354392686 -34.61185 -58.442118 50
626 -656.9932270109108 -491.29351918707846 -34.610881 -58.442884 50
627 -662.1300106217225 -483.4176091978279 -34.61081 -58.44294 50
628 -715.7002031910721 -396.6716326104465 -34.610028 -58.443524 50
629 -722.6717338109471 -385.4678958977096 -34.609927 -58.4436 50
630 -603.2388604935925 -606.2169405259191 -34.611917 -58.442298 50
631 -594.6165571771015 -620.1940018078367 -34.612043 -58.442204 50
632 -539.4894520293294 -709.8248878552694 -34.612851 -58.441603 50
633 -530.5004397445659 -724.4675906488196 -34.612983 -58.441505 50
634 -670.6587823881148 -497.6177072635742 -34.610938 -58.443033 50
635 -663.7791252125871 -508.71055812063514 -34.611038 -58.442958 50
636 -611.3108279406584 -593.1273190602565 -34.611799 -58.442386 50
637 -609.1093813374139 -596.6770453764799 -34.611831 -58.442362 50
638 -591.8669227190671 -590.907385201774 -34.611779 -58.442174 50
639 -649.9301686923169 -502.0535668093168 -34.610978 -58.442807 50
640 -737.4379072218311 -393.3453359524019 -34.609998 -58.443761 50
641 -730.191181172842 -404.8818403111636 -34.610102 -58.443682 50
642 -675.7955822255548 -489.6308713208309 -34.610866 -58.443089 50
643 -728.6342196884796 -376.1499537339381 -34.609843 -58.443665 50
644 -526.6478161388005 -734.2295190978782 -34.613071 -58.441463 50
645 -492.98346328968245 -821.5323396844908 -34.613858 -58.441096 50
646 -489.0391168622632 -832.9582831272395 -34.613961 -58.441053 50
647 -455.0988680153713 -950.1023616108484 -34.615017 -58.440683 50
648 -449.8667706104397 -1040.9566824733288 -34.615836 -58.440626 50
649 -449.9579167757781 -1052.604710431276 -34.615941 -58.440627 50
650 148.2966246242011 -245.66473090628085 -34.608667 -58.434104 50
651 152.79099318601595 -242.22586779419584 -34.608636 -58.434055 50
652 199.4776313494514 -204.6203259031783 -34.608297 -58.433546 50
653 205.714781496109 -199.29565830391354 -34.608249 -58.433478 50
654 208.83336176410697 -196.5223926765682 -34.608224 -58.433444 50
655 214.97880929719184 -190.86492906092394 -34.608173 -58.433377 50
656 229.65459369233207 -175.0018030430674 -34.60803 -58.433217 50
657 245.4313042216985 -150.92965729276796 -34.607813 -58.433045 50
658 258.27297981696324 -127.52305735566256 -34.607602 -58.432905 50
659 267.5374994228998 -106.2241066111319 -34.60741 -58.432804 50
660 272.8578842405367 -89.0295845108543 -34.607255 -58.432746 50
661 277.7196869597607 -71.50225193617266 -34.607097 -58.432693 50
662 280.1049656999227 -55.0841810301832 -34.606949 -58.432667 50
663 281.02273349472927 -37.22393234157377 -34.606788 -58.432657 50
664 280.5647119052373 -17.699641550945906 -34.606612 -58.432662 50
665 277.4467516910601 2.93406265463992 -34.606426 -58.432696 50
666 272.4943242887376 24.01155291397974 -34.606236 -58.43275 50
667 265.79913042569797 45.200023467188124 -34.606045 -58.432823 50
668 256.53573338989395 69.7165613393123 -34.605824 -58.432924 50
669 -185.20769530387508 156.13535780584562 -34.605045 -58.43774 50
670 -178.87879438567091 161.23841690955229 -34.604999 -58.437671 50
671 -174.75124235761186 164.34462986236926 -34.604971 -58.437626 50
672 -173.10022243099232 165.67586121087425 -34.604959 -58.437608 50
673 -169.43129026767156 168.78206317871172 -34.604931 -58.437568 50
674 321.06849141614464 -1105.292782257058 -34.616416 -58.43222 50
675 376.830639083079 -1076.452158558121 -34.616156 -58.431612 50
676 1116.922876295441 980.0823107588087 -34.597617 -58.423545 50
677 1062.5282568913406 1005.6033571950582 -34.597387 -58.424138 50
678 1020.6085039367741 1026.019787550501 -34.597203 -58.424595 50
679 997.126094042552 1038.1140680813692 -34.597094 -58.424851 50
680 872.9249146975632 1099.6945484946596 -34.596539 -58.426205 50
681 834.6737146633656 1120.4425864918576 -34.596352 -58.426622 50
682 818.8961900142119 1128.9858524996139 -34.596275 -58.426794 50
683 796.972787688736 1141.6341511431629 -34.596161 -58.427033 50
684 698.0885443838091 1213.7487132045042 -34.595511 -58.428111 50
685 218.84554650378766 420.045038035762 -34.602666 -58.433335 50
686 165.82663914046267 388.873877014508 -34.602947 -58.433913 50
687 -1214.2567961001594 -1314.1438959983823 -34.618298 -58.448961 50
688 -1127.321411198393 -1266.9861160494 -34.617873 -58.448013 50
689 198.9345574678406 132.72813325915786 -34.605256 -58.433552 50
690 209.11570256540762 121.07990534658094 -34.605361 -58.433441 50
691 221.0394884855793 105.54895664506398 -34.605501 -58.433311 50
692 231.49553143190536 85.24789403796677 -34.605684 -58.433197 50
693 244.70309070666445 59.28914443757796 -34.605918 -58.433053 50
694 256.6262850209769 27.450941452558737 -34.606205 -58.432923 50
695 259.9280079846442 16.135644196483106 -34.606307 -58.432887 50
696 262.95438640082165 -1.0591160909019344 -34.606462 -58.432854 50
697 263.5045131860467 -8.491668715389117 -34.606529 -58.432848 50
698 265.0630065721705 -36.33599426771276 -34.60678 -58.432831 50
699 264.69569362738 -51.09012516822338 -34.606913 -58.432835 50
700 261.3930196273059 -74.49697809766636 -34.607124 -58.432871 50
701 255.0634897846843 -99.45681672981927 -34.607349 -58.43294 50
702 246.62448909842408 -120.75580171718275 -34.607541 -58.433032 50
703 245.4320221835156 -123.86190540652944 -34.607569 -58.433045 50
704 232.95734427268118 -143.94052994604215 -34.60775 -58.433181 50
705 222.95935222119874 -157.6960266839002 -34.607874 -58.43329 50
706 -515.7601029264923 -259.43366161476126 -34.608791 -58.441344 50
707 -499.70900738563444 -259.54371429623006 -34.608792 -58.441169 50
708 -420.6459069950462 -259.98351604788894 -34.608796 -58.440307 50
709 -415.05095113149815 -260.09419682440966 -34.608797 -58.440246 50
710 -500.82566677210605 36.315617363716406 -34.606125 -58.441181 50
711 -516.0514737871815 31.211845219830643 -34.606171 -58.441347 50
712 -543.3845041405586 22.002809761670612 -34.606254 -58.441645 50
713 -1028.0766889347833 258.360653142197 -34.604123 -58.446929 50
714 -1050.7310587035925 241.93997325439125 -34.604271 -58.447176 50
715 -1069.2580420154716 228.4039824420198 -34.604393 -58.447378 50
716 -1084.8500114133342 216.9760325004922 -34.604496 -58.447548 50
717 -946.7676684643657 -133.55829226071663 -34.607656 -58.446043 50
718 -909.9865013081384 -141.09807389517596 -34.607724 -58.445642 50
719 -901.2727684314406 -142.87215564137105 -34.60774 -58.445547 50
720 -1447.4563820811093 -1436.0934793053354 -34.619397 -58.451504 50
721 -1331.0867832986237 -1374.0641139315194 -34.618838 -58.450235 50
722 -1323.2920506269336 -1370.069385804044 -34.618802 -58.45015 50
723 -1499.7258360689161 -1464.389878446168 -34.619652 -58.452074 50
724 -562.3058502633348 -1053.6092582331025 -34.61595 -58.441852 50
725 -816.2487473480296 -1160.1244010407104 -34.61691 -58.444621 50
726 -998.105188365865 -1230.8069236055649 -34.617547 -58.446604 50
727 -917.2183146171283 -1209.388369227421 -34.617354 -58.445722 50
728 -907.3139191729017 -1205.2828500584626 -34.617317 -58.445614 50
729 -1304.6385641219542 -327.957190876779 -34.609408 -58.449945 50
730 -1333.802671703375 -347.37470141146963 -34.609583 -58.450263 50
731 -1400.0176702591752 -390.8703948728916 -34.609975 -58.450985 50
732 -1206.781910775256 -263.49158455381723 -34.608827 -58.448878 50
733 -1456.1439933772904 -427.9308312787477 -34.610309 -58.451597 50
734 -1477.4205674801105 -441.68995300861064 -34.610433 -58.451829 50
735 -1499.8892937534338 -456.22585136022724 -34.610564 -58.452074 50
736 -476.47446566749994 -827.521884963197 -34.613912 -58.440916 50
737 -480.0519619468958 -815.6521831344465 -34.613805 -58.440955 50
738 -513.4410850277201 -728.0165004603873 -34.613015 -58.441319 50
739 -484.7278980741168 -844.8279433124133 -34.614068 -58.441006 50
740 -459.50256765063335 -921.0379919291297 -34.614755 -58.440731 50
741 -446.0207984404585 -917.2655919609851 -34.614721 -58.440584 50
742 -472.9887443759824 -838.3931913562245 -34.61401 -58.440878 50
743 -805.6141109889631 -61.992881300980656 -34.607011 -58.444504 50
744 -872.0192544756974 -82.41064639186803 -34.607195 -58.445228 50
745 -614.6387421623979 -200.31218589362535 -34.608258 -58.442422 50
746 -549.1490883349179 -213.62007805353636 -34.608378 -58.441708 50
747 -668.7549594481793 -189.66633054279552 -34.608162 -58.443012 50
748 -654.1710920785688 -192.43862348179897 -34.608187 -58.442853 50
749 -369.41723295006886 -1477.698670622898 -34.619773 -58.439749 50
750 -385.00731107654536 -1486.2411955528432 -34.61985 -58.439919 50
751 -396.3788800906129 -1492.4539589528006 -34.619906 -58.440043 50
752 -409.6762623394686 -1499.6652241305796 -34.619971 -58.440188 50
753 663.1405242807843 -1303.3274216646405 -34.618201 -58.42849 50
754 654.429675757213 -1280.474480434231 -34.617995 -58.428585 50
755 -539.3480775498199 11.68624117111625 -34.606347 -58.441601 50
756 -538.3382123727727 -3.9553075079512645 -34.606488 -58.44159 50
757 -539.2483896072139 -124.98369733085701 -34.607579 -58.4416 50
758 -539.3390704089013 -142.84398146866658 -34.60774 -58.441601 50
759 509.3481918155003 464.6288003315443 -34.602264 -58.430168 50
760 554.2027127134525 459.3014238328536 -34.602312 -58.429679 50
761 573.2819029193412 456.7487953693879 -34.602335 -58.429471 50
762 612.2658364824284 452.1980323782215 -34.602376 -58.429046 50
763 632.9043490287302 449.42331102905683 -34.602401 -58.428821 50
764 655.4691426251858 446.8702740255585 -34.602424 -58.428575 50
765 789.7568480649165 430.7744571236597 -34.602569 -58.427111 50
766 -1430.011366205614 806.0959066047174 -34.599185 -58.45131 50
767 -1222.9633740861273 723.1475050302815 -34.599933 -58.449053 50
768 -1146.272969842561 691.5413399457002 -34.600218 -58.448217 50
769 -268.12590696606276 126.62505197804474 -34.605311 -58.438644 50
770 -297.11029579750743 110.98256194300144 -34.605452 -58.43896 50
771 -307.0163346485608 105.76837022905788 -34.605499 -58.439068 50
772 -316.37202164801397 100.66512007533855 -34.605545 -58.43917 50
773 -208.59735124819454 150.58819202286284 -34.605095 -58.437995 50
774 109.30171017961436 -1399.9274732486133 -34.619072 -58.434529 50
775 116.08820944002701 -1398.4854189306611 -34.619059 -58.434455 50
776 156.8989135830194 -1392.495605882859 -34.619005 -58.43401 50
777 214.5842299352119 -1384.7314111014916 -34.618935 -58.433381 50
778 352.5159165350268 -1363.325451613422 -34.618742 -58.431877 50
779 354.99209189282544 -1362.8818118581949 -34.618738 -58.43185 50
780 370.4911251036345 -1359.9981457159174 -34.618712 -58.431681 50
781 384.52279085101577 -1357.6691124843544 -34.618691 -58.431528 50
782 401.31836806977685 -1064.583297256228 -34.616049 -58.431345 50
783 404.6989711682123 -1356.2278361280378 -34.618678 -58.431308 50
784 468.6211227734605 -1345.6921603952328 -34.618583 -58.430611 50
785 529.1501175644703 -1335.8223333903798 -34.618494 -58.429951 50
786 549.418189931992 -1332.4955066647994 -34.618464 -58.42973 50
787 575.4640630785389 -1328.170679492826 -34.618425 -58.429446 50
788 594.5399252653986 -1325.0657447741887 -34.618397 -58.429238 50
789 614.716334732166 -1321.739055251657 -34.618367 -58.429018 50
790 631.1326103404443 -1318.9668204875734 -34.618342 -58.428839 50
791 634.7093386825512 -1318.4123971598076 -34.618337 -58.4288 50
792 655.6194653321318 -1314.9749136291225 -34.618306 -58.428572 50
793 82.53812220330741 337.6237976162422 -34.603409 -58.434821 50
794 67.12801916619026 328.9711223383316 -34.603487 -58.434989 50
795 50.98413243149742 319.87469202357084 -34.603569 -58.435165 50
796 1467.930209870192 -517.3450668236726 -34.611115 -58.419716 50
797 1457.5656792274763 -519.8948982215084 -34.611138 -58.419829 50
798 1430.8742696263885 -529.5419443751473 -34.611225 -58.42012 50
799 1404.3664353374293 -538.6344281322397 -34.611307 -58.420409 50
800 1390.699791413561 -543.291569966864 -34.611349 -58.420558 50
801 -1303.739615924455 -1499.9698798809097 -34.619973 -58.449937 50
802 -1306.7686827999348 -1480.8897229161475 -34.619801 -58.44997 50
803 -1309.6152560300402 -1455.3753914061965 -34.619571 -58.450001 50
804 -1311.360174125758 -1438.0699934264724 -34.619415 -58.45002 50
805 -1312.6452469923388 -1429.972021353767 -34.619342 -58.450034 50
806 -1313.838597360736 -1421.9849701454402 -34.61927 -58.450047 50
807 -1316.866715455792 -1409.8936363166258 -34.619161 -58.45008 50
808 -1321.0870930612011 -1397.5806066249995 -34.61905 -58.450126 50
809 -1326.0410612528829 -1385.9332858654298 -34.618945 -58.45018 50
810 495.7362352041907 1500.413054461146 -34.592927 -58.430317 50
811 496.8370430208412 1499.525530331193 -34.592935 -58.430305 50
812 570.1320332065131 1440.6158065576553 -34.593466 -58.429506 50
813 580.773017293857 1431.8514261900136 -34.593545 -58.42939 50
814 -316.94529669976595 770.2585905554917 -34.599509 -58.439176 50
815 -310.5239045289793 763.0481463366092 -34.599574 -58.439106 50
816 -306.5793397503263 758.6109474068586 -34.599614 -58.439063 50
817 -289.88379334099574 740.1965637737314 -34.59978 -58.438881 50
818 222.792411162131 527.7611866810726 -34.601695 -58.433292 50
819 243.0641560215786 519.6625454866733 -34.601768 -58.433071 50
820 257.74050978723574 513.7826833681318 -34.601821 -58.432911 50
821 260.5840520114307 512.6732707099059 -34.601831 -58.43288 50
822 272.2333951929852 508.12466992678054 -34.601872 -58.432753 50
823 310.30005915814803 493.0365423819369 -34.602008 -58.432338 50
824 -412.7169790594545 878.192867854435 -34.598536 -58.44022 50
825 -369.4176050906249 828.8294032094993 -34.598981 -58.439748 50
826 -957.118142558487 617.126606231654 -34.600889 -58.446155 50
827 -883.0900112103803 589.1787781275823 -34.601141 -58.445348 50
828 -847.1308824829241 573.9842788521877 -34.601278 -58.444956 50
829 -1333.9590341090748 1373.9773391618303 -34.594066 -58.450262 50
830 -1373.0327637547823 1332.8154210914417 -34.594437 -58.450688 50
831 -1270.5783840530976 1442.542946797435 -34.593448 -58.449571 50
832 352.76979656270885 484.82595616835636 -34.602082 -58.431875 50
833 426.1516327111257 474.5060701719508 -34.602175 -58.431075 50
834 624.8876461322824 1268.887736405109 -34.595014 -58.428909 50
835 600.028490474713 1287.526154938983 -34.594846 -58.42918 50
836 558.5657765718045 1318.8119044545333 -34.594564 -58.429632 50
837 546.1819455660948 1328.1310296493853 -34.59448 -58.429767 50
838 542.3291921895051 1331.0155185476901 -34.594454 -58.429809 50
839 1499.6290251469852 961.0586263362263 -34.597788 -58.419373 50
840 -100.34486419661232 -1461.4955303264521 -34.619627 -58.436815 50
841 -93.74186563888588 -1459.4986558389664 -34.619609 -58.436743 50
842 -68.33864426362152 -1450.7346771136536 -34.61953 -58.436466 50
843 408.5638294061924 -1060.700939765484 -34.616014 -58.431266 50
844 58.12894642314188 -1245.1746359052445 -34.617677 -58.435087 50
845 53.26826190815052 -1247.837012788614 -34.617701 -58.43514 50
846 43.271768771621055 -1253.2727065504134 -34.61775 -58.435249 50
847 -9.003279114661893 -1281.7825430963585 -34.618007 -58.435819 50
848 -48.62204797315934 -1303.4147178610356 -34.618202 -58.436251 50
849 -52.19873364187447 -1305.3006085280429 -34.618219 -58.43629 50
850 1172.8566631216422 -650.5340729094893 -34.612316 -58.422933 50
851 1112.4116934318674 -681.3661204873393 -34.612594 -58.423592 50
852 1087.3715321443071 -695.0079644078274 -34.612717 -58.423865 50
853 870.709639889277 954.4831757822897 -34.597848 -58.426229 50
854 -355.20271971406385 -1470.0436937805057 -34.619704 -58.439594 50
855 -182.72528790172558 -139.723932076437 -34.607712 -58.437713 50
856 -225.65292573728226 -62.51523051400774 -34.607016 -58.438181 50
857 -245.83318224179334 -13.039451307218341 -34.60657 -58.438401 50
858 -145.48496832770041 -223.03426751227482 -34.608463 -58.437307 50
859 -151.81418360557825 -194.0807462881752 -34.608202 -58.437376 50
860 -638.8066246339736 454.96957110028677 -34.602351 -58.442685 50
861 -634.1287834359973 458.85255874899576 -34.602316 -58.442634 50
862 1499.3900789336997 -513.5783732087189 -34.611081 -58.419373 50
863 1474.9010395570726 -515.6821732513831 -34.6111 -58.41964 50
864 653.6954046340538 -1288.7944482148125 -34.61807 -58.428593 50
865 654.4278547960172 -1306.211074865298 -34.618227 -58.428585 50
866 648.6539984206971 -1250.8548044317058 -34.617728 -58.428648 50
867 661.3945487749735 -1352.0271483002489 -34.61864 -58.428509 50
868 -39.090643465329066 223.80647561624315 -34.604435 -58.436147 50
869 -12.031680507896638 224.6940171619649 -34.604427 -58.435852 50
870 14.110030551847231 223.03001397527808 -34.604442 -58.435567 50
871 1145.2666769569882 966.8777925445817 -34.597736 -58.423236 50
872 1146.0015408753197 974.9758271436345 -34.597663 -58.423228 50
873 1133.9847007116318 976.1975729172203 -34.597652 -58.423359 50
874 5.671544599656045 616.5105008390393 -34.600895 -58.435659 50
875 491.84159111211113 716.5592479762369 -34.599993 -58.430359 50
876 -329.6963722872347 784.4576021446351 -34.599381 -58.439315 50
877 -323.0914948879297 777.1362400766058 -34.599447 -58.439243 50
