1 2
2 3
4 5
5 6
6 7
7 8
8 9
10 11
11 12
13 14
14 15
15 16
17 18
18 19
19 20
20 21
21 22
22 23
24 25
25 26
26 27
27 28
28 29
29 30
30 31
31 32
33 34
34 35
35 36
37 38
38 39
39 40
40 41
41 42
42 43
43 44
45 46
46 47
47 48
48 49
49 50
51 52
52 53
54 55
55 56
57 58
59 60
60 61
61 62
62 63
63 64
64 65
65 66
66 67
67 68
68 69
70 71
72 70
73 74
74 75
75 76
76 77
78 79
79 80
80 81
81 82
83 84
45 85
86 87
87 88
88 89
90 91
91 92
93 94
94 95
95 96
97 98
98 99
99 100
100 101
102 103
104 105
106 107
107 108
108 109
110 111
111 112
112 113
113 114
114 86
115 116
116 117
117 90
104 118
118 119
119 120
120 121
121 122
122 123
124 125
125 126
126 127
127 128
129 130
130 131
131 132
132 133
106 134
134 135
135 136
136 137
137 138
138 139
139 140
140 141
142 143
143 144
144 145
145 146
146 147
147 148
149 150
151 152
152 153
153 154
154 155
155 156
156 157
157 158
158 159
160 161
161 162
162 163
163 164
164 97
165 166
166 167
167 168
168 169
169 170
170 171
171 172
172 173
173 160
174 175
175 176
176 177
177 178
178 179
179 180
180 165
148 104
181 182
182 183
183 184
184 185
185 186
186 187
187 188
188 189
190 191
191 192
192 193
193 194
194 195
195 196
196 197
51 198
198 199
199 200
200 201
201 57
202 203
203 17
204 205
206 207
207 208
209 210
210 211
211 212
212 213
213 214
214 190
209 215
215 216
216 217
217 218
218 219
219 204
220 221
221 222
222 223
223 224
1 225
226 227
228 229
229 230
230 231
232 233
234 235
235 236
236 237
237 238
239 240
240 241
241 242
242 243
244 245
245 246
247 220
16 248
248 249
249 37
250 251
251 252
252 253
253 254
254 255
256 257
257 258
258 259
259 260
260 261
262 263
264 265
266 267
267 268
268 269
269 270
271 272
272 273
273 274
274 275
275 54
255 276
276 277
255 278
278 279
279 280
280 262
277 281
281 282
282 283
283 284
284 285
285 286
286 287
287 288
288 228
289 290
290 204
84 291
291 292
292 293
293 250
294 295
295 296
297 298
298 299
300 301
301 302
302 303
303 304
304 305
305 306
306 244
82 307
307 308
308 309
309 255
50 310
311 312
228 311
313 314
314 315
315 316
316 33
317 318
318 319
319 320
320 321
321 322
322 323
323 324
220 325
325 326
327 328
328 329
329 330
330 331
331 332
332 333
333 334
334 335
335 336
336 337
338 294
37 339
339 340
340 1
265 341
342 343
343 344
344 345
345 346
346 347
347 348
348 349
349 350
350 351
351 352
352 353
353 228
354 355
355 356
356 313
357 358
109 359
359 360
360 361
361 362
363 364
364 357
358 365
365 106
233 366
366 367
367 368
368 369
369 370
371 372
372 373
373 232
370 374
374 375
376 371
377 378
378 379
379 380
381 382
382 37
383 384
384 385
197 386
386 387
387 388
388 389
209 390
390 391
391 392
392 383
326 393
389 394
394 395
395 396
397 398
398 399
399 400
400 401
401 402
403 404
404 405
405 406
406 407
407 408
408 409
409 410
410 51
411 412
412 413
413 414
414 403
415 416
416 417
417 418
418 419
385 420
420 421
421 422
422 423
423 424
424 425
426 427
427 428
429 430
430 93
105 431
317 432
432 83
433 142
123 434
435 436
436 437
437 438
438 439
439 440
440 441
441 442
442 443
443 444
444 445
445 446
447 448
449 450
448 451
451 449
452 453
128 454
454 455
455 456
456 234
453 457
457 124
458 459
459 460
460 461
461 462
462 452
238 463
464 447
447 465
465 466
466 467
467 468
468 469
469 470
470 471
471 472
473 474
474 475
475 447
476 473
477 478
478 479
479 480
480 481
482 483
483 477
246 484
484 485
486 487
487 488
488 489
489 490
490 482
485 491
491 492
492 493
493 494
494 247
463 495
495 496
497 498
33 499
499 500
501 189
502 503
503 504
504 505
498 506
507 507
507 508
500 502
509 510
510 511
511 512
512 513
513 514
514 497
189 515
515 516
516 517
505 518
518 519
519 476
508 501
517 509
520 521
521 522
522 523
225 524
524 525
525 526
526 496
496 527
527 528
528 13
224 529
529 202
3 530
530 531
531 17
3 532
532 533
533 225
23 534
534 535
535 536
536 537
537 429
538 539
540 538
71 541
542 543
313 544
544 542
362 545
545 546
546 354
542 547
506 548
548 549
549 542
538 313
550 538
506 551
551 33
552 553
189 464
554 555
555 556
557 558
559 560
560 561
561 562
562 563
563 554
539 564
564 557
565 566
566 567
567 568
568 559
558 569
569 570
570 571
571 565
86 572
572 363
92 573
573 574
574 575
575 576
576 577
556 86
375 578
578 90
579 580
580 363
312 581
581 582
582 583
583 584
584 45
585 586
396 587
587 588
588 589
589 590
590 591
591 397
50 592
592 593
594 595
595 73
53 596
596 597
597 598
270 264
599 600
600 601
601 602
602 603
159 604
604 264
605 606
606 607
607 48
586 608
608 609
609 610
610 605
48 611
53 612
612 613
613 614
615 616
616 617
617 585
296 618
618 619
619 620
620 621
621 342
622 623
623 624
624 625
626 627
627 628
628 629
630 631
631 632
632 633
634 635
635 636
636 637
637 630
625 638
638 639
639 626
640 641
641 642
642 634
629 643
643 110
633 644
644 645
645 646
12 647
647 648
648 649
12 133
296 650
650 651
651 652
652 653
653 654
654 655
655 656
656 657
657 658
658 659
659 660
660 661
661 662
662 663
663 664
664 665
665 666
666 667
667 668
668 300
69 669
669 670
670 671
671 672
672 673
674 327
675 674
676 677
677 678
678 679
679 680
680 681
681 682
682 683
683 684
685 686
687 688
673 520
481 689
689 690
690 691
691 692
692 693
693 694
694 695
695 696
696 697
697 698
698 699
699 700
700 701
701 702
702 703
703 704
704 705
705 174
227 706
706 707
707 708
708 709
709 209
425 710
710 711
711 712
225 13
554 115
109 565
713 714
714 715
715 716
716 109
90 717
717 718
718 719
719 556
363 554
720 721
721 722
722 687
723 720
428 724
725 426
688 726
726 727
727 728
728 725
724 10
729 730
730 731
577 732
731 733
733 734
734 735
732 729
736 737
737 738
738 622
646 739
739 740
740 12
133 741
741 742
742 736
419 743
743 744
744 579
745 746
746 226
89 747
747 748
748 745
749 750
750 751
751 752
603 753
753 754
712 755
755 756
756 757
757 758
758 226
759 760
760 761
761 762
762 763
763 764
764 765
553 766
766 506
36 767
767 768
768 377
393 769
769 770
770 771
771 772
772 429
32 773
773 326
429 425
774 775
775 776
776 777
777 778
778 779
779 780
780 781
782 675
781 783
783 784
784 785
785 786
786 787
787 788
788 789
789 790
790 791
791 792
686 793
793 794
794 795
796 797
797 798
798 799
799 800
800 45
765 78
801 802
802 803
803 804
804 805
805 806
806 807
807 808
808 809
810 811
811 812
812 813
813 148
56 685
814 815
815 816
816 817
817 234
299 818
818 819
819 820
820 821
821 822
822 823
823 54
472 824
824 825
826 827
827 828
380 826
828 381
402 411
205 338
829 830
830 72
150 831
831 829
54 832
832 833
833 759
684 834
834 835
835 836
836 837
837 838
838 104
839 317
208 840
840 841
841 842
842 53
341 843
843 782
337 844
844 845
845 846
846 847
847 848
848 849
849 51
85 850
850 851
851 852
852 151
9 853
853 435
795 247
44 713
310 594
614 774
58 854
854 749
434 458
855 856
856 59
59 857
857 24
96 858
858 289
101 859
859 855
141 860
860 861
861 1
862 863
863 796
754 864
864 865
865 792
792 603
754 866
866 266
792 867
867 599
103 599
523 868
868 869
869 870
870 486
871 4
324 871
324 872
872 873
243 874
874 297
446 875
875 271
873 676
809 721
712 415
825 876
876 877
877 814
234 239
