0 0 0 30.2574857903641 120.164247615632 50
1 -1002.0396837224562 339.73441378287026 30.26055 120.153835 50
2 -993.4752077681127 336.62964118750415 30.260522 120.153924 50
3 -977.5969772338324 333.74593314426284 30.260496 120.154089 50
4 -951.3252900502291 333.7436175750895 30.260496 120.154362 50
5 -843.2549162081559 338.83417058476937 30.260542 120.155485 50
6 -834.208966113745 339.16604775391534 30.260545 120.155579 50
7 -697.3649467611809 344.6993132647357 30.260595 120.157001 50
8 -804.0767914893236 -818.6241751690716 30.250101 120.155893 50
9 -797.9219560565541 -883.6974865652114 30.249514 120.155957 50
10 -790.3239310840286 -956.4200015120449 30.248858 120.156036 50
11 -1499.8809279748843 846.7398605810637 30.265123 120.148661 50
12 -1476.1109252847045 857.822320450922 30.265223 120.148908 50
13 -1455.1319533952915 866.2446367147857 30.265299 120.149126 50
14 -1437.4248128487413 874.4457087658919 30.265373 120.14931 50
15 -1421.9313424103827 879.6539599579255 30.26542 120.149471 50
16 -1412.693021478477 882.6459003636827 30.265447 120.149567 50
17 -1410.3834527547758 883.3107439920266 30.265453 120.149591 50
18 -1397.199631055497 887.4107589246155 30.26549 120.149728 50
19 -1392.869295912486 887.853634545588 30.265494 120.149773 50
20 -1384.4973118852176 888.7394274525733 30.265502 120.14986 50
21 -1368.3311619506676 886.9636830050891 30.265486 120.150028 50
22 -1357.168857867732 885.4102958060685 30.265472 120.150144 50
23 -1317.0426023132266 877.0911227831962 30.265397 120.150561 50
24 -1290.0989866208508 873.9839188907172 30.265369 120.150841 50
25 -1262.6739057057243 873.5372920203721 30.265365 120.151126 50
26 -1248.0471932761313 873.3139000525739 30.265363 120.151278 50
27 -1202.050024372896 872.6436086876818 30.265357 120.151756 50
28 1140.7883284661443 315.02692298834324 30.260327 120.176102 50
29 1142.7120481089887 324.1173848037661 30.260409 120.176122 50
30 1143.7695722255585 334.0946112542822 30.260499 120.176133 50
31 1143.0729374570615 554.2562653962912 30.262485 120.176126 50
32 1142.87277374547 627.976072182883 30.26315 120.176124 50
33 1140.1687017405413 720.2087277958375 30.263982 120.176096 50
34 1140.2533306774321 831.5090758975657 30.264986 120.176097 50
35 1140.3434580309647 890.0415413863608 30.265514 120.176098 50
36 1140.3429033395741 895.3626739323533 30.265562 120.176098 50
37 1142.7387568924246 989.7021770352708 30.266413 120.176123 50
38 1144.0803883549831 1042.8027952273733 30.266892 120.176137 50
39 1139.7341731092638 1196.3392357813989 30.268277 120.176092 50
40 1121.0483102962762 1372.7107731061074 30.269868 120.175898 50
41 1236.2548592409266 -562.9483654264967 30.252407 120.177093 50
42 1196.795215268643 -555.9687793775679 30.25247 120.176683 50
43 1070.6210917805427 -535.2516459771321 30.252657 120.175372 50
44 1500.4110583890606 327.2645770375769 30.260437 120.179839 50
45 1472.7922384881206 326.1522564098492 30.260427 120.179552 50
46 1473.4675141171392 313.9580945823628 30.260317 120.179559 50
47 1500.412821798235 314.40518346778026 30.260321 120.179839 50
48 -1499.8423962235895 1127.7622079856656 30.267658 120.148661 50
49 -1485.4078188713984 1132.4162314101434 30.2677 120.148811 50
50 -1470.1072625227234 1136.7375866201264 30.267739 120.14897 50
51 -1441.0458044083812 1145.3805639672594 30.267817 120.149272 50
52 -1435.3682436047336 1147.0426722031402 30.267832 120.149331 50
53 -1274.3754807781395 1202.3403658084524 30.268331 120.151004 50
54 1152.8028361082368 -1373.0978335713926 30.245099 120.176225 50
55 1130.7649535085823 -1401.9228433392848 30.244839 120.175996 50
56 -1060.7083694353428 686.1676680276875 30.263675 120.153225 50
57 -1071.2895322435454 728.6268920387242 30.264058 120.153115 50
58 -1076.3877708142352 748.3599216307971 30.264236 120.153062 50
59 -1106.0154375002048 857.7786520636232 30.265223 120.152754 50
60 -1110.728886742887 875.0728098549741 30.265379 120.152705 50
61 -560.6620810241311 -523.8714135195514 30.25276 120.158422 50
62 -596.8480282681543 -512.7838283787594 30.25286 120.158046 50
63 -618.3090350565305 -500.8101115585539 30.252968 120.157823 50
64 -634.4762842349701 -480.52240672285245 30.253151 120.157655 50
65 -654.2995499559921 -442.60824028986127 30.253493 120.157449 50
66 -914.6840567813658 50.833881064941856 30.257944 120.154743 50
67 -934.1193868549699 101.16451249624862 30.258398 120.154541 50
68 -970.963422375559 260.02554459463096 30.259831 120.154158 50
69 -1001.4575762470606 391.1719386253717 30.261014 120.153841 50
70 1145.078785075977 -1141.8517777518737 30.247185 120.176145 50
71 1072.697848621075 -1103.6135776291094 30.24753 120.175393 50
72 -785.3241330596595 -1025.040622119353 30.248239 120.156088 50
73 -772.6197072071462 -1024.2655299610615 30.248246 120.15622 50
74 1124.9652757720605 -1160.9212017462592 30.247013 120.175936 50
75 1128.1423789720568 -1170.34368688094 30.246928 120.175969 50
76 1126.9890641771738 -1186.3071578241168 30.246784 120.175957 50
77 1124.87350589005 -1204.4878593923086 30.24662 120.175935 50
78 1123.5270972004937 -1214.6868055456741 30.246528 120.175921 50
79 1124.1054095566687 -1222.77927836984 30.246455 120.175927 50
80 1137.2939396836068 -1248.7183608679034 30.246221 120.176064 50
81 1151.8295530772295 -1270.444734142281 30.246025 120.176215 50
82 1162.610108613018 -1278.4252691922475 30.245953 120.176327 50
83 1191.7771806160854 -1316.0025170180666 30.245614 120.17663 50
84 1192.8353024167948 -1310.4595721951325 30.245664 120.176641 50
85 1194.8553072500904 -1299.4845492125532 30.245763 120.176662 50
86 1184.7465330693183 -1273.8777747439399 30.245994 120.176557 50
87 1262.7875152196848 -1137.9588470810681 30.24722 120.177368 50
88 1264.0382041653622 -1133.5244379469075 30.24726 120.177381 50
89 1263.7489409147142 -1128.9793499582324 30.247301 120.177378 50
90 1262.1122707288548 -1124.7669872672013 30.247339 120.177361 50
91 1259.2244920996704 -1121.3307646791507 30.24737 120.177331 50
92 1255.2781231297226 -1118.8923723787823 30.247392 120.17729 50
93 1250.8506903942493 -1117.8951697221441 30.247401 120.177244 50
94 1214.0844531075502 -1115.6821777830578 30.247421 120.176862 50
95 1204.8448706972008 -1116.0157687597439 30.247418 120.176766 50
96 1196.086796487825 -1118.8990016144262 30.247392 120.176675 50
97 1188.387665282616 -1123.9992449221227 30.247346 120.176595 50
98 1169.1400426544667 -1138.966961674902 30.247211 120.176395 50
99 1163.3656219014802 -1142.2932755676613 30.247181 120.176335 50
100 1157.30231812375 -1144.2893375453477 30.247163 120.176272 50
101 1151.0462864156264 -1144.0682840867298 30.247165 120.176207 50
102 -79.25219018818143 1306.804573933494 30.269274 120.163424 50
103 -87.81621501341914 1303.811500574031 30.269247 120.163335 50
104 -133.9079931366158 1293.9456955228002 30.269158 120.162856 50
105 -176.63192105937475 1287.8491674573836 30.269103 120.162412 50
106 -266.9873380404068 1277.9847273148473 30.269014 120.161473 50
107 -348.39399367555836 1267.8990308866123 30.268923 120.160627 50
108 -436.53698525479194 1247.171936621107 30.268736 120.159711 50
109 -68.67352217278992 342.68188391655093 30.260577 120.163534 50
110 -72.13801270753122 328.2705164330308 30.260447 120.163498 50
111 1500.5709411614598 -838.8376067949843 30.249918 120.179839 50
112 1489.698009705265 -857.9064384243959 30.249746 120.179726 50
113 1482.3871166989832 -884.7347429198603 30.249504 120.17965 50
114 1472.1902920160862 -922.2056688170926 30.249166 120.179544 50
115 -1010.5035703022936 389.95334487415874 30.261003 120.153747 50
116 -1002.2306270193767 356.36295828766464 30.2607 120.153833 50
117 -993.2871088877887 288.51775495155164 30.260088 120.153926 50
118 -976.3615242685943 159.14631352959572 30.258921 120.154102 50
119 -964.2417881738974 92.74200789741846 30.258322 120.154228 50
120 -944.9991395423542 41.41362897667467 30.257859 120.154428 50
121 -679.7077456874433 -455.57692840724536 30.253376 120.157185 50
122 -671.7217593997128 -487.39330048856857 30.253089 120.157268 50
123 -676.6323828923325 -525.5277081839298 30.252745 120.157217 50
124 -717.0572702293467 -582.50548216534 30.252231 120.156797 50
125 -734.3828990461255 -615.0962034550615 30.251937 120.156617 50
126 -768.0725108084994 -686.9290281671856 30.251289 120.156267 50
127 660.8069003795524 1394.4012694603814 30.270064 120.171115 50
128 669.2798386520167 1308.9310393322965 30.269293 120.171203 50
129 682.0857439981119 1180.337731487808 30.268133 120.171336 50
130 695.0844602803629 1050.8576175564294 30.266965 120.171471 50
131 -790.7951914434623 -818.5142863009024 30.250102 120.156031 50
132 -642.6766855565312 -820.5194071193646 30.250084 120.15757 50
133 -608.8956953159816 -828.7247321326024 30.25001 120.157921 50
134 -561.6403026809485 -832.0529593337699 30.24998 120.158412 50
135 -445.281913504154 -833.2777357137275 30.249969 120.159621 50
136 -1071.9691152441671 667.6556636797186 30.263508 120.153108 50
137 -1063.0240121606473 623.2011773652943 30.263107 120.153201 50
138 -1055.9044887840676 607.1262393664815 30.262962 120.153275 50
139 -1051.2866208449802 594.4881098191634 30.262848 120.153323 50
140 -1049.172430618679 564.3348350260334 30.262576 120.153345 50
141 -1043.0178363401278 520.2132098831705 30.262178 120.153409 50
142 -1026.570629261689 430.63930666725935 30.26137 120.15358 50
143 -1023.5904625409689 398.1579684227731 30.261077 120.153611 50
144 -1014.3550093999908 367.0063329810983 30.260796 120.153707 50
145 -1010.8917482725602 354.81175912638645 30.260686 120.153743 50
146 -1004.8301827958032 342.6169476641938 30.260576 120.153806 50
147 -1029.5430587041647 545.1547305934334 30.262403 120.153549 50
148 -1040.4128665515552 590.8287933426143 30.262815 120.153436 50
149 -1054.6506660485848 636.3923369553318 30.263226 120.153288 50
150 -1062.3460480317078 667.987295851639 30.263511 120.153208 50
151 -982.7912247253411 359.9086142223869 30.260732 120.154035 50
152 -984.3305048320883 364.8973107821813 30.260777 120.154019 50
153 -989.4295412312878 379.4200180637514 30.260908 120.153966 50
154 -997.124656180664 417.9989019259718 30.261256 120.153886 50
155 -1000.8759304827955 437.6209084268093 30.261433 120.153847 50
156 -1006.3585347853764 466.33333868443754 30.261692 120.15379 50
157 -1018.3816681471778 529.5228666800936 30.262262 120.153665 50
158 -1032.1368624418235 592.2691490563049 30.262828 120.153522 50
159 -1038.2929538977342 620.649094277506 30.263084 120.153458 50
160 -1041.5638921825093 630.1830975822913 30.26317 120.153424 50
161 1359.9203181988985 1021.4321010943833 30.266699 120.17838 50
162 1414.4820642276381 1014.4550307027097 30.266636 120.178947 50
163 1500.3179842137351 1005.9304787525775 30.266559 120.179839 50
164 1490.4725032710096 -891.274187512757 30.249445 120.179734 50
165 1500.5757889885604 -874.200881446254 30.249599 120.179839 50
166 -242.30208243116508 -734.6216736000866 30.250859 120.16173 50
167 -314.6766084366585 -735.6175419457487 30.25085 120.160978 50
168 -352.88486397062826 -732.7341028906806 30.250876 120.160581 50
169 -439.2143884997689 -729.0727081269652 30.250909 120.159684 50
170 -450.9560628846501 -730.8459374768631 30.250893 120.159562 50
171 -565.4848325901355 -731.1731887714654 30.25089 120.158372 50
172 -576.3602581035177 -731.2834780826815 30.250889 120.158259 50
173 -644.1151183621207 -731.8339833103861 30.250884 120.157555 50
174 -782.4159440569977 -733.5986761793138 30.250868 120.156118 50
175 -794.9274995951619 -733.708631184106 30.250867 120.155988 50
176 1419.2577648543652 -936.5131694707286 30.249037 120.178994 50
177 1407.420167182253 -940.1729676869822 30.249004 120.178871 50
178 1380.667233709831 -964.2322680401751 30.248787 120.178593 50
179 1367.7735051605923 -988.7332053635078 30.248566 120.178459 50
180 1332.3635125174571 -1055.584125477791 30.247963 120.178091 50
181 1294.7384305878918 -1114.0100837418968 30.247436 120.1777 50
182 1343.1501359939032 -1113.6716793643109 30.247439 120.178203 50
183 1353.7365805662603 -1108.6818269467317 30.247484 120.178313 50
184 1364.5154935175817 -1103.5810836328092 30.24753 120.178425 50
185 1441.206521425014 -974.6449875539654 30.248693 120.179222 50
186 1443.9969915489876 -969.8777840068071 30.248736 120.179251 50
187 1453.907977372016 -953.1371182376406 30.248887 120.179354 50
188 -454.79726553140273 -526.204316226911 30.252739 120.159522 50
189 -460.95673127828593 -527.4234823468819 30.252728 120.159458 50
190 -474.71929454367546 -530.1943117890555 30.252703 120.159315 50
191 -497.43222399238664 -531.9670103252362 30.252687 120.159079 50
192 -532.7524941609604 -529.0830733205291 30.252713 120.158712 50
193 -245.1955112032017 -1009.1026969482376 30.248383 120.1617 50
194 -234.89759279393806 -1023.4034289507823 30.248254 120.161807 50
195 1500.5794514226113 -900.9173354295067 30.249358 120.179839 50
196 1465.8335198179052 -887.5083891290807 30.249479 120.179478 50
197 1388.4505820669588 -865.9014319398573 30.249674 120.178674 50
198 1333.7830167646225 -857.150554959897 30.249753 120.178106 50
199 1283.9283990112556 -854.1633876681357 30.24978 120.177588 50
200 1240.5224759113983 -854.1683940483437 30.24978 120.177137 50
201 1197.0208060343489 -858.7183618857365 30.249739 120.176685 50
202 1121.0853893451083 -867.7057938181238 30.249658 120.175896 50
203 -432.2890517754811 -833.7216833235418 30.249965 120.159756 50
204 302.63319669017676 -1067.7444182828258 30.247854 120.167392 50
205 306.290700520368 -1073.841431077658 30.247799 120.16743 50
206 311.4886793127571 -1098.8948817778983 30.247573 120.167484 50
207 313.60861030261617 -1186.9149750577717 30.246779 120.167506 50
208 317.6548105444224 -1319.277638414623 30.245585 120.167548 50
209 327.6659145738886 -1363.7308342038993 30.245184 120.167652 50
210 301.28387868449784 -999.4567690109527 30.24847 120.167378 50
211 280.7839244727634 -1008.5475585365461 30.248388 120.167165 50
212 247.2907479662935 -1013.6477719356146 30.248342 120.166817 50
213 -78.59521971609541 -1004.8926092778519 30.248421 120.163431 50
214 -92.35852410665078 -1035.821503210602 30.248142 120.163288 50
215 246.52129366370787 -1036.1516862564426 30.248139 120.166809 50
216 273.85521805342296 -1046.1281333429274 30.248049 120.167093 50
217 293.20080609050365 -1055.7721590629315 30.247962 120.167294 50
218 371.44669114795096 -1005.3300143636973 30.248417 120.168107 50
219 346.4218837835844 -970.8544197676529 30.248728 120.167847 50
220 337.6631319222783 -955.3347632311704 30.248868 120.167756 50
221 334.7751592399637 -934.6046588331701 30.249055 120.167726 50
222 332.07913782925664 -895.8049126514913 30.249405 120.167698 50
223 317.92532415920306 -691.6073446582925 30.251247 120.167551 50
224 294.1549615845405 -746.9254940838667 30.250748 120.167304 50
225 298.3923430242419 -845.920386359226 30.249855 120.167348 50
226 306.67258996572764 -963.4282106676274 30.248795 120.167434 50
227 305.61436876126425 -980.2784500877699 30.248643 120.167423 50
228 294.9220453580008 -640.8356243223467 30.251705 120.167312 50
229 305.7974093755763 -642.0547494721061 30.251694 120.167425 50
230 -137.59349384836187 -1009.1045787837373 30.248383 120.162818 50
231 -140.19237976587368 -1030.0564500191306 30.248194 120.162791 50
232 337.290677883629 -1361.8459799041466 30.245201 120.167752 50
233 343.4490740637856 -1314.399169383975 30.245629 120.167816 50
234 342.09765954042507 -1188.1335443098887 30.246768 120.167802 50
235 341.4214746619736 -1109.3145114439915 30.247479 120.167795 50
236 346.42564804054535 -1089.8035884161725 30.247655 120.167847 50
237 359.41825670234954 -1072.287822429923 30.247813 120.167982 50
238 543.8230687019322 -1034.9215279757502 30.24815 120.169898 50
239 522.8413342013109 -1029.6014320490663 30.248198 120.16968 50
240 523.5160531190681 -1050.553303431424 30.248009 120.169687 50
241 543.9199915255817 -1048.5568889886742 30.248027 120.169899 50
242 372.89216455405017 -1058.0977231083705 30.247941 120.168122 50
243 387.2324303933398 -1049.117837995961 30.248022 120.168271 50
244 409.07998545406747 -1044.7936344999018 30.248061 120.168498 50
245 408.4055107295609 -1024.5068957052235 30.248244 120.168491 50
246 389.44501874459155 -1019.4081816094479 30.24829 120.168294 50
247 374.91174120564824 -1011.981294477629 30.248357 120.168143 50
248 930.6139247635327 321.43672691201175 30.260385 120.173918 50
249 930.7093377704447 331.08128040392137 30.260472 120.173919 50
250 931.1894948131339 342.94300367293147 30.260579 120.173924 50
251 933.2066762402583 386.50991727423116 30.260972 120.173945 50
252 934.0670174639179 453.91096014516353 30.26158 120.173954 50
253 938.198852813968 525.6357073677752 30.262227 120.173997 50
254 939.5419730263632 573.636850474544 30.26266 120.174011 50
255 940.4944403218126 688.1520992244418 30.263693 120.174021 50
256 941.2624599264061 709.3258331307525 30.263884 120.174029 50
257 940.384840470134 843.6843344616968 30.265096 120.17402 50
258 940.5731041816459 892.461397789891 30.265536 120.174022 50
259 939.5012435008192 1047.8827365356124 30.266938 120.174011 50
260 1429.4552473530732 -902.5897065595677 30.249343 120.1791 50
261 1431.4781722691546 -916.3356672509469 30.249219 120.179121 50
262 1428.2070817688657 -925.648053429182 30.249135 120.179087 50
263 -649.4970172472283 -602.2421935020423 30.252053 120.157499 50
264 -649.5921863339547 -584.1725453687812 30.252216 120.157498 50
265 -785.6119856756998 -1012.7355148122735 30.24835 120.156085 50
266 -785.5172519568165 -1033.798282410808 30.24816 120.156086 50
267 -793.9890747100196 -1064.6158146732625 30.247882 120.155998 50
268 -802.8446358640437 -1077.8071073813421 30.247763 120.155906 50
269 -827.4863169056252 -1114.6096712380715 30.247431 120.15565 50
270 -840.6738012564915 -1137.7776997019726 30.247222 120.155513 50
271 -846.6421304032149 -1151.5234601065508 30.247098 120.155451 50
272 -887.0737704483172 -1252.3997708470793 30.246188 120.155031 50
273 -892.3684436180354 -1265.5912756976159 30.246069 120.154976 50
274 -904.4982291522683 -1297.2952662678638 30.245783 120.15485 50
275 -924.2325118530998 -1338.9756952895111 30.245407 120.154645 50
276 -927.2167160816691 -1345.0725551051457 30.245352 120.154614 50
277 -959.1761282877133 -1402.8260795492936 30.244831 120.154282 50
278 -979.1024941064898 -1435.416147806943 30.244537 120.154075 50
279 -995.0821899054945 -1461.687713528619 30.2443 120.153909 50
280 -1010.7731530402675 -1487.2941422389376 30.244069 120.153746 50
281 1128.855597900281 312.9194054764449 30.260308 120.175978 50
282 1127.3166162221464 305.60269531299207 30.260242 120.175962 50
283 1127.1294135927149 254.49767437053703 30.259781 120.17596 50
284 1132.9071484749654 218.80237177643843 30.259459 120.17602 50
285 1137.4326956432144 194.41433966285297 30.259239 120.176067 50
286 1136.9535503871862 174.90348918660425 30.259063 120.176062 50
287 1132.1462550928843 132.00140246215165 30.258676 120.176012 50
288 1132.1572889215317 25.35715633210288 30.257714 120.176012 50
289 1126.3907172755257 -48.36320552614131 30.257049 120.175952 50
290 1109.0817827655972 -183.16681330928623 30.255833 120.175772 50
291 1088.879691412697 -262.0988551035434 30.255121 120.175562 50
292 1073.5909132789839 -396.12616846576753 30.253912 120.175403 50
293 1054.9336815583083 -533.8120322304607 30.25267 120.175209 50
294 1053.2026891745884 -547.7801445161726 30.252544 120.175191 50
295 963.4540299146291 -1050.3017023767575 30.248011 120.174258 50
296 957.1995679587226 -1067.3741722876207 30.247857 120.174193 50
297 954.313001847832 -1076.575524531073 30.247774 120.174163 50
298 912.6475186943601 -1183.3340028216712 30.246811 120.17373 50
299 881.2771151465652 -1257.8322125469915 30.246139 120.173404 50
300 862.7052945502716 -1307.3865904377785 30.245692 120.173211 50
301 857.5092983824244 -1325.0131966267688 30.245533 120.173157 50
302 857.4147695241493 -1346.962808266 30.245335 120.173156 50
303 869.4471070692781 -1363.7012031709578 30.245184 120.173281 50
304 1090.251810269706 -1477.198565937992 30.24416 120.175575 50
305 1000.5436765222863 -1434.8599257551755 30.244542 120.174643 50
306 946.4494241729018 -1407.0397374496026 30.244793 120.174081 50
307 909.4884171350313 -1388.4189664015505 30.244961 120.173697 50
308 270.35688888749115 309.6496690753577 30.260279 120.167057 50
309 270.35679027680226 313.6405153418201 30.260315 120.167057 50
310 228.38563028848793 954.059810028217 30.266092 120.166621 50
311 225.5001756162037 887.1021627407126 30.265488 120.166591 50
312 -1070.524130483413 683.2863446091446 30.263649 120.153123 50
313 -1389.7379484906453 539.9842761120127 30.262356 120.149806 50
314 -1184.2758485555323 613.0147950152667 30.263015 120.151941 50
315 -1163.0073857262896 626.6479110300854 30.263138 120.152162 50
316 -1106.5169654417994 656.2408426483256 30.263405 120.152749 50
317 274.891946698155 -171.35788991290187 30.25594 120.167104 50
318 280.760087565508 -79.34661837988259 30.25677 120.167165 50
319 316.6568823145082 -93.97873347415536 30.256638 120.167538 50
320 303.0874645321169 -94.20083128067702 30.256636 120.167397 50
321 287.20833364972344 -93.53611889405714 30.256642 120.167232 50
322 284.32124821606067 -94.53390529773071 30.256633 120.167202 50
323 -853.9359149047456 350.25325405446017 30.260645 120.155374 50
324 -851.4332579911381 357.9021815184002 30.260714 120.1554 50
325 -831.316098187527 416.43305285001315 30.261242 120.155609 50
326 -822.7496497915216 439.7123457335515 30.261452 120.155698 50
327 -818.7069037535396 452.90400903196354 30.261571 120.15574 50
328 -815.4342392552275 463.2134529491189 30.261664 120.155774 50
329 -811.3903761692092 491.70336696927825 30.261921 120.155816 50
330 750.3904686221192 1408.0424582216383 30.270187 120.172046 50
331 790.9003591505415 1412.812162771315 30.27023 120.172467 50
332 851.1359024407708 1419.9115311903129 30.270294 120.173093 50
333 900.4019786698306 1425.6800389774949 30.270346 120.173605 50
334 927.2655091723934 1223.7008400565696 30.268524 120.173884 50
335 914.1687846202985 1344.090426563004 30.26961 120.173748 50
336 1133.339598816549 -1169.4562969924764 30.246936 120.176023 50
337 1136.0351451511272 -1175.6639878330607 30.24688 120.176051 50
338 1136.4208333547679 -1182.426201110804 30.246819 120.176055 50
339 1132.7660886203157 -1207.8127435373444 30.24659 120.176017 50
340 1132.574305990185 -1214.685873006807 30.246528 120.176015 50
341 1134.5961687843628 -1221.2262033210282 30.246469 120.176036 50
342 1146.8226100163565 -1250.6019287238537 30.246204 120.176163 50
343 1154.7162031316063 -1263.127894473014 30.246091 120.176245 50
344 1163.3794992982434 -1272.882357592542 30.246003 120.176335 50
345 1174.2562417930487 -1280.1977313427658 30.245937 120.176448 50
346 1181.474850484482 -1280.640380817525 30.245933 120.176523 50
347 1184.4585344103662 -1280.750914901957 30.245932 120.176554 50
348 1194.371722772471 -1277.9784226183237 30.245957 120.176657 50
349 1216.4080796462438 -1239.1761856954267 30.246307 120.176886 50
350 1274.433734570871 -1141.6157654584806 30.247187 120.177489 50
351 1277.2241388687123 -1135.296612913778 30.247244 120.177518 50
352 1277.993319065211 -1128.5342693400303 30.247305 120.177526 50
353 1276.7413305320313 -1121.7721616287904 30.247366 120.177513 50
354 1273.5645004165033 -1115.675417607699 30.247421 120.17748 50
355 1268.655387559545 -1110.7982964136022 30.247465 120.177429 50
356 1262.5915195145844 -1107.5841556146474 30.247494 120.177366 50
357 1232.9473393039045 -1103.8184103045874 30.247528 120.177058 50
358 1203.1114552313172 -1107.0365730431577 30.247499 120.176748 50
359 1184.1520572490226 -1116.7940236773807 30.247411 120.176551 50
360 1167.9841889308677 -1130.541982068854 30.247287 120.176383 50
361 1157.0128177123968 -1137.083687996363 30.247228 120.176269 50
362 292.52591445615303 -1011.8729501016714 30.248358 120.167287 50
363 287.81028537393354 -1026.395294472745 30.248227 120.167238 50
364 288.0994179008761 -1041.471789072822 30.248091 120.167241 50
365 315.43409939937794 -1075.9474472797726 30.24778 120.167525 50
366 330.25604504435705 -1079.6052787256733 30.247747 120.167679 50
367 345.46282965575915 -1078.3853863648537 30.247758 120.167837 50
368 1500.537567397172 -595.3963332461865 30.252114 120.179839 50
369 1493.6080312960985 -594.2887141886264 30.252124 120.179767 50
370 1299.4854140563777 -563.8278933510977 30.252399 120.17775 50
371 1272.7304952049547 -564.9396047728878 30.252389 120.177472 50
372 1241.6463015379459 -580.0196877941103 30.252253 120.177149 50
373 1278.4119883184496 -592.8748322194627 30.252137 120.177531 50
374 1306.5148973700152 -596.3080709238423 30.252106 120.177823 50
375 1490.8211364267172 -624.4421167879684 30.251852 120.179738 50
376 1500.5417924305443 -626.2144953982315 30.251836 120.179839 50
377 1448.857240923624 -605.4912574096039 30.252023 120.179302 50
378 1500.5401510552445 -614.2419721285414 30.251944 120.179839 50
379 268.7174942992932 449.1075473890029 30.261537 120.16704 50
380 274.5867281170877 486.3555995732904 30.261873 120.167101 50
381 243.98891007019003 309.64904936870005 30.260279 120.166783 50
382 244.18149087221275 304.54963901826125 30.260233 120.166785 50
383 246.58870855276305 243.3567200308825 30.259681 120.16681 50
384 249.285288370664 154.44960854965535 30.258879 120.166838 50
385 248.8044366949094 140.2599251815739 30.258751 120.166833 50
386 246.59251588402023 74.4109301433383 30.258157 120.16681 50
387 247.36276630443734 58.22585422371024 30.258011 120.166818 50
388 250.63606017594196 2.3541025386945478 30.257507 120.166852 50
389 255.73886908095741 -95.64317839285214 30.256623 120.166905 50
390 294.92131651828925 -613.786590289481 30.251949 120.167312 50
391 298.48456610316265 -698.4810067361725 30.251185 120.167349 50
392 305.0306379079166 -755.5720172150216 30.25067 120.167417 50
393 306.76381728385684 -784.394704233842 30.25041 120.167435 50
394 305.9890966337569 -613.5645730211029 30.251951 120.167427 50
395 265.3598764822476 15.657265045441255 30.257627 120.167005 50
396 263.33768883858573 66.76220082252395 30.258088 120.166984 50
397 262.3745722693849 98.46722418737647 30.258374 120.166974 50
398 262.56482181399366 191.03266962551066 30.259209 120.166976 50
399 261.11999679130923 245.79590741299089 30.259703 120.166961 50
400 262.27303313108223 319.7374448893926 30.26037 120.166973 50
401 258.8966187810597 668.1605020765838 30.263513 120.166938 50
402 254.27500356785504 778.2412985146716 30.264506 120.16689 50
403 231.65601021146028 1018.5786194456903 30.266674 120.166655 50
404 213.2682787876043 1445.4884736967483 30.270525 120.166464 50
405 209.2263952110354 1471.4289367723477 30.270759 120.166422 50
406 272.8639110077948 111.10515698238791 30.258488 120.167083 50
407 267.1847619965682 163.09686272815634 30.258957 120.167024 50
408 253.62265824592632 -138.98822681914058 30.256232 120.166883 50
409 266.6194936464012 -335.20437779430705 30.254462 120.167018 50
410 270.2775348472497 -373.78243322422236 30.254114 120.167056 50
411 200.5684833798547 1352.368349796322 30.269685 120.166332 50
412 203.1679651662495 1275.6553594491481 30.268993 120.166359 50
413 206.4413978689181 1181.205274620881 30.268141 120.166393 50
414 210.48518456614795 1061.5906886121481 30.267062 120.166435 50
415 210.96656272665223 1048.9530052331243 30.266948 120.16644 50
416 96.9349901237259 1340.283528244886 30.269576 120.165255 50
417 89.81438841751066 1339.5074685082457 30.269569 120.165181 50
418 11.872608122224506 1324.4305550792526 30.269433 120.164371 50
419 -69.53348067708481 1308.689076698486 30.269291 120.163525 50
420 1028.868147643265 322.2215220649682 30.260392 120.174939 50
421 999.4208424137635 320.9993676281301 30.260381 120.174633 50
422 813.3056306504709 318.5451012041645 30.260359 120.172699 50
423 717.5532463850591 320.5338264552405 30.260377 120.171704 50
424 1029.2541552912053 310.8033036389479 30.260289 120.174943 50
425 998.8444236651605 310.246201337301 30.260284 120.174627 50
426 717.7463894880126 310.22415285400893 30.260284 120.171706 50
427 606.5960526106737 321.96825193866937 30.26039 120.170551 50
428 602.2655378282537 322.18972641750395 30.260392 120.170506 50
429 497.75613813141547 320.8541912631483 30.26038 120.16942 50
430 421.9241970646252 321.4052887568383 30.260385 120.168632 50
431 417.78616527787955 321.29427314046353 30.260384 120.168589 50
432 310.1971804587729 322.9535469243119 30.260399 120.167471 50
433 303.65331046178846 322.9533633754097 30.260399 120.167403 50
434 290.8542588298384 323.3964430581539 30.260403 120.16727 50
435 270.2602912060994 324.393626626343 30.260412 120.167056 50
436 865.5961706241166 -1350.9530013007645 30.245299 120.173241 50
437 866.7501473207031 -1338.3152592002823 30.245413 120.173253 50
438 869.2514772228704 -1324.2362741666134 30.24554 120.173279 50
439 890.5173140927924 -1263.4851511134702 30.246088 120.1735 50
440 925.5448759793348 -1186.9911878285404 30.246778 120.173864 50
441 972.0225628326604 -1080.5648044986308 30.247738 120.174347 50
442 975.1015965189268 -1071.2525738593934 30.247822 120.174379 50
443 979.2385823846038 -1053.6260003267143 30.247981 120.174422 50
444 918.9882284911538 -1045.5386914641288 30.248054 120.173796 50
445 814.6580742827872 -1043.8841056033875 30.248069 120.172712 50
446 618.7021302131013 -1038.4649631772722 30.248118 120.170676 50
447 982.9910314942149 -1041.0988644826707 30.248094 120.174461 50
448 1021.2831216909576 -895.6514404449802 30.249406 120.174859 50
449 1143.7893995497554 144.41857655430886 30.258788 120.176133 50
450 1146.7692092135032 177.56507714935566 30.259087 120.176164 50
451 1146.1887472006397 206.72036083603638 30.25935 120.176158 50
452 1143.298263306597 239.7553931793575 30.259648 120.176128 50
453 1139.5428931298648 261.2612268799294 30.259842 120.176089 50
454 1138.3834149049387 306.1581252340294 30.260247 120.176077 50
455 -591.1717112397148 -547.7040007865995 30.252545 120.158105 50
456 -572.5969529774034 -543.1598633537484 30.252586 120.158298 50
457 -557.4870032316832 -540.9435093292141 30.252606 120.158455 50
458 -545.649346192195 -540.6115358419443 30.252609 120.158578 50
459 -474.33472976527185 -539.3954355008161 30.25262 120.159319 50
460 -460.7647349160521 -538.9525884312014 30.252624 120.15946 50
461 -456.53012796630605 -538.8419091983178 30.252625 120.159504 50
462 -460.8606304542695 -530.749187758964 30.252698 120.159459 50
463 -462.30429062688665 -531.8576939846363 30.252688 120.159444 50
464 -472.2171750239914 -533.5201213954001 30.252673 120.159341 50
465 -503.78432242706924 -536.2901314900043 30.252648 120.159013 50
466 -548.824909296182 -532.8514072719208 30.252679 120.158545 50
467 -563.3570581900165 -528.4164003343375 30.252719 120.158394 50
468 -568.6502368786871 -527.0858460143211 30.252731 120.158339 50
469 -585.107186448676 -522.6507099704013 30.252771 120.158168 50
470 -1499.910140229154 633.6728899241944 30.263201 120.148661 50
471 -1473.9303448166124 615.2671159474502 30.263035 120.148931 50
472 -1440.6369957600991 596.1952974796593 30.262863 120.149277 50
473 -1432.5543340236054 590.540535205643 30.262812 120.149361 50
474 -1422.6438212611492 580.6729795998328 30.262723 120.149464 50
475 -269.7159066010473 -112.16050265713994 30.256474 120.161445 50
476 -370.47641076305143 -116.48096952249747 30.256435 120.160398 50
477 1101.7422497102755 -886.3316769384663 30.24949 120.175695 50
478 1431.4720400504211 -869.4433022704178 30.249642 120.179121 50
479 1400.287822125935 -860.0245206666045 30.249727 120.178797 50
480 1373.62766820843 -855.039349679671 30.249772 120.17852 50
481 1349.5661866718604 -850.6080768714056 30.249812 120.17827 50
482 1301.9250407115924 -846.2904383888223 30.249851 120.177775 50
483 1271.704556403683 -846.515705210544 30.249849 120.177461 50
484 1240.8103651679555 -846.7409649869119 30.249847 120.17714 50
485 1156.6944897572434 -857.0598485677228 30.249754 120.176266 50
486 1097.3127135291636 -863.2739368851254 30.249698 120.175649 50
487 1024.84220205594 -874.8100561301613 30.249594 120.174896 50
488 -364.9999016469196 -386.7499217935925 30.253997 120.160455 50
489 -240.4657725254786 -384.20366202663297 30.25402 120.161749 50
490 -233.82523055810995 -383.76037899358846 30.254024 120.161818 50
491 -49.622570041124945 -368.13196485543955 30.254165 120.163732 50
492 133.03986457350533 -363.1427154811929 30.25421 120.16563 50
493 1198.2292648518153 -1347.817653260283 30.245327 120.176697 50
494 1201.2126753409411 -1345.2676247414865 30.24535 120.176728 50
495 1203.2335188812503 -1341.941705164399 30.24538 120.176749 50
496 1204.003076349158 -1338.061639993768 30.245415 120.176757 50
497 1203.4251619379768 -1334.181723000595 30.24545 120.176751 50
498 1201.5960615006163 -1330.634513163298 30.245482 120.176732 50
499 1198.8045804580995 -1327.974261172802 30.245506 120.176703 50
500 1195.14697881528 -1326.311812379329 30.245521 120.176665 50
501 1191.2007794197116 -1325.9796728440974 30.245524 120.176624 50
502 1169.9250105176905 -1279.3113424412932 30.245945 120.176403 50
503 1177.1433919778092 -1277.6477194684537 30.24596 120.176478 50
504 -73.77402799782561 321.06483256116474 30.260382 120.163481 50
505 -75.50627278664167 314.7460043976432 30.260325 120.163463 50
506 -85.12988217002453 280.82388239639846 30.260019 120.163363 50
507 -102.26001650162564 224.50875850448142 30.259511 120.163185 50
508 -111.6915714304966 165.86559129949003 30.258982 120.163087 50
509 -115.92618526571248 139.0382857311365 30.25874 120.163043 50
510 -118.33236956266997 110.43725390287346 30.258482 120.163018 50
511 -124.97321849607808 56.45006318528309 30.257995 120.162949 50
512 -58.280423596632545 326.1641538325431 30.260428 120.163642 50
513 72.69322664941254 317.8499769097484 30.260353 120.165003 50
514 -517.5719394359757 966.2639309153676 30.266202 120.158869 50
515 -501.7904758184684 968.8129054186157 30.266225 120.159033 50
516 -766.8045868399861 925.7049197522808 30.265836 120.156279 50
517 -738.2245104412057 930.6915162295287 30.265881 120.156576 50
518 -733.7017406970216 931.4672105651772 30.265888 120.156623 50
519 -671.9227330133244 941.4403665940961 30.265978 120.157265 50
520 -596.5755956459989 953.5194052011816 30.266087 120.158048 50
521 -544.612133945519 962.1635366248927 30.266165 120.158588 50
522 -523.5381060433776 965.2665022972631 30.266193 120.158807 50
523 308.4993521220714 -896.4707426939594 30.249399 120.167453 50
524 309.3659219046711 -909.6626600845783 30.24928 120.167462 50
525 328.2294137265469 -897.1353086553225 30.249393 120.167658 50
526 336.6862306681993 -485.41331608051155 30.253107 120.167746 50
527 303.2908139814263 -486.63371649036617 30.253096 120.167399 50
528 279.4231892868582 -487.4103489780598 30.253089 120.167151 50
529 258.4428421159685 -490.95827955825405 30.253057 120.166933 50
530 198.96625281501105 -494.50693752995215 30.253025 120.166315 50
531 146.22646267236135 -497.7226141330574 30.252996 120.165767 50
532 69.90770751850911 -504.04220063098023 30.252939 120.164974 50
533 28.52423444347906 -507.3680882177433 30.252909 120.164544 50
534 -45.29239577350833 -513.465150986302 30.252854 120.163777 50
535 -231.71078985430862 -517.4536333330448 30.252818 120.16184 50
536 -239.698793443459 -518.3403149925415 30.25281 120.161757 50
537 284.03296864965296 -111.16242942436162 30.256483 120.167199 50
538 306.7449603322734 -111.60524345108428 30.256479 120.167435 50
539 316.75366485724055 -112.82438285263606 30.256468 120.167539 50
540 275.27440462913484 -72.25192371913572 30.256834 120.167108 50
541 270.4603889833714 15.65738992019858 30.257627 120.167058 50
542 267.2823534175415 107.55760130515638 30.258456 120.167025 50
543 268.62771502119404 186.26597343194527 30.259166 120.167039 50
544 283.4758473268297 -895.0302829712361 30.249412 120.167193 50
545 261.82085745638034 -892.148549430975 30.249438 120.166968 50
546 239.39582724584545 -884.7216669749039 30.249505 120.166735 50
547 218.51069947401894 -875.7427146370367 30.249586 120.166518 50
548 160.28271345900765 -847.5861305620351 30.24984 120.165913 50
549 55.665842211196804 -848.4740160541863 30.249832 120.164826 50
550 -24.0239281907744 -848.584987923579 30.249831 120.163998 50
551 -100.05639556100319 -843.8177203818389 30.249874 120.163208 50
552 -175.51137241090936 -841.3779237798508 30.249896 120.162424 50
553 -231.81385566825446 -839.7140260241719 30.249911 120.161839 50
554 -243.84430403297915 -839.6029079126682 30.249912 120.161714 50
555 -244.13333648943038 -853.1274143547755 30.24979 120.161711 50
556 -245.29159980490175 -1002.1187265833348 30.248446 120.161699 50
557 -239.1215304063751 -526.6545811039576 30.252735 120.161763 50
558 -220.44662021999665 -318.9094640950426 30.254609 120.161957 50
559 -199.56150609194182 -250.62210708325378 30.255225 120.162174 50
560 -169.91808260767206 -122.58304424232813 30.25638 120.162482 50
561 -355.7653805166362 -524.6559898536588 30.252753 120.160551 50
562 -442.18970971915564 -526.093976212615 30.25274 120.159653 50
563 -444.9806988452303 -526.2047197939787 30.252739 120.159624 50
564 1183.2123491255445 -1327.3108184856605 30.245512 120.176541 50
565 1176.283191719702 -1333.7412475463827 30.245454 120.176469 50
566 1160.5003260255378 -1350.7039902299807 30.245301 120.176305 50
567 1156.3626062404496 -1359.6838115351657 30.24522 120.176262 50
568 -586.5042397912478 346.0230918165828 30.260607 120.158153 50
569 -501.3377086105486 349.6771343376986 30.26064 120.159038 50
570 -492.3880458880724 349.23330057430513 30.260636 120.159131 50
571 1069.6197661943459 -1121.9052215469205 30.247365 120.175361 50
572 -709.2008172320319 357.22689767945036 30.260708 120.156878 50
573 -439.38242197574317 -120.02583654645778 30.256403 120.159682 50
574 -454.3954695711784 -120.80122086625778 30.256396 120.159526 50
575 -459.97724607102805 -121.13355798796997 30.256393 120.159468 50
576 -437.49385964191566 -1025.2817679642226 30.248237 120.159702 50
577 -436.33926586434245 -1034.0394881922102 30.248158 120.159714 50
578 -429.89571854899685 -1158.5317321947082 30.247035 120.159781 50
579 -428.06851057069963 -1196.2230517517366 30.246695 120.1598 50
580 -426.14837418206383 -1319.4956647778367 30.245583 120.15982 50
581 -416.91217123851476 -1413.7241152162235 30.244733 120.159916 50
582 -424.0195091337185 -1024.8388717840874 30.248241 120.159842 50
583 -713.434682431076 363.2134427175111 30.260762 120.156834 50
584 -779.0591424764843 454.0096830368009 30.261581 120.156152 50
585 -784.4476942506975 460.3289092118859 30.261638 120.156096 50
586 -437.3971847477689 -1014.5286781258382 30.248334 120.159703 50
587 -611.6007890145819 -1012.6357663152426 30.248351 120.157893 50
588 -773.1001269571371 -1012.8472624730125 30.248349 120.156215 50
589 68.940027293296 333.0373400969033 30.26049 120.164964 50
590 115.32466180528169 315.3006358094774 30.26033 120.165446 50
591 238.792298687048 309.7597915724784 30.26028 120.166729 50
592 72.78949326344195 312.86141968953996 30.260308 120.165004 50
593 75.0033874306411 236.3702183764272 30.259618 120.165027 50
594 79.6232224783697 154.4470587397577 30.258879 120.165075 50
595 82.414415949151 103.67465905063057 30.258421 120.165104 50
596 84.72437241077515 63.766226501162706 30.258061 120.165128 50
597 94.54123264154457 -31.459680653028858 30.257202 120.16523 50
598 101.56712061414963 -98.63882841020089 30.256596 120.165303 50
599 1002.0341905908083 -894.4337966449552 30.249417 120.174659 50
600 965.76287442435 -1038.4398391788818 30.248118 120.174282 50
601 1056.1215917691006 -876.0265054551976 30.249583 120.175221 50
602 323.7043439605191 -843.1482503392815 30.24988 120.167611 50
603 320.5265997085327 -784.9485931527978 30.250405 120.167578 50
604 310.12732601886034 -607.9107648538593 30.252002 120.16747 50
605 303.9648207688544 -498.27365315355706 30.252991 120.167406 50
606 296.839642529001 -373.89260168514005 30.254113 120.167332 50
607 285.6707315747234 -177.4547360009676 30.255885 120.167216 50
608 643.3305426440196 -861.5363343805469 30.249714 120.170932 50
609 521.0051605064741 -871.7416544212149 30.249622 120.169661 50
610 502.8151929704681 -874.5139217640307 30.249597 120.169472 50
611 423.22210311963306 -890.7023612760502 30.249451 120.168645 50
612 401.6635649999246 -894.2505867580264 30.249419 120.168421 50
613 378.56506101792877 -896.4685432688642 30.249399 120.168181 50
614 355.75523321111996 -897.2453051244512 30.249392 120.167944 50
615 310.5243997445099 -1034.708921125442 30.248152 120.167474 50
616 335.93322233830787 -1036.5927334412745 30.248135 120.167738 50
617 367.88676010895097 -1039.1414085082538 30.248112 120.16807 50
618 617.3554892369598 -1052.5438315177346 30.247991 120.170662 50
619 802.2435305413067 -1059.0723812013603 30.247932 120.172583 50
620 914.658620479822 -1062.721831994621 30.247899 120.173751 50
621 161.63263750909644 -1017.7510678330872 30.248305 120.165927 50
622 5.715456346089894 -1013.20713783735 30.248346 120.164307 50
623 -233.45681521920142 -1159.424538545756 30.247027 120.161822 50
624 -418.44239580467206 -1158.5321761056448 30.247035 120.1599 50
625 1268.593987179378 -581.014307446329 30.252244 120.177429 50
626 1323.0673706156736 -587.5484026809818 30.252185 120.177995 50
627 -470.9485878935676 -127.89535455069918 30.256332 120.159354 50
628 -470.6603049555532 -137.8724765302349 30.256242 120.159357 50
629 -470.27576967645547 -147.51703218821356 30.256155 120.159361 50
630 -469.60340096007144 -177.67010209835004 30.255883 120.159368 50
631 -465.85374679727613 -262.69739704354134 30.255116 120.159407 50
632 -460.8547114635884 -390.18286358040905 30.253966 120.159459 50
633 -450.4607467280019 -388.18787516305315 30.253984 120.159567 50
634 -447.3810783677998 -388.18800149967984 30.253984 120.159599 50
635 -439.2969400250442 -387.96661554257446 30.253986 120.159683 50
636 310.0378323094161 -846.1417759603123 30.249853 120.167469 50
637 312.92606758998113 -878.5118386345439 30.249561 120.167499 50
638 317.93252374508097 -939.4828536521578 30.249011 120.167551 50
639 320.72548461215393 -1003.3361988757288 30.248435 120.16758 50
640 325.8344435748011 -1271.1656365239273 30.246019 120.167633 50
641 314.55947497977263 -783.1750595343658 30.250421 120.167516 50
642 307.0497976034042 -686.3973908979704 30.251294 120.167438 50
643 335.1704311865635 -1270.832784792799 30.246022 120.16773 50
644 329.29129363859727 -1003.3359444887716 30.248435 120.167669 50
645 327.94197331023037 -940.2585548246172 30.249004 120.167655 50
646 323.1281583924006 -886.3823648357322 30.24949 120.167605 50
647 -516.2308981937643 836.0069747856389 30.265027 120.158883 50
648 -515.3661492195553 808.1818475704982 30.264776 120.158892 50
649 -513.9266756430642 723.8196716006323 30.264015 120.158907 50
650 -508.4438922962889 673.933810660114 30.263565 120.158964 50
651 -507.77260587423825 623.8264643035707 30.263113 120.158971 50
652 -500.94610657326183 495.34302746637934 30.261954 120.159042 50
653 -499.6007739264022 453.43907076169126 30.261576 120.159056 50
654 -494.79284695730814 371.95906295959423 30.260841 120.159106 50
655 -494.4081756361312 366.1944893914207 30.260789 120.15911 50
656 -510.43808254360414 1244.957995003263 30.268716 120.158943 50
657 -522.0813351404686 1245.0694013530208 30.268717 120.158822 50
658 -92.06974056149778 -1030.1678173099915 30.248193 120.163291 50
659 -13.533591187880234 -1030.279052864594 30.248192 120.164107 50
660 8.699066631381669 -1027.2859286406074 30.248219 120.164338 50
661 140.17010466674319 -1028.7261706895965 30.248206 120.165704 50
662 239.68773418162266 -1029.7221532819701 30.248197 120.166738 50
663 -1230.398889438722 1215.4164554514718 30.268449 120.151461 50
664 -1211.9231577263315 1219.2943876539705 30.268484 120.151653 50
665 241.47956969100335 639.0047410817126 30.26325 120.166757 50
666 241.0952238243749 612.8425069331862 30.263014 120.166753 50
667 245.7148863965992 586.9020987215338 30.26278 120.166801 50
668 -773.2719111689918 -719.7422408920442 30.250993 120.156213 50
669 -722.7400699874013 -651.5688316319299 30.251608 120.156738 50
670 -698.4850323868268 -619.2002514389576 30.2519 120.15699 50
671 904.2481653772959 -869.8321352918229 30.249639 120.173643 50
672 936.1050571738076 -871.8248765389518 30.249621 120.173974 50
673 858.9169456560463 -865.2906639527388 30.24968 120.173172 50
674 328.7110237699483 -910.1055227348011 30.249276 120.167663 50
675 356.5255832787231 -909.4395120164011 30.249282 120.167952 50
676 384.4363446805884 -907.664860689179 30.249298 120.168242 50
677 404.45501213890725 -904.2275828848856 30.249329 120.16845 50
678 420.720094293712 -899.4601335350684 30.249372 120.168619 50
679 447.95690686963263 -892.696796570214 30.249433 120.168902 50
680 499.44703033317455 -882.7174686975659 30.249523 120.169437 50
681 519.9468410705839 -879.3908141958816 30.249553 120.16965 50
682 640.0589017196439 -872.6221922127731 30.249614 120.170898 50
683 741.3074272292217 -871.8398055405918 30.249621 120.17195 50
684 795.3966375596125 -873.8314278152577 30.249603 120.172512 50
685 856.415377975939 -875.1571027091336 30.249591 120.173146 50
686 904.6340478539511 -880.8069126284222 30.24954 120.173647 50
687 935.4324204572106 -884.3517364601836 30.249508 120.173967 50
688 949.2917388535915 -886.4568195219482 30.249489 120.174111 50
689 1005.3047689397248 -875.6987215858103 30.249586 120.174693 50
690 974.121748078226 -875.8123983454124 30.249585 120.174369 50
691 1123.5887080751638 -877.239209805319 30.249572 120.175922 50
692 1219.3500280003484 -864.702156435812 30.249685 120.176917 50
693 1281.0422287381514 -863.9191121334669 30.249692 120.177558 50
694 1332.1479791584707 -866.2410003479253 30.249671 120.178089 50
695 1391.242893161241 -875.6564634024452 30.249586 120.178703 50
696 1463.813699858616 -897.264045285041 30.249391 120.179457 50
697 1496.4421656938025 -909.7864343322071 30.249278 120.179796 50
698 1500.5808799166514 -911.3378607784788 30.249264 120.179839 50
699 1061.1271463123678 -885.0054105618503 30.249502 120.175273 50
700 958.4033149269055 -525.5066585576312 30.252745 120.174206 50
701 909.4162929411364 -520.3005736129755 30.252792 120.173697 50
702 788.3443318074826 -505.8985923217059 30.252922 120.172439 50
703 693.3540241202586 -493.8216409303384 30.253031 120.171452 50
704 622.5206531190596 -488.28306370182645 30.253081 120.170716 50
705 592.7821955122371 -485.73501046833394 30.253104 120.170407 50
706 559.77154169542 -482.5219039670557 30.253133 120.170064 50
707 515.308357832673 -480.63952379247047 30.25315 120.169602 50
708 491.4407513343797 -481.1949052654626 30.253145 120.169354 50
709 1006.9091586378707 -530.4908550419661 30.2527 120.17471 50
710 956.1909958369661 -539.4747977935592 30.252619 120.174183 50
711 1006.3329874114771 -544.3479969469973 30.252575 120.174704 50
712 1500.5388440297838 -604.7082960500182 30.25203 120.179839 50
713 1449.2412089672573 -597.9529508452395 30.252091 120.179306 50
714 1322.1038051292167 -578.0148425419444 30.252271 120.177985 50
715 -231.62495266863706 -1009.102992582371 30.248383 120.161841 50
716 -231.52541794434887 -853.5711150005877 30.249786 120.161842 50
717 -586.8396043949955 -524.2026111884992 30.252757 120.15815 50
718 -602.4314307301662 -538.9457066385257 30.252624 120.157988 50
719 -653.2486897318188 -572.9758005437602 30.252317 120.15746 50
720 -706.3762695931231 -610.2203522948005 30.251981 120.156908 50
721 -731.4012974744307 -643.3648608315805 30.251682 120.156648 50
722 -780.9708565038297 -713.312006539017 30.251051 120.156133 50
723 -791.462322461543 -727.6117648768176 30.250922 120.156024 50
724 -812.8330804513334 502.1240197487875 30.262015 120.155801 50
725 -814.5634454269912 526.4018033540549 30.262234 120.155783 50
726 -814.1766958750429 550.9011440612258 30.262455 120.155787 50
727 -808.0147601915519 593.2480156861093 30.262837 120.155851 50
728 -805.3194270997403 604.9986467584044 30.262943 120.155879 50
729 -799.3517342946053 623.843879962474 30.263113 120.155941 50
730 -786.7428772226328 660.4257401989826 30.263443 120.156072 50
731 -775.3858891809851 685.8111586643172 30.263672 120.15619 50
732 -765.3764060296454 707.8709769244904 30.263871 120.156294 50
733 -757.0981790398886 743.2337532972861 30.26419 120.15638 50
734 -754.210042732815 761.3032298075361 30.264353 120.15641 50
735 -749.9738308346622 792.1211600128329 30.264631 120.156454 50
736 -761.4169563549503 909.297717486082 30.265688 120.156335 50
737 -1499.9301409865295 487.78523913355696 30.261885 120.148661 50
738 -1480.8751084891333 495.98605204821195 30.261959 120.148859 50
739 -1469.0379052572441 501.08387248964027 30.262005 120.148982 50
740 -1438.3382079884225 514.3826186005034 30.262125 120.149301 50
741 -444.6923681533684 -535.8492654441133 30.252652 120.159627 50
742 -441.7088947055376 -535.7385295632932 30.252653 120.159658 50
743 -357.6905414187516 -535.1873147363043 30.252658 120.160531 50
744 -453.45576315814696 -667.8792366234984 30.251461 120.159536 50
745 -441.7246464589864 -926.0649025402023 30.249132 120.159658 50
746 -437.5893116591524 -1005.4384261585501 30.248416 120.159701 50
747 -124.77745007182017 345.56465783396925 30.260603 120.162951 50
748 -250.55405586500507 352.772509959236 30.260668 120.161644 50
749 -307.7164169244191 356.76481464271535 30.260704 120.16105 50
750 -379.2175221359617 358.9841959145799 30.260724 120.160307 50
751 -467.9440764331837 366.74760992059294 30.260794 120.159385 50
752 -482.9564386357486 366.41569166181245 30.260791 120.159229 50
753 -159.71692387583596 -122.25062756336771 30.256383 120.162588 50
754 -81.18727075345208 -119.81264291878114 30.256405 120.163404 50
755 -8.143176230915216 -117.48494878122413 30.256426 120.164163 50
756 26.02104725241449 -116.48720989544708 30.256435 120.164518 50
757 103.10703835235088 -111.83077049640488 30.256477 120.165319 50
758 213.97225217520588 -109.39031521280359 30.256499 120.166471 50
759 257.0865265365855 -110.05452790254424 30.256493 120.166919 50
760 1029.0718588052168 -820.8224642202113 30.250081 120.17494 50
761 1037.054697255179 -764.1739513490367 30.250592 120.175023 50
762 1050.6162373079542 -673.3810342156271 30.251411 120.175164 50
763 1056.003209031711 -646.5531961681368 30.251653 120.17522 50
764 1069.5638390465492 -549.552265018565 30.252528 120.175361 50
765 -1121.0255206315408 873.3001491025036 30.265363 120.152598 50
766 -1116.3120077156173 856.7819853754074 30.265214 120.152647 50
767 -1115.927239984264 855.3408061199523 30.265201 120.152651 50
768 -1090.6279559889192 766.4310078638791 30.264399 120.152914 50
769 249.75476374932242 666.9408637524916 30.263502 120.166843 50
770 252.84211790410933 321.5109323848759 30.260386 120.166875 50
771 253.32514821853778 241.02888047385215 30.25966 120.16688 50
772 252.17316460505072 118.42121012011918 30.258554 120.166868 50
773 251.69287095854224 80.0647433292205 30.258208 120.166863 50
774 254.48471162091096 36.60894142252321 30.257816 120.166892 50
775 256.12150033463877 3.3519406968146583 30.257516 120.166909 50
776 262.3798165451866 -120.25322562975268 30.256401 120.166974 50
777 283.84970930693623 -466.45831495065147 30.253278 120.167197 50
778 244.56345650345492 437.3561536392447 30.261431 120.166789 50
779 244.8545972699187 328.1621613066351 30.260446 120.166792 50
780 309.94662021938143 -1023.8449873131917 30.24825 120.167468 50
781 315.72325848109494 -1090.580513600637 30.247648 120.167528 50
782 318.5175092349977 -1197.8896375973422 30.24668 120.167557 50
783 321.5045346434755 -1312.8478437856515 30.245643 120.167588 50
784 322.757497514041 -1371.9343671099637 30.24511 120.167601 50
785 -424.6928214985743 -1014.4183218774879 30.248335 120.159835 50
786 -350.48220489544747 -839.1565856109802 30.249916 120.160606 50
787 -312.2735108265822 -839.7120259075136 30.249911 120.161003 50
788 -261.6494558807512 -843.1499099368992 30.24988 120.161529 50
789 -441.23296785794105 -666.6603126652474 30.251472 120.159663 50
790 -109.87337954343656 -857.0095690432383 30.249755 120.163106 50
791 3.5980119177987433 -856.4558367047136 30.24976 120.164285 50
792 56.43583340384356 -856.5665484388818 30.249759 120.164834 50
793 117.16564037836469 -856.3443534319053 30.249761 120.165465 50
794 160.7640653451343 -856.6763697938663 30.249758 120.165918 50
795 195.0271288176619 -872.7500285494344 30.249613 120.166274 50
796 224.3818401303032 -888.4911114403801 30.249471 120.166579 50
797 243.8233501377325 -898.1352246035684 30.249384 120.166781 50
798 263.3610425884135 -903.7884612499615 30.249333 120.166984 50
799 286.1710123181473 -907.6678714370647 30.249298 120.167221 50
800 -231.90918328888102 -796.4799237222533 30.250301 120.161838 50
801 -232.58155735104378 -733.9567444234738 30.250865 120.161831 50
802 -231.23323013208187 -689.9466695148943 30.251262 120.161845 50
803 -230.27017054225058 -659.6828135666192 30.251535 120.161855 50
804 -231.0372893108546 -526.2113279165725 30.252739 120.161847 50
805 -156.54091385397987 -109.72385781933457 30.256496 120.162621 50
806 -167.030772383093 -110.05627306119797 30.256493 120.162512 50
807 -610.831434208376 -1023.4997596589891 30.248253 120.157901 50
808 -518.4360785674952 -1024.7239496828206 30.248242 120.158861 50
809 -788.8664641722233 -764.9706530552719 30.250585 120.156051 50
810 -1180.3744378126198 1096.572273948183 30.267377 120.151981 50
811 -1177.5850486115162 1085.5971344438324 30.267278 120.15201 50
812 -1165.8500616031954 1041.8073805777133 30.266883 120.152132 50
813 -1126.1235562819797 893.4766334572663 30.265545 120.152545 50
814 -1124.1997751104682 885.8273075499148 30.265476 120.152565 50
815 -1197.8738710660336 1222.6185498849338 30.268514 120.151799 50
816 271.2046239631337 1050.5063298232396 30.266962 120.167066 50
817 421.3187125425645 1050.6219372769797 30.266963 120.168626 50
818 536.0212907260648 1050.2943843302469 30.26696 120.169818 50
819 612.0406702831508 1049.1898029713507 30.26695 120.170608 50
820 696.1438812558008 1036.3354242594544 30.266834 120.171482 50
821 707.9920770514201 846.881680502076 30.265125 120.171605 50
822 703.7613628798688 794.7786560934412 30.264655 120.171561 50
823 706.556957999076 718.1767125838202 30.263964 120.17159 50
824 709.5473036435899 606.8765843350564 30.26296 120.171621 50
825 712.7249521740875 575.7260066112158 30.262679 120.171654 50
826 714.9404927932851 541.6930894493153 30.262372 120.171677 50
827 718.2165176819302 478.3940305759754 30.261801 120.171711 50
828 719.7588553136096 438.48566112809453 30.261441 120.171727 50
829 719.5683226316103 409.1085812135773 30.261176 120.171725 50
830 719.3772859788427 387.3806252339311 30.26098 120.171723 50
831 717.6488762904389 329.7349507021935 30.26046 120.171705 50
832 743.7753493647778 1050.3065342663838 30.26696 120.171977 50
833 812.4814734220479 1049.5354216740097 30.266953 120.172691 50
834 1133.7841745438545 1042.0257248270302 30.266885 120.17603 50
835 268.81392539999746 441.0149988983327 30.261464 120.167041 50
836 265.34902330331954 463.18628675573984 30.261664 120.167005 50
837 266.4045320619971 588.2328654743792 30.262792 120.167016 50
838 261.4934258024575 727.2472911479325 30.264046 120.166965 50
839 261.97354226848955 770.3706394543492 30.264435 120.16697 50
840 256.19843581400744 827.572670622859 30.264951 120.16691 50
841 236.6597919401464 1020.2415807443872 30.266689 120.166707 50
842 237.3327284615622 1050.3946857425094 30.266961 120.166714 50
843 270.45256339291427 332.26446725634975 30.260483 120.167058 50
844 804.9340325930566 308.8999369797673 30.260272 120.172612 50
845 867.100780285885 310.12411183474444 30.260283 120.173258 50
846 878.6487639957793 310.5684603740393 30.260287 120.173378 50
847 930.1337096000689 310.2401450582704 30.260284 120.173913 50
848 1500.411392829376 324.8257265162638 30.260415 120.179839 50
849 1454.0266317741284 326.92574466724875 30.260434 120.179357 50
850 1408.7964171961148 331.13238807423363 30.260472 120.178887 50
851 1354.7131332583413 332.4558408664773 30.260484 120.178325 50
852 1276.956810560121 330.89449481634506 30.26047 120.177517 50
853 1260.9821831987251 330.0057875235643 30.260462 120.177351 50
854 1131.067856100703 323.67274763315527 30.260405 120.176001 50
855 1500.413779509487 307.42120257130097 30.260258 120.179839 50
856 -459.8806034801954 -111.48902257219899 30.25648 120.159469 50
857 -459.8802727143559 -103.6181914234955 30.256551 120.159469 50
858 -467.28406558443777 47.81249617991397 30.257917 120.159392 50
859 -467.66862502558365 56.791913520765654 30.257998 120.159388 50
860 -472.6667866868078 197.91285101426064 30.259271 120.159336 50
861 -472.9551067987032 206.78140941355008 30.259351 120.159333 50
862 -457.66813996502805 -135.2124650763069 30.256266 120.159492 50
863 -454.29982135550375 -134.9908918860133 30.256268 120.159527 50
864 -438.99803764513297 -134.10466226460545 30.256276 120.159686 50
865 -370.1881565296261 -130.0055057676642 30.256313 120.160401 50
866 -268.1764291058593 -125.13078318876416 30.256357 120.161461 50
867 259.9743111788208 -138.2120803588916 30.256239 120.166949 50
868 264.3067736887186 -211.82086955730534 30.255575 120.166994 50
869 267.0988334699668 -259.15663711752967 30.255148 120.167023 50
870 271.335050841462 -328.6637140826879 30.254521 120.167067 50
871 272.4926527049929 -438.41185249078 30.253531 120.167079 50
872 281.1558231564427 -499.27197338591014 30.252982 120.167169 50
873 287.02839023258264 -571.3286831731841 30.252332 120.16723 50
874 289.7247766859422 -632.9649377757736 30.251776 120.167258 50
875 298.6779976548916 -733.1791433152218 30.250872 120.167351 50
876 302.14424237350613 -787.8313895955564 30.250379 120.167387 50
877 -483.14864029265505 372.40197002995694 30.260845 120.159227 50
878 -484.49410489264136 412.97563779244166 30.261211 120.159213 50
879 -487.37720607718467 499.99840318872344 30.261996 120.159183 50
880 -488.91373483651773 571.168585397291 30.262638 120.159167 50
881 -493.5311871105159 607.6407071953918 30.262967 120.159119 50
882 -496.6077723302003 669.388134364543 30.263524 120.159087 50
883 -500.3591633521989 704.1973711491277 30.263838 120.159048 50
884 -502.18649070211114 726.9231197852652 30.264043 120.159029 50
885 -504.2047573519721 782.4625234939072 30.264544 120.159008 50
886 -503.91360802407223 835.8955436799848 30.265026 120.159011 50
887 -492.09956581401224 344.3555863622847 30.260592 120.159134 50
888 -487.86808815298986 281.94299532983564 30.260029 120.159178 50
889 -482.77103066706906 206.4492676001526 30.259348 120.159231 50
890 -480.0701831051498 349.67618061481016 30.26064 120.159259 50
891 -167.13335806167782 -525.7690636316781 30.252743 120.162511 50
892 -45.48491088038611 -521.5576902989154 30.252781 120.163775 50
893 146.22657523491566 -506.14772456808055 30.25292 120.165767 50
894 199.351366538486 -502.8211842793368 30.25295 120.166319 50
895 258.53927905684617 -499.2725310810249 30.252982 120.166934 50
896 337.45650665532634 -496.83153430515983 30.253004 120.167754 50
897 424.8429122161222 -495.4982100707383 30.253016 120.168662 50
898 493.5586462205381 -494.6084728904517 30.253024 120.169376 50
899 511.0744147880999 -494.2750987329541 30.253027 120.169558 50
900 557.9436849102981 -496.4899438188687 30.253007 120.170045 50
901 621.4627816815249 -501.91850007925774 30.252958 120.170705 50
902 692.488756833202 -508.01135544722484 30.252903 120.171443 50
903 771.9842466010933 -517.6505704478891 30.252816 120.172269 50
904 907.0114121715683 -534.0470055788692 30.252668 120.173672 50
905 -240.18310628267358 -660.0151705662383 30.251532 120.161752 50
906 1033.0990163206661 -661.1884658863273 30.251521 120.174982 50
907 1018.5756295718313 -759.6305631583207 30.250633 120.174831 50
908 1068.2103620467683 -487.02921038421357 30.253092 120.175347 50
909 1079.846789419565 -399.11868472676724 30.253885 120.175468 50
910 1088.5003274622861 -318.30326477891333 30.254614 120.175558 50
911 1091.288329699802 -288.9259490650336 30.254879 120.175587 50
912 1095.0390236474268 -262.76338101395766 30.255115 120.175626 50
913 1118.4184952460232 -199.24009390779128 30.255688 120.175869 50
914 1121.0154329240245 -184.71759203404616 30.255819 120.175896 50
915 1136.4955651630653 -48.36216072766947 30.257049 120.176057 50
916 1139.1866137090765 -13.996276283464539 30.257359 120.176085 50
917 1141.2037270968794 22.919246483279892 30.257692 120.176106 50
918 1141.2035305574689 24.803812021554503 30.257709 120.176106 50
919 1141.2993965718385 28.35123955484944 30.257741 120.176107 50
920 254.07622104607117 1050.5059186811363 30.266962 120.166888 50
921 236.75513142001944 1061.2586546384164 30.267059 120.166708 50
922 226.55102411150347 1257.142702184696 30.268826 120.166602 50
923 221.44912645394706 1354.1424644479584 30.269701 120.166549 50
924 219.52303820308015 1433.9594683068667 30.270421 120.166529 50
925 217.59821313013995 1451.6965516145583 30.270581 120.166509 50
926 213.36401353714498 1470.5421605553213 30.270751 120.166465 50
927 271.11844139825973 645.213421205435 30.263306 120.167065 50
928 268.03777646371896 697.7595136968769 30.26378 120.167033 50
929 -1113.2296664094793 886.4913275215088 30.265482 120.152679 50
930 -1113.9991212638731 890.1496844751904 30.265515 120.152671 50
931 -1115.2495026652355 895.9143721696289 30.265567 120.152658 50
932 -1129.1009830321548 948.2402654198684 30.266039 120.152514 50
933 -1157.9578116715927 1057.21565893771 30.267022 120.152214 50
934 -1166.6147232037172 1090.141094578693 30.267319 120.152124 50
935 -1186.043547850183 1172.7316223489834 30.268064 120.151922 50
936 -1246.2567380602054 1385.3620165117884 30.269982 120.151296 50
937 -1264.4335454931638 1467.841716896316 30.270726 120.151107 50
938 -1102.1644475346907 876.0696561590785 30.265388 120.152794 50
939 -1094.1775250741148 875.6254268552307 30.265384 120.152877 50
940 -949.9291446156892 896.6747693562116 30.265574 120.154376 50
941 -925.1019435755188 900.1092069570104 30.265605 120.154634 50
942 -852.8335705140905 911.854170236949 30.265711 120.155385 50
943 342.6808926776407 -1371.9337614085612 30.24511 120.167808 50
944 342.68047976717514 -1358.7418281442356 30.245229 120.167808 50
945 338.6341064642702 -1231.035158749171 30.246381 120.167766 50
946 337.5711228198034 -1092.6861373705128 30.247629 120.167755 50
947 336.125359010163 -1025.0636375666322 30.248239 120.16774 50
948 326.4183531265483 -1486.670810699851 30.244075 120.167639 50
949 370.6786525755538 -1062.08863698024 30.247905 120.168099 50
950 378.0891013753458 -1048.7855878056714 30.248025 120.168176 50
951 380.7834532555122 -1033.819848966926 30.24816 120.168204 50
952 378.47304832055215 -1018.8542833748278 30.248295 120.16818 50
953 360.0894236727153 -994.6881565893916 30.248513 120.167989 50
954 345.7487201834323 -988.2589339050087 30.248571 120.16784 50
955 330.15700421014975 -986.9291356967165 30.248583 120.167678 50
956 314.9504214859212 -990.8095663225356 30.248548 120.16752 50
957 -225.37694738038104 -1394.1081216178645 30.24491 120.161906 50
958 -221.14323231919877 -1454.414183645236 30.244366 120.16195 50
959 -408.92349990432143 -1412.8375640261474 30.244741 120.159999 50
960 -417.48550348936806 -1304.641215537685 30.245717 120.15991 50
961 -423.53895205964517 -1042.132525295466 30.248085 120.159847 50
962 -423.8273920697464 -1034.4834064346214 30.248154 120.159844 50
963 305.57834963315906 309.6505959800434 30.260279 120.167423 50
964 422.21331647067245 310.54132943837027 30.260287 120.168635 50
965 533.5555631801795 308.55076889092703 30.260269 120.169792 50
966 578.2079053561373 308.6638940837364 30.26027 120.170256 50
967 602.5549766886006 308.77606452557984 30.260271 120.170509 50
968 605.1532752383026 308.88706475208187 30.260272 120.170536 50
969 233.9802231312696 328.49449390866823 30.260449 120.166679 50
970 149.4873244023235 330.82100713951496 30.26047 120.165801 50
971 1195.5789051237957 -874.7927352745279 30.249594 120.17667 50
972 1294.9021515382026 -870.7905938929916 30.24963 120.177702 50
973 1391.340306598658 -884.8575536819947 30.249503 120.178704 50
974 367.40511287778696 -1026.6146250388779 30.248225 120.168065 50
975 269.87599755464544 298.4531163973106 30.260178 120.167052 50
976 269.97206703573755 305.10452912688305 30.260238 120.167053 50
977 1215.1764655469065 317.9172089351166 30.260353 120.176875 50
978 1258.4814429827034 318.47638791326665 30.260358 120.177325 50
979 1291.8743742220297 319.03456356261216 30.260363 120.177672 50
980 1348.459567461189 319.4848177177111 30.260367 120.17826 50
981 1388.4927507077273 318.8246832479577 30.260361 120.178676 50
982 -857.7852666342003 349.92098458992064 30.260642 120.155334 50
983 -951.228025532205 345.6052915839762 30.260603 120.154363 50
984 -956.71333629724 345.3840561045721 30.260601 120.154306 50
985 -967.2986925240065 348.7106921147665 30.260631 120.154196 50
986 -974.419610303284 352.4804567149764 30.260665 120.154122 50
987 -467.84857342462925 349.6756512499301 30.26064 120.159386 50
988 -379.3140472818145 350.55907885764105 30.260648 120.160306 50
989 -503.52198251553625 981.6723901369251 30.266341 120.159015 50
990 -505.7345558855838 995.9730378509487 30.26647 120.158992 50
991 -506.5040265360112 1003.5113456922066 30.266538 120.158984 50
992 -513.2355594882672 1096.9640702552979 30.267381 120.158914 50
993 -517.8515904527749 1157.0487621951252 30.267923 120.158866 50
994 -519.7742728704604 1195.737936350546 30.268272 120.158846 50
995 -526.3116997224597 1318.7895004415122 30.269382 120.158778 50
996 -529.772161673609 1393.6181412155233 30.270057 120.158742 50
997 -532.1732351570071 1486.6272896997223 30.270896 120.158717 50
998 -424.88495895725305 -1005.3280701308985 30.248417 120.159833 50
999 -307.33177728626634 346.3442602248932 30.26061 120.161054 50
1000 -255.1734912377895 342.24121631199625 30.260573 120.161596 50
1001 -133.82352253506338 333.0379412415032 30.26049 120.162857 50
1002 -454.30509526391324 -262.0327420650491 30.255122 120.159527 50
1003 -457.57199989397816 -137.54046131991436 30.256245 120.159493 50
1004 -234.60899017540595 -1029.6114067026779 30.248198 120.16181 50
1005 -233.9368083478489 -1101.4465166477162 30.24755 120.161817 50
1006 -228.16649219646672 -1314.4021800144315 30.245629 120.161877 50
1007 -231.33526154803516 -963.8734890819546 30.248791 120.161844 50
1008 -231.52590330793794 -876.5184436320118 30.249579 120.161842 50
1009 -492.2638934982651 969.6993282006367 30.266233 120.159132 50
1010 -405.4659100318699 985.9917379006012 30.26638 120.160034 50
1011 -323.0947309173032 999.4026857444962 30.266501 120.16089 50
1012 -268.2448553283042 1009.156614785873 30.266589 120.16146 50
1013 -188.66463140392332 1021.2383604507987 30.266698 120.162287 50
1014 -117.84126557808725 1032.1013494617705 30.266796 120.163023 50
1015 -8.719670095886329 1048.9509748959508 30.266948 120.164157 50
1016 1.5766183631350543 1050.059541056781 30.266958 120.164264 50
1017 212.98784121482544 1022.67994720683 30.266711 120.166461 50
1018 223.76710484135467 933.9946091193506 30.265911 120.166573 50
1019 228.6755327256671 895.7490690620023 30.265566 120.166624 50
1020 235.02877077808003 794.8694050918415 30.264656 120.16669 50
1021 243.4030200580313 691.2183809451102 30.263721 120.166777 50
1022 246.0024055128302 639.1156987209515 30.263251 120.166804 50
1023 246.00305860413414 610.0711940148763 30.262989 120.166804 50
1024 224.24587459031355 1049.6184110408767 30.266954 120.166578 50
1025 218.20643188668433 -96.53084540208957 30.256615 120.166515 50
1026 4.944577679430978 1017.3567418665939 30.266663 120.164299 50
1027 14.471199124719732 925.6780605407566 30.265836 120.164398 50
1028 24.28672326743134 808.6131653462415 30.26478 120.1645 50
1029 26.9812280446489 772.2521041153332 30.264452 120.164528 50
1030 40.646505702392005 584.2388501903021 30.262756 120.16467 50
1031 9.85213911811249 1050.1704023312222 30.266959 120.16435 50
1032 94.72435011311373 1049.0622383954274 30.266949 120.165232 50
1033 123.30377026023137 1048.8408092312213 30.266947 120.165529 50
1034 25.058646350139384 -104.07125318079092 30.256547 120.164508 50
1035 57.8727927533439 409.75021607595323 30.261182 120.164849 50
1036 64.41695284239131 351.6612625718477 30.260658 120.164917 50
1037 -1127.7838604828212 656.5755845978989 30.263408 120.152528 50
1038 -1154.826195670764 641.612724722264 30.263273 120.152247 50
1039 -1172.918982425978 628.2009654402516 30.263152 120.152059 50
1040 -1186.6807655554373 620.8858945910497 30.263086 120.151916 50
1041 -1263.7650618631158 590.9631666629309 30.262816 120.151115 50
1042 -1281.7611203883869 583.648705609427 30.26275 120.150928 50
1043 -1363.4647950386995 555.7226473892401 30.262498 120.150079 50
1044 -1377.9005560560206 547.2993329594017 30.262422 120.149929 50
1045 -1071.1984583629617 675.9698553979999 30.263583 120.153116 50
1046 -477.76345802764246 283.937972541387 30.260047 120.159283 50
1047 -479.87795505239615 344.2441867166167 30.260591 120.159261 50
1048 -482.4827233899059 197.46985212344205 30.259267 120.159234 50
1049 -477.0997403822197 56.45975024356336 30.257995 120.15929 50
1050 -474.5983375202319 39.72026455660946 30.257844 120.159316 50
1051 -473.9253105636918 25.308851599702084 30.257714 120.159323 50
1052 -471.7174544992559 -103.95025788994847 30.256548 120.159346 50
1053 -471.62133680290543 -106.72168146566447 30.256523 120.159347 50
1054 -471.429082159687 -111.82110147730943 30.256477 120.159349 50
1055 237.91784162574913 693.9896827673513 30.263746 120.16672 50
1056 275.36846558108203 14.216373985831842 30.257614 120.167109 50
1057 274.0318416691233 -412.36048295776175 30.253766 120.167095 50
1058 -521.2933565591562 -393.17328320372786 30.253939 120.158831 50
1059 -498.29202256714353 -392.06578739769236 30.253949 120.15907 50
1060 -476.7342881339471 -390.9581804498634 30.253959 120.159294 50
1061 -463.6456708149958 -390.40445915397595 30.253964 120.15943 50
1062 -1046.1881273470221 576.1962355030562 30.262683 120.153376 50
1063 -1041.5705939421318 559.7889767304297 30.262535 120.153424 50
1064 -1037.2419301823202 541.386323881577 30.262369 120.153469 50
1065 -1279.445522967971 1458.0880447597974 30.270638 120.150951 50
1066 -1268.09659924494 1411.1942081067932 30.270215 120.151069 50
1067 -1256.8423882905945 1376.6055241725567 30.269903 120.151186 50
1068 -1283.8693916893333 1478.5971108367312 30.270823 120.150905 50
1069 -1268.9536358132566 1488.5725023661143 30.270913 120.15106 50
1070 -1169.332354373699 872.3074925485598 30.265354 120.152096 50
1071 -1163.7511221346167 872.0851836697323 30.265352 120.152154 50
1072 -1139.8864415529895 872.0826715158364 30.265352 120.152402 50
1073 813.2010683700461 -864.5181598702331 30.249687 120.172697 50
1074 748.3326551163133 -863.414221252432 30.249697 120.172023 50
1075 244.3570852976166 1059.928538322948 30.267047 120.166787 50
1076 240.89290469830794 1060.4827462750475 30.267052 120.166751 50
1077 94.82047716920852 1060.5913623387348 30.267053 120.165233 50
1078 27.75032443137499 1063.5841244340972 30.26708 120.164536 50
1079 7.542684657851879 1060.036669313685 30.267048 120.164326 50
1080 -0.44414801137727977 1058.5955263267756 30.267035 120.164243 50
1081 -10.644202367034524 1056.8218202401138 30.267019 120.164137 50
1082 -188.76077064845126 1026.3377817326118 30.266744 120.162286 50
1083 -323.2870416251381 1004.2803970087857 30.266545 120.160888 50
1084 -382.2747450351671 995.3028863385088 30.266464 120.160275 50
1085 -427.8866560122376 992.9765791325711 30.266443 120.159801 50
1086 -497.26714898052194 982.5589596266993 30.266349 120.15908 50
1087 -518.5335808271641 979.677666284709 30.266323 120.158859 50
1088 -524.4035551078557 977.7933780292915 30.266306 120.158798 50
1089 -559.9121037204303 966.9311572541408 30.266208 120.158429 50
1090 -731.4880660748917 937.8967645940539 30.265946 120.156646 50
1091 -737.6466488537068 938.0080349777973 30.265947 120.156582 50
1092 -769.4018327349047 938.6753634525498 30.265953 120.156252 50
1093 -819.1523053263732 930.4755616673672 30.265879 120.155735 50
1094 -950.3130275053439 908.536494258368 30.265681 120.154372 50
1095 -1025.4681380271509 899.3421543969316 30.265598 120.153591 50
1096 -1060.014563663992 894.5785986242109 30.265555 120.153232 50
1097 -1098.891408496188 888.7070167097521 30.265502 120.152828 50
1098 253.40244983221788 1058.376746716594 30.267033 120.166881 50
1099 -799.6450832383846 -756.8773333841564 30.250658 120.155939 50
1100 -801.5706227147941 -766.1891533360731 30.250574 120.155919 50
1101 -785.3227413109929 -1005.6407107417112 30.248414 120.156088 50
1102 -1410.520444657619 567.1468705647711 30.262601 120.14959 50
1103 -1400.6105010606716 552.5124895291698 30.262469 120.149693 50
1104 245.0308871552188 1050.3948554280003 30.266961 120.166794 50
1105 242.72143954789692 1050.3948039542156 30.266961 120.16677 50
1106 -776.2542273868842 -702.7809570748432 30.251146 120.156182 50
