1 2
2 3
3 4
4 5
5 6
6 7
8 9
9 10
11 12
12 13
13 14
14 15
15 16
16 17
17 18
18 19
19 20
20 21
21 22
22 23
23 24
24 25
25 26
26 27
28 29
29 30
30 31
31 32
32 33
33 34
34 35
35 36
36 37
37 38
38 39
39 40
41 42
42 43
44 45
46 47
48 49
49 50
50 51
51 52
52 53
54 55
56 57
57 58
58 59
59 60
61 62
62 63
63 64
64 65
65 66
66 67
67 68
68 69
70 71
72 73
74 75
75 76
76 77
77 78
78 79
79 80
80 81
81 82
82 83
83 84
84 85
85 86
86 87
87 88
88 89
89 90
90 91
91 92
92 93
93 94
94 95
95 96
96 97
97 98
98 99
99 100
100 101
101 70
102 103
103 104
104 105
105 106
106 107
107 108
109 110
111 112
112 113
113 114
115 116
116 117
117 118
118 119
119 120
120 121
121 122
122 123
123 124
124 125
125 126
127 128
128 129
129 130
8 131
131 132
132 133
133 134
134 135
136 137
137 138
138 139
139 140
140 141
141 142
142 143
143 144
144 145
145 146
146 1
69 147
147 148
148 149
149 150
150 56
151 152
152 153
153 154
154 155
155 156
156 157
157 158
158 159
159 160
160 56
38 161
161 162
162 163
114 164
164 165
166 167
167 168
168 169
169 170
170 171
171 172
172 173
173 174
174 175
114 176
176 177
177 178
178 179
179 180
180 181
181 182
182 183
183 184
184 185
185 186
186 187
187 114
181 87
188 189
189 190
190 191
191 192
192 61
193 194
195 196
196 197
197 198
198 199
199 200
200 201
201 202
135 203
204 205
205 206
206 207
207 208
208 209
210 211
211 212
212 213
214 215
215 216
216 217
217 204
218 219
219 220
220 221
221 222
222 223
224 225
225 226
226 227
227 210
228 224
223 229
213 230
231 214
232 233
233 234
234 235
235 236
236 237
238 239
240 241
242 243
243 244
244 240
239 245
245 246
246 247
248 249
249 250
250 251
251 252
252 253
253 254
254 255
255 256
256 257
257 258
258 259
260 261
261 262
262 176
132 173
173 263
263 264
265 72
72 266
266 267
267 268
268 269
269 270
270 271
271 272
272 273
273 274
274 275
275 276
276 277
277 278
278 279
279 280
281 282
282 283
283 284
284 285
285 286
286 287
287 288
288 289
289 290
290 291
291 292
292 293
293 294
295 296
296 297
297 298
298 299
299 300
300 301
301 302
302 303
304 305
305 306
306 307
307 303
308 309
310 311
56 312
313 314
314 315
315 316
316 136
317 318
319 320
320 321
321 322
323 324
324 325
325 326
326 327
327 328
328 329
330 331
331 332
332 333
259 334
334 335
335 333
74 336
336 337
337 338
338 339
339 340
340 341
341 342
342 343
343 344
344 345
345 346
346 347
347 348
348 349
349 350
350 351
351 352
352 353
353 354
354 355
355 356
356 357
357 358
358 359
359 360
360 361
361 70
210 362
362 363
363 364
364 217
217 204
204 365
365 366
366 367
367 237
368 369
369 370
370 371
371 41
372 373
373 374
374 375
375 376
377 378
379 380
381 382
382 383
383 384
384 385
385 386
386 387
387 388
388 389
390 228
228 391
391 392
392 393
394 317
317 395
395 396
396 397
397 398
398 399
399 400
400 401
401 402
402 403
403 404
404 405
406 407
408 409
409 410
411 412
412 413
413 414
414 415
411 416
416 417
417 418
418 419
419 102
420 421
421 248
248 422
422 423
424 281
425 424
423 426
423 427
427 428
428 429
429 430
430 431
431 432
432 433
433 434
434 435
303 436
436 437
437 438
438 439
439 440
440 441
441 442
442 443
443 295
295 444
444 445
445 446
443 447
447 448
449 450
450 451
451 452
452 453
453 454
454 28
455 456
456 457
457 458
458 459
459 460
460 461
188 462
462 463
463 464
464 465
465 466
466 467
467 468
468 469
470 471
471 472
472 473
473 474
475 476
322 389
448 477
164 113
113 478
478 479
479 480
480 481
481 482
482 483
483 484
484 485
485 486
486 487
488 489
489 490
490 491
491 492
54 493
493 494
494 495
495 496
496 497
497 498
498 499
499 500
500 501
83 501
82 502
502 503
503 86
110 504
504 505
505 506
506 507
507 508
508 509
509 510
510 511
110 512
512 513
514 515
516 517
517 518
518 519
519 520
520 521
521 522
522 514
523 524
523 525
526 527
527 528
528 529
529 530
530 531
531 532
532 533
533 534
534 535
535 536
537 538
538 539
322 540
540 541
541 542
542 407
407 543
523 544
544 545
545 546
546 547
547 548
548 549
549 550
550 551
551 552
552 553
553 554
554 555
555 556
556 193
557 536
536 489
489 558
558 559
559 560
536 561
561 562
562 563
501 564
564 565
565 566
566 567
567 54
7 568
568 569
569 570
296 442
442 571
571 74
572 323
476 573
573 574
574 575
576 577
577 578
578 579
579 580
580 581
576 582
572 583
583 584
584 585
585 329
586 587
587 588
588 265
589 109
513 590
590 591
591 381
589 513
513 592
592 593
593 594
594 595
595 596
596 597
597 598
599 600
600 295
448 487
202 601
601 487
525 602
602 603
603 604
604 605
605 527
527 606
606 607
607 537
537 322
608 609
609 610
610 611
611 612
612 613
613 614
614 525
615 616
616 617
617 241
241 618
618 619
619 620
620 296
621 622
622 230
623 624
372 625
625 626
626 377
627 628
628 629
629 630
630 631
631 632
632 188
633 634
634 635
635 488
393 636
636 637
637 638
638 639
639 640
641 642
642 229
229 394
643 644
644 645
645 646
646 641
640 209
514 647
647 648
648 649
649 650
650 651
651 652
652 653
653 654
654 655
108 656
656 657
231 658
658 659
659 660
660 661
661 662
662 615
53 663
663 664
665 666
666 667
668 669
669 670
670 264
264 455
671 672
671 673
524 674
674 675
675 676
676 677
677 678
678 679
679 680
680 681
681 682
682 683
683 684
684 685
685 686
686 687
687 688
688 599
487 689
689 690
690 672
691 692
692 693
693 694
694 695
695 696
696 697
697 698
448 699
699 691
700 701
701 702
702 703
703 704
704 705
705 706
706 707
707 708
708 526
709 700
710 711
711 294
712 713
713 714
714 41
194 715
555 716
469 717
717 718
718 719
719 720
720 721
721 722
722 723
329 724
724 725
725 726
726 727
727 728
728 729
729 730
730 731
731 732
732 733
733 734
734 735
735 736
736 516
737 738
738 739
739 740
740 313
461 741
741 742
742 743
743 557
461 744
744 170
170 135
135 745
745 746
746 586
586 576
109 747
747 748
748 749
749 750
750 751
751 752
560 753
753 754
754 755
755 756
756 757
757 758
758 759
599 448
487 760
760 761
761 762
762 763
763 764
764 43
765 766
766 767
767 768
768 312
765 60
310 769
769 770
770 771
771 772
772 773
773 774
774 775
775 776
776 777
667 778
778 779
524 780
780 615
615 781
781 782
782 783
783 784
582 785
582 194
203 786
786 787
787 788
788 555
203 169
169 789
789 741
741 563
716 790
790 791
791 792
792 793
793 794
794 795
795 796
796 797
797 798
798 799
799 524
716 553
553 800
800 801
801 802
802 803
803 804
804 535
805 806
188 461
73 807
807 808
808 576
73 588
588 131
131 809
809 174
174 668
664 810
810 811
811 812
812 813
813 814
814 765
664 815
816 817
817 818
818 819
819 130
130 820
820 821
821 822
822 823
823 824
824 825
825 826
826 827
827 828
828 829
829 830
830 831
831 423
130 832
832 833
833 259
259 834
834 38
835 379
379 836
836 837
837 838
838 839
839 840
840 841
841 842
435 843
843 835
435 779
426 844
844 845
845 846
846 847
847 425
848 45
45 849
849 850
850 851
851 852
852 853
853 29
29 854
854 420
46 855
575 856
856 857
857 858
858 859
859 860
860 861
575 627
627 862
862 863
863 864
864 865
865 866
866 560
759 537
759 867
867 868
868 869
869 870
870 871
871 528
528 872
872 873
873 874
874 875
875 876
876 523
55 304
752 877
877 878
878 879
879 880
880 881
881 882
882 883
883 884
884 885
885 886
752 655
570 887
887 888
888 889
570 890
557 804
804 891
891 892
892 893
893 894
894 895
895 872
872 605
605 896
896 897
897 898
898 899
899 900
900 901
901 902
902 903
903 904
904 710
557 905
905 166
166 554
294 906
906 907
907 689
689 599
294 764
764 372
43 293
293 709
43 908
908 909
909 910
910 911
911 912
912 913
913 914
914 915
915 916
916 917
917 918
918 919
919 449
511 806
920 816
842 921
921 922
922 923
923 924
924 925
925 926
380 927
927 928
60 929
929 930
930 931
931 932
932 933
933 934
934 935
935 815
815 936
936 937
60 938
938 939
939 940
940 941
941 942
942 516
943 944
944 945
945 946
946 616
616 947
947 674
674 525
209 948
232 643
949 242
242 950
950 951
951 952
952 247
247 218
218 953
953 954
954 955
955 956
956 210
237 949
230 715
193 785
957 958
959 960
960 624
624 961
961 962
962 582
381 308
309 435
308 963
963 964
964 965
965 966
966 967
967 968
968 426
779 381
779 969
969 970
970 589
477 971
971 972
972 973
973 260
260 114
71 443
446 238
238 974
974 947
947 780
780 621
543 975
975 976
976 308
281 28
28 977
977 978
978 979
979 980
980 981
981 46
323 982
982 983
983 984
984 985
985 986
986 151
7 572
655 570
655 572
890 752
890 987
987 988
515 989
989 990
990 991
991 992
992 993
993 994
994 657
657 995
995 996
996 997
759 408
777 390
785 998
998 203
785 586
988 999
999 1000
1000 1001
1001 110
563 188
563 633
633 1002
1002 1003
1003 862
862 575
194 1004
1004 1005
1005 623
623 1006
1006 957
194 231
715 1007
1007 1008
1008 716
715 193
515 1009
1009 1010
1010 1011
1011 1012
1012 1013
1013 1014
1014 1015
1015 1016
415 1017
1017 1018
1018 1019
1019 1020
1020 1021
1021 1022
1022 1023
1023 667
415 1024
1024 842
389 759
389 1025
1025 598
806 475
806 560
1016 1026
1026 1027
1027 1028
1028 1029
1029 1030
1016 1031
1031 1032
1032 1033
1033 415
598 1034
1034 805
1030 1035
1035 1036
1036 589
886 515
312 1037
1037 1038
1038 1039
1039 1040
1040 1041
1041 1042
1042 1043
1043 1044
1044 313
1045 136
861 1046
1046 1047
1047 890
889 1048
1048 1049
1049 1050
1050 1051
1051 1052
1052 1053
1053 1054
1054 627
311 1055
1055 665
928 402
318 1056
1056 406
410 1057
1057 777
1058 1059
1059 1060
1060 1061
1061 632
139 1062
1062 1063
1063 1064
1064 115
1065 1066
1066 1067
1067 664
1068 1065
937 1069
27 1070
1070 1071
1071 1072
1072 765
673 1073
1073 1074
1074 608
1075 1076
1076 921
921 414
414 1077
1077 1078
1078 1079
1079 1080
1080 1081
1081 1082
1082 1083
1083 1084
1084 1085
1085 1086
1086 989
989 1087
1087 1088
1088 1089
1089 1090
1090 1091
1091 1092
1092 1093
1093 1094
1094 1095
1095 1096
1096 1097
1097 929
929 765
816 1098
1098 1075
312 1045
723 175
175 1099
1099 1100
1100 8
10 1101
1101 265
474 1102
1102 1103
1103 313
1104 920
842 1105
1105 1104
126 1106
1106 722
