0 0 0 23.0287905711974 113.772986840453 50
1 27.99666894815317 1285.2373439168641 23.040396 113.77326 50
2 67.25116890892721 1271.1729079508827 23.040269 113.773643 50
3 105.99329556598983 1255.1151690011175 23.040124 113.774021 50
4 147.092870792666 1234.7385151736096 23.03994 113.774422 50
5 189.42252340043325 1209.9322072912485 23.039716 113.774835 50
6 205.0015311988392 1199.3009340235963 23.03962 113.774987 50
7 233.90479529835315 1176.598721804653 23.039415 113.775269 50
8 274.80006757851856 1140.164455754331 23.039086 113.775668 50
9 363.56106306700804 1055.003785094192 23.038317 113.776534 50
10 400.76716536886545 1020.0094572441984 23.038001 113.776897 50
11 609.6578089817795 816.9110256331539 23.036167 113.778935 50
12 633.540149143733 794.2093894510134 23.035962 113.779168 50
13 663.8800481587194 765.4171280854562 23.035702 113.779464 50
14 1500.4449892340733 -1248.4091373008068 23.017517 113.787624 50
15 1497.369544686377 -1246.7482805504903 23.017532 113.787594 50
16 1272.2487745973408 -1124.2858926245053 23.018638 113.785398 50
17 1180.397258719471 -1074.1262400579653 23.019091 113.784502 50
18 1141.6471644031656 -1047.4398660106483 23.019332 113.784124 50
19 1100.334838601556 -1025.1833503828855 23.019533 113.783721 50
20 1046.004213141341 -1003.5920988420928 23.019728 113.783191 50
21 1000.6948227978717 -988.3124758930262 23.019866 113.782749 50
22 951.2852628388441 -973.5866977295973 23.019999 113.782267 50
23 897.1607472631188 -963.6230436370394 23.020089 113.781739 50
24 835.4508934406555 -955.9852484114399 23.020158 113.781137 50
25 741.5538030974412 -947.9058466124857 23.020231 113.780221 50
26 713.0566719963498 -945.4708526990389 23.020253 113.779943 50
27 675.8464068117477 -942.3717336952222 23.020281 113.77958 50
28 -1139.437430984835 624.1357106568811 23.034426 113.76187 50
29 -976.7762595042001 611.8316073496951 23.034315 113.763457 50
30 -915.483576019924 607.1764758903071 23.034273 113.764055 50
31 -781.0085413966094 596.648151179957 23.034178 113.765367 50
32 -764.3016462015684 595.318357455474 23.034166 113.76553 50
33 -736.2176389555731 593.4342976308723 23.034149 113.765804 50
34 -680.3570282738989 591.1060278544711 23.034128 113.766349 50
35 -630.5436578064846 589.9964080691406 23.034118 113.766835 50
36 -467.4713552995855 589.1044884598159 23.03411 113.768426 50
37 -311.5737491119722 590.9830996007788 23.034127 113.769947 50
38 662.2393227689072 783.4684105419212 23.035865 113.779448 50
39 617.3446255868182 824.774200305432 23.036238 113.77901 50
40 470.3621623794474 965.857398559088 23.037512 113.777576 50
41 408.9664561851295 1027.8725406907527 23.038072 113.776977 50
42 372.5802529326919 1064.8602706548977 23.038406 113.776622 50
43 282.28188316661243 1149.3563926015777 23.039169 113.775741 50
44 239.9517149157737 1186.122849315474 23.039501 113.775328 50
45 209.40857653168922 1209.0465162910004 23.039708 113.77503 50
46 194.54703293149214 1218.902582435983 23.039797 113.774885 50
47 150.98748415280127 1244.2625865272714 23.040026 113.77446 50
48 109.37545932179586 1265.968160996624 23.040222 113.774054 50
49 70.12089435670941 1282.579611865917 23.040372 113.773671 50
50 29.841503627253104 1295.9795709932985 23.040493 113.773278 50
51 776.4877821694363 1439.4138575681395 23.041788 113.780563 50
52 794.218686937603 1439.9685081626371 23.041793 113.780736 50
53 859.5052409769164 1443.0729528846641 23.041821 113.781373 50
54 947.6471061441403 1448.283254245203 23.041868 113.782233 50
55 1112.8616853014296 1458.1508620400407 23.041957 113.783845 50
56 1165.4392348681636 1461.2557005900326 23.041985 113.784358 50
57 1188.294577624158 1462.5864275562612 23.041997 113.784581 50
58 1303.0834821153608 1471.566265338457 23.042078 113.785701 50
59 1319.6868533187403 1473.0073955520602 23.042091 113.785863 50
60 1483.1581349714993 1487.3087098847263 23.04222 113.787458 50
61 1500.1714559530292 1488.5285910710122 23.042231 113.787624 50
62 1500.1706143590723 1496.9451804128003 23.042307 113.787624 50
63 1482.542370496533 1495.6144938737627 23.042295 113.787452 50
64 1302.3653260173244 1479.8720476766307 23.042153 113.785694 50
65 1187.6789753778999 1470.892223411819 23.042072 113.784575 50
66 1115.5258125786113 1466.6783935025521 23.042034 113.783871 50
67 859.0947953424879 1451.4895183648607 23.041897 113.781369 50
68 793.2958468296281 1447.9420699429884 23.041865 113.780727 50
69 776.4874554703438 1445.7262992481021 23.041845 113.780563 50
70 757.1169146661182 1440.9632923396466 23.041802 113.780374 50
71 79.14011681391634 1296.8657065309603 23.040501 113.773759 50
72 90.82414106136778 1305.9468277212504 23.040583 113.773873 50
73 116.54948288173328 1320.7867784883213 23.040717 113.774124 50
74 302.5703647943333 1403.1833437543019 23.041461 113.775939 50
75 313.4343761085413 1405.8414367364192 23.041485 113.776045 50
76 323.58095022804883 1408.2780329326151 23.041507 113.776144 50
77 362.0149942644641 1414.1483737375825 23.04156 113.776519 50
78 589.1347150509205 1429.5490669772803 23.041699 113.778735 50
79 674.4117534031534 -952.3387843850373 23.020191 113.779566 50
80 711.2120504897721 -956.2131363637748 23.020156 113.779925 50
81 740.6318058105745 -959.4232982890906 23.020127 113.780212 50
82 834.1191718463479 -971.7110114640911 23.020016 113.781124 50
83 895.9316036733064 -979.4595501916058 23.019946 113.781727 50
84 948.2110119455948 -988.980348037923 23.01986 113.782237 50
85 997.8255023540536 -1001.7127253299034 23.019745 113.782721 50
86 1042.4174069001854 -1017.4353836641797 23.019603 113.783156 50
87 1095.6205149305451 -1039.3589629982712 23.019405 113.783675 50
88 1136.9328140478328 -1060.8402813003745 23.019211 113.784078 50
89 1264.3568356634387 -1138.6833140568401 23.018508 113.785321 50
90 1489.3752477749636 -1261.1458284210812 23.017402 113.787516 50
91 1500.446869821091 -1267.2356598059228 23.017347 113.787624 50
92 635.8694380546749 -962.3074522913165 23.020101 113.77919 50
93 630.7457542451882 -1002.3971000671942 23.019739 113.77914 50
94 628.2862801159513 -1019.3410784346776 23.019586 113.779116 50
95 602.8689618809183 -1133.9624442995892 23.018551 113.778868 50
96 593.0298317269926 -1176.7101220453765 23.018165 113.778772 50
97 581.8576582535819 -1209.933836886365 23.017865 113.778663 50
98 562.6897790389235 -1244.9297519494526 23.017549 113.778476 50
99 539.8314281058337 -1278.8183317718754 23.017243 113.778253 50
100 513.897484799565 -1306.9482803469182 23.016989 113.778 50
101 481.6077777497153 -1333.4172248034797 23.01675 113.777685 50
102 452.08549524656945 -1352.1339192652422 23.016581 113.777397 50
103 420.61529462285057 -1365.4241423809935 23.016461 113.77709 50
104 387.504820977014 -1376.6102012833405 23.01636 113.776767 50
105 342.5030961113681 -1387.2427418232562 23.016264 113.776328 50
106 -41.91057568075834 -1472.9626225695401 23.01549 113.772578 50
107 -92.55100939035613 -1486.2517024200574 23.01537 113.772084 50
108 -132.0178232931084 -1498.5440156939153 23.015259 113.771699 50
109 -1499.9909438206348 -109.0715603305638 23.027805 113.758353 50
110 -1493.5339428780624 -115.05240157996379 23.027751 113.758416 50
111 -1451.7164643604683 -147.7261001902209 23.027456 113.758824 50
112 -1356.8062959214074 -219.4973418081419 23.026808 113.75975 50
113 -1291.6189163676706 -266.79094244808005 23.026381 113.760386 50
114 -1243.3433744263223 -305.2233165423952 23.026034 113.760857 50
115 -1218.8469255608438 -326.5989890860169 23.025841 113.761096 50
116 -1201.628033320443 -346.75585235667006 23.025659 113.761264 50
117 -1175.5948009536933 -379.5382457689341 23.025363 113.761518 50
118 -1155.9164730021912 -409.6622402136616 23.025091 113.76171 50
119 -1144.3349447572307 -427.71445794122405 23.024928 113.761823 50
120 -1138.2882256087626 -440.89349607959525 23.024809 113.761882 50
121 -1129.3717454199623 -458.8347549584038 23.024647 113.761969 50
122 -1120.7629709191272 -479.655338332365 23.024459 113.762053 50
123 -1113.0769483415118 -503.68743398105744 23.024242 113.762128 50
124 -1103.2389193734534 -536.0255091461524 23.02395 113.762224 50
125 -1091.6589128683122 -577.2232505499352 23.023578 113.762337 50
126 -1086.9452509152861 -598.7079939650592 23.023384 113.762383 50
127 -1079.0551773968314 -637.6905684440718 23.023032 113.76246 50
128 -1074.751856158822 -664.158771776581 23.022793 113.762502 50
129 711.3760001529901 -89.41713834853124 23.027983 113.779927 50
130 727.7767646712695 -100.601536617113 23.027882 113.780087 50
131 750.3276350760309 -111.56412191425962 23.027783 113.780307 50
132 779.9513052023374 -125.5164061119363 23.027657 113.780596 50
133 835.4061444089195 -151.64909972330514 23.027421 113.781137 50
134 971.1227579530953 -216.75863463146936 23.026833 113.782461 50
135 1068.1956031624848 -261.8250048577896 23.026426 113.783408 50
136 1179.927664016906 -316.08138307577894 23.025936 113.784498 50
137 1257.217918985871 -352.39926282811155 23.025608 113.785252 50
138 1296.5806715042702 -370.11501351088657 23.025448 113.785636 50
139 1335.9433690544652 -386.1694951973 23.025303 113.78602 50
140 1399.9077087130627 -409.8629604243604 23.025089 113.786644 50
141 1480.4781611857352 -436.65536610894753 23.024847 113.78743 50
142 1500.3643992323568 -441.7476323055291 23.024801 113.787624 50
143 1500.3630602872845 -428.34756524752896 23.024922 113.787624 50
144 1483.347030166117 -424.14097052785826 23.02496 113.787458 50
145 1403.8018506260046 -399.23113817254114 23.025185 113.786682 50
146 1339.325023524966 -375.42699061426305 23.0254 113.786053 50
147 1300.987392422434 -359.4831731704277 23.025544 113.785679 50
148 1261.3171532400743 -341.76745966260495 23.025704 113.785292 50
149 1184.7444718555018 -305.56028833813707 23.026031 113.784545 50
150 1075.165063903052 -251.85751320785852 23.026516 113.783476 50
151 975.7345607023852 -204.46570884837823 23.026944 113.782506 50
152 914.2315229554279 -176.00827249624945 23.027201 113.781906 50
153 865.8492981466752 -153.6407738768752 23.027403 113.781434 50
154 -313.2134589736268 602.3898158356312 23.03423 113.769931 50
155 -467.3684826505661 601.1756342720446 23.034219 113.768427 50
156 -555.6181027475463 601.6216190735092 23.034223 113.767566 50
157 -630.133210500459 600.9600949946293 23.034217 113.766839 50
158 -679.8440278770257 602.5126867382554 23.034231 113.766354 50
159 -735.9095351823421 605.9484095576736 23.034262 113.765807 50
160 -762.8660617657649 607.7216670081589 23.034278 113.765544 50
161 -916.8152610410823 619.8014288843598 23.034387 113.764042 50
162 -975.7504943207514 624.124178965346 23.034426 113.763467 50
163 -1139.846567572818 635.3209353030552 23.034527 113.761866 50
164 -1166.2499793104864 -160.48659543761278 23.027341 113.761609 50
165 -1280.8550853604465 -254.38849419306655 23.026493 113.760491 50
166 1317.9401587304344 -812.204546420912 23.021456 113.785844 50
167 1500.3694783114295 -492.5792897590012 23.024342 113.787624 50
168 -1165.8690749854622 784.4957764862589 23.035874 113.761612 50
169 -1343.1806713012843 845.752310508586 23.036427 113.759882 50
170 -1499.8901494888696 899.588987399478 23.036913 113.758353 50
171 1500.4056376928368 -854.4917449986369 23.021074 113.787624 50
172 1500.454734957248 -1345.9748170711478 23.016636 113.787624 50
173 1450.019757647234 -1345.2045629993763 23.016643 113.787132 50
174 1383.498300831451 -1426.7185966441216 23.015907 113.786483 50
175 1329.0635218678322 -1407.5647621016885 23.01608 113.785952 50
176 1288.3665284926317 -1403.2492844486762 23.016119 113.785555 50
177 1249.3130853651478 -1439.3552037441582 23.015793 113.785174 50
178 1215.2812407037786 -1460.067167201481 23.015606 113.784842 50
179 1178.3773729011066 -1460.070108938608 23.015606 113.784482 50
180 -1500.097573326643 -1176.536149217301 23.018166 113.758353 50
181 -1499.4824430902077 -1175.7610008328952 23.018173 113.758359 50
182 -1314.7445088473557 -980.7576477097854 23.019934 113.760161 50
183 -1200.0285062522573 -853.8542931068923 23.02108 113.76128 50
184 -1179.2164303319712 -812.6590604452363 23.021452 113.761483 50
185 -1199.10075637722 -788.847458848332 23.021667 113.761289 50
186 -1224.4209253073363 -802.9099426609704 23.02154 113.761042 50
187 -1245.4358012609184 -816.0867868423032 23.021421 113.760837 50
188 -1270.7566685472896 -837.3475718890902 23.021229 113.76059 50
189 -1362.098411309026 -930.5862628330563 23.020387 113.759699 50
190 -1500.087574807173 -1076.4233318138392 23.01907 113.758353 50
191 -614.5805754564325 -55.09064812966648 23.028293 113.766991 50
192 -618.9884447524283 -62.842575334094334 23.028223 113.766948 50
193 -630.1618852615838 -82.11163653056288 23.028049 113.766839 50
194 -701.2005220818235 -193.62809166237406 23.027042 113.766146 50
195 -736.2586409450219 -242.57543107096504 23.0266 113.765804 50
196 -843.8948120330117 -395.83997648274897 23.025216 113.764754 50
197 -922.8289854587526 -501.48544658815183 23.024262 113.763984 50
198 -962.5012066038366 -549.7674900538318 23.023826 113.763597 50
199 -1018.8827791253145 -609.8979451762382 23.023283 113.763047 50
200 -1062.6553437724478 -651.6455237629114 23.022906 113.76262 50
201 -859.740393886631 -1444.8090327703096 23.015744 113.7646 50
202 -893.2542151179923 -1324.4280936024097 23.016831 113.764273 50
203 -919.7976735653519 -1216.8938250424274 23.017802 113.764014 50
204 -984.5663773253943 -956.9729088064543 23.020149 113.763382 50
205 -1005.5746888614877 -872.030641994802 23.020916 113.763177 50
206 -1030.0678045435952 -784.6517238406757 23.021705 113.762938 50
207 -1037.036409285544 -758.4048417838607 23.021942 113.76287 50
208 -604.2282484857881 -62.28945463617417 23.028228 113.767092 50
209 -593.3624467624799 -45.235249670191386 23.028382 113.767198 50
210 -496.1859943362031 118.7737046118109 23.029863 113.768146 50
211 -425.5600030152412 242.69455860362643 23.030982 113.768835 50
212 -323.3644725970113 423.9806800379886 23.032619 113.769832 50
213 -269.03887476621804 519.8843200038559 23.033485 113.770362 50
214 -265.3488570300648 526.5289229683386 23.033545 113.770398 50
215 -241.97884733811242 566.9502633885018 23.03391 113.770626 50
216 -232.138882081263 583.894014036485 23.034063 113.770722 50
217 -1049.4406437020605 -772.9114850337438 23.021811 113.762749 50
218 -1017.978153470778 -874.2446921248481 23.020896 113.763056 50
219 -994.7147624817395 -959.4086142349936 23.020127 113.763283 50
220 -930.9712599401842 -1218.443555940102 23.017788 113.763905 50
221 -905.1454809186866 -1326.5315220233906 23.016812 113.764157 50
222 -871.5293103078945 -1448.1306798710023 23.015714 113.764485 50
223 -1067.3690413949064 -629.939300625769 23.023102 113.762574 50
224 -1076.7964989430136 -587.9665246557131 23.023481 113.762482 50
225 -1079.4606921179784 -575.0092457903654 23.023598 113.762456 50
226 -1091.6557086102823 -533.1470029209124 23.023976 113.762337 50
227 -1101.8013138588287 -501.3626344123922 23.024263 113.762238 50
228 -1110.1023529489241 -476.99826595601445 23.024483 113.762157 50
229 -1118.8136363493818 -456.06693663976614 23.024672 113.762072 50
230 -1127.3200542338695 -437.3505042779691 23.024841 113.761989 50
231 -1134.2893648420647 -424.8358669746717 23.024954 113.761921 50
232 -1146.3832262531198 -404.23649753432744 23.02514 113.761803 50
233 -1166.5739882323187 -372.8942875776288 23.025423 113.761606 50
234 -1192.8121381974354 -338.8937052201911 23.02573 113.76135 50
235 -1212.2859641155596 -317.0755043896748 23.025927 113.76116 50
236 -1235.9622567813387 -294.1494886152238 23.026134 113.760929 50
237 -891.6607284857209 1341.4112993842432 23.040903 113.764287 50
238 -855.5841968821481 1332.3281444030295 23.040821 113.764639 50
239 -829.6541019430065 1326.9002046000655 23.040772 113.764892 50
240 -771.439444405636 1314.4937075062792 23.04066 113.76546 50
241 -731.9805167013955 1305.9643992874373 23.040583 113.765845 50
242 -709.5349930938162 1301.8657723414742 23.040546 113.766064 50
243 -686.8844277558621 1298.7638707530366 23.040518 113.766285 50
244 -668.640951774379 1296.8803893140127 23.040501 113.766463 50
245 -643.1205058338596 1295.8825731091933 23.040492 113.766712 50
246 -613.3978961676709 1294.6631388492199 23.040481 113.767002 50
247 -578.4481112986125 1295.547707994155 23.040489 113.767343 50
248 -373.1565958061518 1302.628853752356 23.040553 113.769346 50
249 -193.07827381305563 1309.0486427479934 23.040611 113.771103 50
250 -161.20329857365672 1310.2664569302394 23.040622 113.771414 50
251 -121.84642271988687 1311.8165099288199 23.040636 113.771798 50
252 -94.68609858570784 1310.487379141562 23.040624 113.772063 50
253 -7.773000706438097 1360.8758654896794 23.041079 113.772911 50
254 -1.5210136213027852 1424.55399988526 23.041654 113.772972 50
255 -76.34000299309886 1321.8939659123373 23.040727 113.772242 50
256 -84.12937490369418 1322.1154966987017 23.040729 113.772166 50
257 -122.97374288954452 1322.7802321139231 23.040735 113.771787 50
258 -194.20554930804676 1319.4586473672366 23.040705 113.771092 50
259 -373.6687683883289 1314.14630225258 23.040657 113.769341 50
260 -578.8576090473334 1307.7296269003114 23.040599 113.767339 50
261 -613.602395445329 1306.512816594389 23.040588 113.767 50
262 -643.5299938160377 1307.067792615141 23.040593 113.766708 50
263 -668.9479337957714 1307.9548603859166 23.040601 113.76646 50
264 -686.8839258403757 1309.7275835749838 23.040617 113.766285 50
265 -707.7920981279175 1313.1616366708643 23.040648 113.766081 50
266 -730.1350973627842 1317.5924898029837 23.040688 113.765863 50
267 -768.7740674293781 1326.0110066902844 23.040764 113.765486 50
268 -828.1160721670556 1338.7497894933028 23.040879 113.764907 50
269 -852.816266879312 1343.8454230509292 23.040925 113.764666 50
270 -888.9952705647903 1352.8178329861187 23.041006 113.764313 50
271 -954.1787699793875 1370.4302232157286 23.041165 113.763677 50
272 -971.7045014391506 1375.0826199257654 23.041207 113.763506 50
273 -1019.0547702429507 1386.1602180302314 23.041307 113.763044 50
274 -1484.1495263280544 1495.5039080881884 23.042294 113.758506 50
275 -1499.8302171575358 1499.16003836552 23.042327 113.758353 50
276 -1233.4316688813296 564.1196275064977 23.033884 113.760953 50
277 -1267.367904430709 448.61596606903015 23.032841 113.760622 50
278 -1290.7439828390795 371.87204444440226 23.032148 113.760394 50
279 -1296.2803701020127 354.70713052908627 23.031993 113.76034 50
280 -1319.4511993638123 284.16493307241603 23.031356 113.760114 50
281 -1329.6009875083262 257.03343927408804 23.031111 113.760015 50
282 -1342.1080861520286 232.22779699248176 23.030887 113.759893 50
283 -1400.2362221006988 113.29358418162109 23.029813 113.759326 50
284 -1412.8459008710722 90.14918078242758 23.029604 113.759203 50
285 -1428.3258592475004 64.5686841396635 23.029373 113.759052 50
286 -1447.4959634730076 38.21334862545183 23.029135 113.758865 50
287 -1493.4217359717543 -17.486593008334893 23.028632 113.758417 50
288 -1499.9826121261226 -25.681025215857524 23.028558 113.758353 50
289 -1499.9846037897883 -45.615018395753935 23.028378 113.758353 50
290 -1493.3211848509113 -37.088363352951134 23.028455 113.758418 50
291 -1436.3240005698174 32.01058827106328 23.029079 113.758974 50
292 -1418.0764219060839 58.25528055675085 23.029316 113.759152 50
293 -1403.1089237581675 84.38955758334272 23.029552 113.759298 50
294 -1389.5765600088084 109.63802766599404 23.02978 113.75943 50
295 -1332.1661068157982 227.2434116289458 23.030842 113.75999 50
296 -1319.3514746122014 252.60275724164038 23.031071 113.760115 50
297 -1308.8941184896355 280.73093103755673 23.031325 113.760217 50
298 -1288.183712816911 346.40059937377134 23.031918 113.760419 50
299 -1285.620512668956 355.0384472287881 23.031996 113.760444 50
300 -1257.6308720991603 445.62504656129005 23.032814 113.760717 50
301 -1222.4647052901817 561.5716073389403 23.033861 113.76106 50
302 -1499.8311139160214 1490.1897260214885 23.042246 113.758353 50
303 -1485.2777996158443 1486.64445188303 23.042214 113.758495 50
304 -1022.0278179229036 1374.4214942852682 23.041201 113.763015 50
305 -981.5478259439517 1311.626616499864 23.040634 113.76341 50
306 -995.6938872686616 1278.6256653228047 23.040336 113.763272 50
307 -1012.3001988783307 1240.0876660480585 23.039988 113.76311 50
308 -1030.1371832780003 1191.693505251241 23.039551 113.762936 50
309 -1047.6668578605315 1142.5241349119874 23.039107 113.762765 50
310 -1083.5464845854483 1044.4070119642474 23.038221 113.762415 50
311 -1110.3028325319317 969.988637708795 23.037549 113.762154 50
312 -1120.1445942026403 938.8701555735151 23.037268 113.762058 50
313 -1136.0349265671728 889.922269058721 23.036826 113.761903 50
314 -1151.6184212807948 833.8867294211559 23.03632 113.761751 50
315 -1188.1165255127498 709.4127460033077 23.035196 113.761395 50
316 -1274.731016596818 645.5202761929472 23.034619 113.76055 50
317 -1288.6704372877753 646.518166754206 23.034628 113.760414 50
318 -1328.5412773135943 649.2902546485576 23.034653 113.760025 50
319 -1371.9996460345824 650.1801195005576 23.034661 113.759601 50
320 -1403.3637841762013 647.414406402544 23.034636 113.759295 50
321 -1499.9160599414822 640.3360953118804 23.034572 113.758353 50
322 -1499.9171224271067 629.7046242018378 23.034476 113.758353 50
323 -1402.7497272434346 637.558089161424 23.034547 113.759301 50
324 -1371.1806061618536 639.9915513124886 23.034569 113.759609 50
325 -1328.8496880449616 638.8802996176606 23.034559 113.760022 50
326 -1275.859361608046 635.1103897672093 23.034525 113.760539 50
327 -1176.7397634257443 705.7572813826804 23.035163 113.761506 50
328 -1150.3912137836592 798.2269017791635 23.035998 113.761763 50
329 -1139.011206595216 838.0940591954543 23.036358 113.761874 50
330 -1125.6832275980946 886.3776645128439 23.036794 113.762004 50
331 -1110.2029355820762 934.8826139920253 23.037232 113.762155 50
332 -1094.6204514368226 980.6189612406165 23.037645 113.762307 50
333 -1073.7073164481449 1041.3054578124365 23.038193 113.762511 50
334 -1037.6227606521416 1139.4225897677875 23.039079 113.762863 50
335 -1019.9906904516534 1187.5952636660008 23.039514 113.763035 50
336 -1002.4611739270765 1236.543179655564 23.039956 113.763206 50
337 -986.1623962732311 1274.5274870092335 23.040299 113.763365 50
338 -971.6064635380069 1306.3102301619713 23.040586 113.763507 50
339 1122.0524105405095 534.7636020464695 23.033619 113.783934 50
340 1500.2794791874119 407.9942167786684 23.032474 113.787624 50
341 1500.277486735643 427.9282202302329 23.032654 113.787624 50
342 1044.7662776752682 582.1566626924337 23.034047 113.78318 50
343 942.5746906004226 618.3633457999869 23.034374 113.782183 50
344 884.8678824130843 639.5120311551626 23.034565 113.78162 50
345 836.0783565269123 661.6581332731599 23.034765 113.781144 50
346 811.888562048354 674.1709335341367 23.034878 113.780908 50
347 -30.833708572337457 1300.7415896522868 23.040536 113.772686 50
348 -18.73966879685443 1297.529977053309 23.040507 113.772804 50
349 -21.91682702955444 1359.9899228293339 23.041071 113.772773 50
350 -24.06917287387975 1344.707174088856 23.040933 113.772752 50
351 -25.401585372734303 1331.8608052077118 23.040817 113.772739 50
352 -28.681356728954682 1312.2590211177244 23.04064 113.772707 50
353 -43.03019979081381 1316.2458601024712 23.040676 113.772567 50
354 -15.869883132692792 1308.8259202868533 23.040609 113.772832 50
355 -10.950261090934447 1327.5417491993815 23.040778 113.77288 50
356 -9.002909831803493 1342.0492875991256 23.040909 113.772899 50
357 -1349.937488402609 -206.65161234253026 23.026924 113.759817 50
358 -1445.6675260575148 -133.88363460508336 23.027581 113.758883 50
359 -1490.1496216216674 -97.22288968852553 23.027912 113.758449 50
360 -1499.9889411395343 -89.02682419537807 23.027986 113.758353 50
361 -1500.0945649617775 -1146.4137098148196 23.018438 113.758353 50
362 -1329.4019697263388 -968.2422524957659 23.020047 113.760018 50
363 -859.9474691729739 -1480.6901495272323 23.01542 113.764598 50
364 -1154.6127921326056 -785.0856395179255 23.021701 113.761723 50
365 -1117.2973365459798 -741.7874358513891 23.022092 113.762087 50
366 -1085.7231912818781 -709.3416667709531 23.022385 113.762395 50
367 -1070.1412636738564 -694.281557653148 23.022521 113.762547 50
368 652.8857830200261 -965.1860734654917 23.020075 113.779356 50
369 655.3452688312962 -949.3495329034826 23.020218 113.77938 50
370 656.7799394501075 -939.4932282934641 23.020307 113.779394 50
371 659.8542891502051 -919.7806093131901 23.020485 113.779424 50
372 662.9283081406024 -892.758865637099 23.020729 113.779454 50
373 664.2603293078306 -879.9124681126116 23.020845 113.779467 50
374 667.9489974618471 -844.474127879587 23.021165 113.779503 50
375 680.2428953443509 -692.4216329627461 23.022538 113.779623 50
376 697.3494655408294 -437.2658888911874 23.024842 113.77979 50
377 704.5161655880095 -254.75883604503326 23.02649 113.77986 50
378 708.6116719794475 -157.41432830670357 23.027369 113.7799 50
379 710.4545724508476 -112.34127257223261 23.027776 113.779918 50
380 262.8235897147879 272.03810520274857 23.031247 113.775551 50
381 270.30585946396513 280.45481598908174 23.031323 113.775624 50
382 295.00754170624043 308.14139325404216 23.031573 113.775865 50
383 427.22695597361076 444.36025831903834 23.032803 113.777155 50
384 539.1504877523241 555.8835465790095 23.03381 113.778247 50
385 643.5903026785741 663.4205588357735 23.034781 113.779266 50
386 654.4544028329789 674.9384560769275 23.034885 113.779372 50
387 666.8558735556924 687.6746190210163 23.035 113.779493 50
388 680.8973797479362 697.7529987051506 23.035091 113.77963 50
389 689.8142581347947 703.7336087736203 23.035145 113.779717 50
390 697.7062473103063 708.053009002078 23.035184 113.779794 50
391 716.5651573195696 715.2522899100596 23.035249 113.779978 50
392 737.0641350481119 719.350828943876 23.035286 113.780178 50
393 663.4732922908154 692.4364825674121 23.035043 113.77946 50
394 651.8917195812639 681.3615253866425 23.034943 113.779347 50
395 639.08026023413 668.2931239506885 23.034825 113.779222 50
396 535.35790975644 561.1991459778774 23.033858 113.77821 50
397 422.5119443520196 448.4576701849563 23.03284 113.777109 50
398 290.6000193338324 312.23885196424146 23.03161 113.775822 50
399 264.770840688756 284.99523968599317 23.031364 113.77557 50
400 720.6900588709873 193.20306136528836 23.030535 113.780018 50
401 724.7837169162092 324.1031916431415 23.031717 113.780058 50
402 731.9440243081466 623.335100442208 23.034419 113.780128 50
403 735.6300939977966 700.9671714735966 23.03512 113.780164 50
404 777.3474657048044 671.9542152750687 23.034858 113.780571 50
405 797.3348817790754 659.5518800934499 23.034746 113.780766 50
406 823.9847401792919 644.4920680788139 23.03461 113.781026 50
407 873.9018883595888 620.2418473764923 23.034391 113.781513 50
408 932.1213349144195 597.5427293267228 23.034186 113.782081 50
409 956.6185540076104 589.5706673656147 23.034114 113.78232 50
410 718.1017850070699 732.196272212555 23.035402 113.779993 50
411 714.2072563414089 725.6621607385189 23.035343 113.779955 50
412 709.4926369229408 721.6751350876979 23.035307 113.779909 50
413 696.1685512976336 713.5901626560214 23.035234 113.779779 50
414 687.2516458025642 708.3847602488496 23.035187 113.779692 50
415 678.4372551301736 702.6256453019492 23.035135 113.779606 50
416 257.0835666282617 276.9107614422089 23.031291 113.775495 50
417 250.6258056562881 296.73390839241017 23.03147 113.775432 50
418 238.9408085010209 305.482529377603 23.031549 113.775318 50
419 225.00081683800482 316.7782479590728 23.031651 113.775182 50
420 174.26359406366646 351.88356508993985 23.031968 113.774687 50
421 132.13650476336355 381.00892756996654 23.032231 113.774276 50
422 18.67093213891512 452.99225929587146 23.032881 113.773169 50
423 -33.705315525981675 484.2222262101553 23.033163 113.772658 50
424 -165.00369238833707 564.8450748084326 23.033891 113.771377 50
425 -174.7408394382428 570.0501756856844 23.033938 113.771282 50
426 -208.76955947472814 587.7697278364989 23.034098 113.77095 50
427 -225.68141596632333 595.079108618884 23.034164 113.770785 50
428 -199.64656800472517 646.3534384526035 23.034627 113.771039 50
429 -195.2390989320862 655.9881514023465 23.034714 113.771082 50
430 -179.96669471528008 693.9733227686951 23.035057 113.771231 50
431 -162.02936150460386 742.7006991848278 23.035497 113.771406 50
432 -148.29455034547956 781.7933682388804 23.03585 113.77154 50
433 -138.04469554713796 815.5703465407151 23.036155 113.77164 50
434 -93.66332943211376 966.1825554214385 23.037515 113.772073 50
435 -78.59637092226612 1026.0952630118677 23.038056 113.77222 50
436 -32.1662376021697 1238.060165946763 23.03997 113.772673 50
437 1.96369788682631 1303.9531507557567 23.040565 113.773006 50
438 909.9261713137361 -171.57875846683072 23.027241 113.781864 50
439 905.9282277370228 -165.48805877289283 23.027296 113.781825 50
440 903.1603297905345 -159.7295171974465 23.027348 113.781798 50
441 901.9299614140119 -153.97088278214724 23.0274 113.781786 50
442 902.2371141827211 -148.1014115127349 23.027453 113.781789 50
443 926.2147032603103 -21.18686767393715 23.028599 113.782023 50
444 957.774989961358 135.51846559454435 23.030014 113.782331 50
445 961.9760929872838 157.22464254563013 23.03021 113.782372 50
446 963.2056773096623 163.64789844634618 23.030268 113.782384 50
447 968.4313810656022 191.22359875869083 23.030517 113.782435 50
448 992.6129961966782 316.14491077963226 23.031645 113.782671 50
449 1015.0523079670654 432.7603265393682 23.032698 113.78289 50
450 1032.77830480789 521.8000909244838 23.033502 113.783063 50
451 1037.3890720847012 545.0567494010611 23.033712 113.783108 50
452 1040.6677646732555 562.5546043933737 23.03387 113.78314 50
453 1024.885852865815 524.2359285362004 23.033524 113.782986 50
454 1015.3569321877172 475.1754787429742 23.033081 113.782893 50
455 1007.2624139375959 433.6457575777472 23.032706 113.782814 50
456 991.89312018812 352.2475551786687 23.031971 113.782664 50
457 992.5956758634666 578.0555765988275 23.03401 113.782671 50
458 1032.467826882907 565.2119057823357 23.033894 113.78306 50
459 1037.9002861096812 563.4403686623784 23.033878 113.783113 50
460 1093.352505187483 544.5069985752774 23.033707 113.783654 50
461 1029.701542129143 548.7107879937394 23.033745 113.783033 50
462 953.7756873812577 163.9795296756172 23.030271 113.782292 50
463 936.145711526841 164.5321421213891 23.030276 113.78212 50
464 810.6859959172479 167.07196492667683 23.030299 113.780896 50
465 741.3961585050486 168.72954962214249 23.030314 113.78022 50
466 736.7836209417676 169.83676687114976 23.030324 113.780175 50
467 731.1459962447066 172.8265909470059 23.030351 113.78012 50
468 726.8407771577024 177.69913697821175 23.030395 113.780078 50
469 723.1504940389087 183.9006470991934 23.030451 113.780042 50
470 719.1550127588225 142.14980418933885 23.030074 113.780003 50
471 722.844632581983 149.9020915000579 23.030144 113.780039 50
472 726.8419031994201 154.44280616729884 23.030185 113.780078 50
473 731.249197143077 158.42981973037487 23.030221 113.780121 50
474 736.3740842200409 160.4234700081695 23.030239 113.780171 50
475 741.1915092014746 161.64189583158293 23.03025 113.780218 50
476 809.8663513144365 160.53799917321157 23.03024 113.780888 50
477 935.941133400172 157.7767190040517 23.030215 113.782118 50
478 952.4436134011858 157.3347791790245 23.030211 113.782279 50
479 948.1399058382669 137.06827598978248 23.030028 113.782237 50
480 917.8094515294849 -18.30802924382761 23.028625 113.781941 50
481 892.1916755451533 -143.67223612598468 23.027493 113.781691 50
482 887.3744921237703 -150.4279296176632 23.027432 113.781644 50
483 880.9170733030909 -153.75064168937087 23.027402 113.781581 50
484 874.3570465795392 -155.30144667448286 23.027388 113.781517 50
485 739.1126943396154 746.9263110708017 23.035535 113.780198 50
486 744.1324456820997 798.0905219996988 23.035997 113.780247 50
487 754.3754819529815 927.3298877617076 23.037164 113.780347 50
488 780.7287338858866 693.2173342379966 23.03505 113.780604 50
489 755.3089455347719 708.4987747004691 23.035188 113.780356 50
490 713.6979896913915 658.1079924343685 23.034733 113.77995 50
491 713.2885150846214 647.3657570916566 23.034636 113.779946 50
492 703.6689811757069 324.7666538054049 23.031723 113.779852 50
493 695.5860861044032 12.023998427587609 23.028899 113.779773 50
494 692.7186573371031 -44.12354987953872 23.028392 113.779745 50
495 692.1044421840369 -61.288960995323066 23.028237 113.779739 50
496 691.5926044976949 -75.7965013855303 23.028106 113.779734 50
497 690.7736794559769 -99.38509643007623 23.027893 113.779726 50
498 688.0093677674217 -169.818658403825 23.027257 113.779699 50
499 684.9381492251262 -253.98453136709395 23.026497 113.779669 50
500 682.0716557559783 -332.72391218482966 23.025786 113.779641 50
501 676.1311364727393 -436.1594159121067 23.024852 113.779583 50
502 659.1266979128352 -690.9828986622402 23.022551 113.779417 50
503 657.3851079828878 -713.9070497425246 23.022344 113.7794 50
504 656.6679751866882 -723.2096040281077 23.02226 113.779393 50
505 647.5501140473078 -842.5923683932554 23.021182 113.779304 50
506 644.5789741523374 -878.6951387000438 23.020856 113.779275 50
507 643.4519404982094 -891.3200371155258 23.020742 113.779264 50
508 641.3004596496567 -918.5632260590165 23.020496 113.779243 50
509 639.3536035861124 -936.8361174973766 23.020331 113.779224 50
510 638.3289507508807 -946.6924030455804 23.020242 113.779214 50
511 -212.4596092229181 576.0308642312434 23.033992 113.770914 50
512 -177.918386029869 557.9790644220009 23.033829 113.771251 50
513 -169.1036978094948 553.4384388038063 23.033788 113.771337 50
514 -38.93271481259056 473.36928062104084 23.033065 113.772607 50
515 -20.278176606833398 461.9625633808201 23.032962 113.772789 50
516 12.111088782529023 442.3607836514976 23.032785 113.773105 50
517 27.485770086597512 432.836779797429 23.032699 113.773255 50
518 125.57669734356313 371.92782562739404 23.032149 113.774212 50
519 169.548786312431 341.4735323066539 23.031874 113.774641 50
520 220.28603649628675 306.14671075522585 23.031555 113.775136 50
521 242.83602401394106 289.092413417973 23.031401 113.775356 50
522 713.116409126571 -44.89780566955188 23.028385 113.779944 50
523 714.6518483412701 -1.2644355771932396 23.028779 113.779959 50
524 782.6157358108765 -113.77736140797894 23.027763 113.780622 50
525 755.8621718669249 -100.71089324479644 23.027881 113.780361 50
526 729.6211398351676 -87.20137470876159 23.028003 113.780105 50
527 711.88782444254 -75.02034191148996 23.028113 113.779932 50
528 674.6787011174196 -49.32935851693488 23.028345 113.779569 50
529 646.2849099423773 -26.517259867723546 23.028551 113.779292 50
530 633.9843831769978 -16.772276365799108 23.028639 113.779172 50
531 594.0077770666483 15.009734779923894 23.028926 113.778782 50
532 545.1135589055855 53.43619215527427 23.029273 113.778305 50
533 503.29220916117805 88.6514576264494 23.029591 113.777897 50
534 498.4745686023547 92.63809612224911 23.029627 113.77785 50
535 732.7623906351903 656.2262544947062 23.034716 113.780136 50
536 734.0938458166545 676.6033066853851 23.0349 113.780149 50
537 989.8438976224757 340.95148546344404 23.031869 113.782644 50
538 985.540467826731 318.0271004920687 23.031662 113.782602 50
539 957.7719516982338 183.13857113290516 23.030444 113.782331 50
540 -1362.8564855503937 -1377.2178126863223 23.016354 113.759692 50
541 -1367.470048440231 -1383.8620473006706 23.016294 113.759647 50
542 -1373.5189414359215 -1392.4995454133698 23.016216 113.759588 50
543 -1387.1547417504235 -1413.4289516741974 23.016027 113.759455 50
544 -1402.6359460423653 -1436.2408246284103 23.015821 113.759304 50
545 -1411.3511141662425 -1455.0665264479685 23.015651 113.759219 50
546 -1415.351003835083 -1475.9968082677374 23.015462 113.75918 50
547 -1500.11093359838 -1310.3152055011874 23.016958 113.758353 50
548 -1482.9933845924827 -1326.2640770611058 23.016814 113.75852 50
549 -1455.215280549317 -1347.5296893595416 23.016622 113.758791 50
550 -1420.9786040533352 -1365.0305583213515 23.016464 113.759125 50
551 -1391.046743459366 -1376.7722503914558 23.016358 113.759417 50
552 -1378.0283372995204 -1380.9817318404828 23.01632 113.759544 50
553 -1359.884472371801 -1385.8561324954107 23.016276 113.759721 50
554 -1338.2553352614045 -1391.727520357122 23.016223 113.759932 50
555 -1322.3666030141026 -1395.8264648015977 23.016186 113.760087 50
556 -1305.4527587569937 -1399.9254815779548 23.016149 113.760252 50
557 -1291.8190368227117 -1401.6985685390225 23.016133 113.760385 50
558 -1302.9920592817914 -1394.720716385201 23.016196 113.760276 50
559 -1320.110831301144 -1389.6249862345676 23.016242 113.760109 50
560 -1337.1270913255007 -1384.6399898981645 23.016287 113.759943 50
561 -1355.5784527918524 -1379.3226120367274 23.016335 113.759763 50
562 -1377.0025144979934 -1373.1189852335838 23.016391 113.759554 50
563 -1388.380793130973 -1369.3526333361724 23.016425 113.759443 50
564 -1418.3126933045353 -1358.1646676641417 23.016526 113.759151 50
565 -1451.9343405025072 -1341.1068410896476 23.01668 113.758823 50
566 -1478.3799081851116 -1320.8380641575336 23.016863 113.758565 50
567 -1497.4450515780081 -1304.0030496754744 23.017015 113.758379 50
568 -1500.1100377731173 -1301.3449217537452 23.017039 113.758353 50
569 -1206.2661384977505 611.9590379592992 23.034316 113.761218 50
570 -1201.1399525189754 628.9025338729901 23.034469 113.761268 50
571 -1185.0481095533967 627.5723210710966 23.034457 113.761425 50
572 -1204.4175115477033 657.9178535580711 23.034731 113.761236 50
573 -1209.5437627347658 640.0884022779985 23.03457 113.761186 50
574 -1229.3254694916786 641.3081985717405 23.034581 113.760993 50
575 -1353.6946732748943 -951.0747169274972 23.020202 113.759781 50
576 -1500.090284619455 -1103.5556783948687 23.018825 113.758353 50
577 -1230.8637056293724 631.6735538251488 23.034494 113.760978 50
578 -1212.6194781269699 629.900157177106 23.034478 113.761156 50
579 -1218.2582765436018 611.5170283998252 23.034312 113.761101 50
580 -1228.920670689544 577.9623180096197 23.034009 113.760997 50
581 1500.2751953985269 450.8523247549585 23.032861 113.787624 50
582 1497.507978524433 448.6371590889952 23.032841 113.787597 50
583 1490.2308057980467 446.97526790907017 23.032826 113.787526 50
584 -23.351832186733958 1280.143085686667 23.04035 113.772759 50
585 0.9387798635548563 1292.4357150306423 23.040461 113.772996 50
586 -43.54287728438081 1240.9395533542925 23.039996 113.772562 50
587 -94.48289938167542 1027.0920554542904 23.038065 113.772065 50
588 -110.36984683728056 970.8339393288481 23.037557 113.77191 50
589 -155.67384645223768 818.0068983100301 23.036177 113.771468 50
590 -177.30114611200577 749.124053082662 23.035555 113.771257 50
591 -195.4435276470393 699.2892522380963 23.035105 113.77108 50
592 -215.9434376108277 650.0082322995802 23.03466 113.77088 50
593 -258.8902354605155 601.8350582818869 23.034225 113.770461 50
594 -287.1793036531051 602.5000397171004 23.034231 113.770185 50
595 -213.89400479177965 615.3451772718024 23.034347 113.7709 50
596 -264.83525336341654 589.874757448802 23.034117 113.770403 50
597 -245.7709028939655 587.1058210938077 23.034092 113.770589 50
598 -287.89700123723276 590.982626863916 23.034127 113.770178 50
599 755.2766770457856 1349.5989167022835 23.040977 113.780356 50
600 752.9255841147094 1225.786366903267 23.039859 113.780333 50
601 751.4931253073396 1177.1694325929761 23.03942 113.780319 50
602 749.8546803845693 1148.3757658890347 23.03916 113.780303 50
603 745.0404926310558 1088.3519793598134 23.038618 113.780256 50
604 733.0565559612455 928.9899994901125 23.037179 113.780139 50
605 727.4249286967812 814.1476574541307 23.036142 113.780084 50
606 766.6673016802993 1074.3992554047786 23.038492 113.780467 50
607 772.4032005302629 1146.9372299518036 23.039147 113.780523 50
608 774.3490291538801 1176.7276159509252 23.039416 113.780542 50
609 774.9614346244181 1226.119722017564 23.039862 113.780548 50
610 775.5700005999377 1349.710696033791 23.040978 113.780554 50
611 721.3805480423271 755.1205419339179 23.035609 113.780025 50
612 700.369260671007 748.3641321020164 23.035548 113.77982 50
613 -1184.4322828513157 638.3144881339455 23.034554 113.761431 50
614 -1198.2692021744592 639.5337756416458 23.034565 113.761296 50
615 -1193.6557362936055 653.7087032151708 23.034693 113.761341 50
616 691.7600583860785 738.9504499967734 23.035463 113.779736 50
617 -228.03844838477136 620.8826099276089 23.034397 113.770762 50
618 -239.62090924311627 598.8446371913672 23.034198 113.770649 50
619 -254.79091198318318 569.8298319302335 23.033936 113.770501 50
620 -276.72598935064815 529.5192292823157 23.033572 113.770287 50
621 -280.82600644170356 522.5424033236955 23.033509 113.770247 50
622 -232.13868167579164 596.8511188651365 23.03418 113.770722 50
623 -1051.5885559387461 -705.5787895394922 23.022419 113.762728 50
624 -1057.5322115135557 -681.8790867966736 23.022633 113.76267 50
625 -1024.7282586826536 -649.4332737846207 23.022926 113.76299 50
626 -955.5131755136179 1338.7573580809305 23.040879 113.763664 50
627 -947.8252184607331 1355.9222805234276 23.041034 113.763739 50
628 -941.4700216092856 1367.439317056013 23.041138 113.763801 50
629 -960.0214894850217 1359.3561375658483 23.041065 113.76362 50
630 -953.5646449551722 1357.4730681428146 23.041048 113.763683 50
631 -970.4770187863312 1337.761616823291 23.04087 113.763518 50
632 -45.38754681929723 1304.3961975397292 23.040569 113.772544 50
633 -33.396032112196934 1289.0026704048319 23.04043 113.772661 50
634 -36.4708250609427 1275.1596061415 23.040305 113.772631 50
635 -36.57331794098616 1274.8273726792975 23.040302 113.77263 50
636 -1127.2383915465794 -714.9865675013631 23.022334 113.76199 50
637 -1174.9073005178939 -763.2674353188751 23.021898 113.761525 50
638 102.52094024770736 -557.5500969873852 23.023756 113.773987 50
639 106.82608558625697 -550.9054065000939 23.023816 113.774029 50
640 120.86899727206125 -524.7696349930667 23.024052 113.774166 50
641 355.28765538945663 -152.11111681780142 23.027417 113.776453 50
642 488.2256344100067 59.41443293326592 23.029327 113.77775 50
643 498.98761412932265 76.24793865944724 23.029479 113.777855 50
644 492.1199116472887 81.89567746625886 23.02953 113.777788 50
645 481.4604428191816 64.61920216388265 23.029374 113.777684 50
646 348.7274232845843 -147.12777296413705 23.027462 113.776389 50
647 114.41119123586199 -520.6721448208381 23.024089 113.774103 50
648 101.08579180173504 -545.035996121122 23.023869 113.773973 50
649 277.6861669583181 259.4135060169982 23.031133 113.775696 50
650 304.54138343006343 235.93620489723693 23.030921 113.775958 50
651 318.58401395427927 224.4190745049956 23.030817 113.776095 50
652 350.359390570247 198.2840950122209 23.030581 113.776405 50
653 464.2391428498523 104.81888506689361 23.029737 113.777516 50
654 506.67410191123713 106.81365692370545 23.029755 113.77793 50
655 471.6188203894168 115.22909108772463 23.029831 113.777588 50
656 326.78375362741497 233.61103931538972 23.0309 113.776175 50
657 291.01096288635586 263.2898139611562 23.031168 113.775826 50
658 285.680931529246 267.7194893898351 23.031208 113.775774 50
659 -632.2103357868025 -44.67994195455869 23.028387 113.766819 50
660 -733.4782524242756 19.88865529468481 23.02897 113.765831 50
661 -926.9909113209382 158.44063026980956 23.030221 113.763943 50
662 -1005.399559645543 212.48896099901282 23.030709 113.763178 50
663 -1062.8986868496256 254.79729847713156 23.031091 113.762617 50
664 -1094.5692342790012 277.50218551401144 23.031296 113.762308 50
665 -1113.1207191456222 288.46724989262003 23.031395 113.762127 50
666 -1129.7247676396332 298.54623506156815 23.031486 113.761965 50
667 -1148.6864751185808 305.85680765995846 23.031552 113.76178 50
668 -1168.8781995339018 312.5030332809544 23.031612 113.761583 50
669 -1000.2275288056504 -619.6447009966593 23.023195 113.763229 50
670 -947.63870645587 -560.1784036192236 23.023732 113.763742 50
671 -909.6066678867537 -513.4466430303205 23.024154 113.764113 50
672 -831.5948788277896 -404.58946735229347 23.025137 113.764874 50
673 -766.3979294169077 -312.56436874561484 23.025968 113.76551 50
674 -688.5931547562267 -202.1559929912223 23.026965 113.766269 50
675 -620.322008314967 -88.2029883879727 23.027994 113.766935 50
676 -608.9436093387375 -69.81988354113197 23.02816 113.767046 50
677 -1171.9538592107972 303.5329725615062 23.031531 113.761553 50
678 -1151.864614343994 296.99749518260336 23.031472 113.761749 50
679 -1134.03035892167 290.019237115518 23.031409 113.761923 50
680 -1117.938765227377 280.3832632232465 23.031322 113.76208 50
681 -1099.7972534131952 269.6397119118241 23.031225 113.762257 50
682 -1068.4341788124123 247.15632481480793 23.031022 113.762563 50
683 -1006.6301679589342 203.29725510447275 23.030626 113.763166 50
684 -932.5263696251192 150.7996073311061 23.030152 113.763889 50
685 -739.0136687622783 12.136817795940626 23.0289 113.765777 50
686 -637.0281545891656 -50.992169417984655 23.02833 113.766772 50
687 -587.8289229975779 -84.43898619992662 23.028028 113.767252 50
688 -530.4296271205171 -125.85952895657533 23.027654 113.767812 50
689 -495.6823540882706 -149.56001680108994 23.02744 113.768151 50
690 -482.86991753934495 -158.53073013282028 23.027359 113.768276 50
691 -424.44500535756055 -199.17568638969186 23.026992 113.768846 50
692 -386.4173929008966 -225.64462130647453 23.026753 113.769217 50
693 -368.99227611632745 -236.9409867007085 23.026651 113.769387 50
694 -353.61715129217123 -246.90835101393418 23.026561 113.769537 50
695 -326.55680397439204 -260.862755826534 23.026435 113.769801 50
696 -300.8288765266941 -271.6054980657028 23.026338 113.770052 50
697 -273.8709019933382 -283.56640670367597 23.02623 113.770315 50
698 -248.24547762655834 -298.960320388323 23.026091 113.770565 50
699 -208.06471109889662 -323.435437277544 23.02587 113.770957 50
700 -180.79912439168692 -340.71191203876344 23.025714 113.771223 50
701 -154.04601037072803 -359.8709859125606 23.025541 113.771484 50
702 -149.12589021713427 -363.4148552955581 23.025509 113.771532 50
703 -85.77913514001608 -408.93128392559134 23.025098 113.77215 50
704 -37.80755238951021 -444.1481870588662 23.02478 113.772618 50
705 4.424027286307378 -475.3781416315954 23.024498 113.77303 50
706 41.32555340295506 -503.39640582429445 23.024245 113.77339 50
707 68.8992851424607 -524.6592190990818 23.024053 113.773659 50
708 96.78064703365482 -551.9021736905135 23.023807 113.773931 50
709 74.12698242710395 -519.5649543140491 23.024099 113.77371 50
710 46.75825858783979 -497.5269394397037 23.024298 113.773443 50
711 8.524185080692483 -469.73017793030294 23.024549 113.77307 50
712 -33.502380184638895 -438.7217238591699 23.024829 113.77266 50
713 -80.96143682956827 -403.283348314332 23.025149 113.772197 50
714 -143.8981506897777 -355.7735450570554 23.025578 113.771583 50
715 -152.8158700933732 -349.90400548855547 23.025631 113.771496 50
716 -177.10893290434743 -333.95654952486757 23.025775 113.771259 50
717 -204.5795265264332 -317.34454476767 23.025925 113.770991 50
718 -245.27279271231072 -292.64793992159133 23.026148 113.770594 50
719 -270.79571866372544 -277.9184993074405 23.026281 113.770345 50
720 -298.26617208388797 -264.6286534043063 23.026401 113.770077 50
721 -323.99407985041114 -253.44293795301223 23.026502 113.769826 50
722 -350.4394430453984 -241.26046210815605 23.026612 113.769568 50
723 -364.99455609596475 -231.73609847263975 23.026698 113.769426 50
724 -382.31716756368894 -220.43974026176954 23.0268 113.769257 50
725 -417.5772696262255 -195.8535473838729 23.027022 113.768913 50
726 -477.02711437909335 -152.3292309696477 23.027415 113.768333 50
727 -490.3520289821138 -142.47255068222572 23.027504 113.768203 50
728 -526.3292703997386 -117.55384354689089 23.027729 113.767852 50
729 -584.0361100414675 -77.68372574039158 23.028089 113.767289 50
730 119.02430586172422 -573.6079044836767 23.023611 113.774148 50
731 174.48000624885833 -630.4192063141829 23.023098 113.774689 50
732 203.2843169435572 -658.6586479889528 23.022843 113.77497 50
733 221.7355904061638 -680.5857634507888 23.022645 113.77515 50
734 229.4237511192014 -697.1972965296526 23.022495 113.775225 50
735 233.6267745562809 -716.2452550432644 23.022323 113.775266 50
736 235.16460931764436 -732.1924130329517 23.022179 113.775281 50
737 233.4222624064651 -748.3611105613569 23.022033 113.775264 50
738 230.34734734573206 -765.4157826023013 23.021879 113.775234 50
739 225.73485012845018 -783.5779199919918 23.021715 113.775189 50
740 223.06993423622532 -799.9681178164698 23.021567 113.775163 50
741 223.6851613698607 -812.7037041865758 23.021452 113.775169 50
742 229.22066532407592 -823.3350742024159 23.021356 113.775223 50
743 236.70377740455473 -832.5267354959182 23.021273 113.775296 50
744 247.46706366654433 -839.0604759455185 23.021214 113.775401 50
745 281.3969686962912 -852.4599391033664 23.021093 113.775732 50
746 400.30578926871846 -896.2012380930186 23.020698 113.776892 50
747 429.82807678682 -906.7211301025011 23.020603 113.77718 50
748 467.85847624529714 -916.7977240307065 23.020512 113.777551 50
749 509.4765777725766 -923.9947485581588 23.020447 113.777957 50
750 551.5047599119537 -931.5238754803738 23.020379 113.778367 50
751 585.2298414004069 -937.5027905496253 23.020325 113.778696 50
752 618.9549542924599 -943.5923741112604 23.02027 113.779025 50
753 619.5695955853945 -933.8468510687845 23.020358 113.779031 50
754 586.9720998772432 -928.2002019495857 23.020409 113.778713 50
755 552.7345032098842 -922.2213096074389 23.020463 113.778379 50
756 510.5013663179021 -915.6888916718783 23.020522 113.777967 50
757 468.3707385945986 -908.0489087313729 23.020591 113.777556 50
758 430.44289007340484 -898.7475231377011 23.020675 113.777186 50
759 402.25323938149575 -889.4457838757165 23.020759 113.776911 50
760 283.54946509017293 -844.929285970373 23.021161 113.775753 50
761 250.02961019696886 -832.0835422643565 23.021277 113.775426 50
762 241.3164668013728 -826.2142366254332 23.02133 113.775341 50
763 235.06346252726996 -819.0159558877434 23.021395 113.77528 50
764 231.16809430011355 -810.8209375946944 23.021469 113.775242 50
765 230.0403636861294 -800.300245561607 23.021564 113.775231 50
766 232.80779189562733 -784.7959994093989 23.021704 113.775258 50
767 236.90776484533365 -767.5198224803878 23.02186 113.775298 50
768 240.3926823140737 -749.579188048706 23.022022 113.775332 50
769 241.82748845229074 -732.4137958268575 23.022177 113.775346 50
770 240.90466818076828 -715.6914184236658 23.022328 113.775337 50
771 236.70162519500957 -695.9789959974671 23.022506 113.775296 50
772 228.39840602419395 -678.1492884137415 23.022667 113.775215 50
773 208.9220470400291 -654.3395417975248 23.022882 113.775025 50
774 181.65531787391564 -626.7645582650521 23.023131 113.774759 50
775 124.25200593218936 -568.8458555506849 23.023654 113.774199 50
776 838.7881164982355 -141.12819378774606 23.027516 113.78117 50
777 -439.19215622518647 250.55780666064953 23.031053 113.768702 50
778 -575.7300511915015 12.351156787193457 23.028902 113.76737 50
779 -603.7146959274194 -36.264540007648606 23.028463 113.767097 50
780 537.733854347132 44.35488374426215 23.029191 113.778233 50
781 584.8855965219345 5.263868270131493 23.028838 113.778693 50
782 622.2995796862635 -23.97115186099738 23.028574 113.779058 50
783 638.1877530737977 -36.37385855026346 23.028462 113.779213 50
784 670.0666748393726 -61.06847197896498 23.028239 113.779524 50
785 -915.3315492714875 1419.1554217633543 23.041605 113.764056 50
786 -902.7233198681517 1449.4986759740036 23.041879 113.764179 50
787 -892.6776981622163 1474.969331760978 23.042109 113.764277 50
788 -974.8825187890117 1363.0116665152036 23.041098 113.763475 50
789 -932.1423579868091 1382.610742813513 23.041275 113.763892 50
790 -924.454491056284 1399.111210546164 23.041424 113.763967 50
791 -925.8915619558356 1363.5622877357328 23.041103 113.763953 50
