0 0 0 32.0789597561743 118.800020803148 50
1 584.8286082846167 -376.9759253292369 32.07556 118.806215 50
2 600.9764242818861 -423.65888764525175 32.075139 118.806386 50
3 616.2738152222918 -456.70263411634005 32.074841 118.806548 50
4 636.6704954183108 -500.8348499757063 32.074443 118.806764 50
5 698.6174109469354 -640.106245534888 32.073187 118.80742 50
6 828.8436730447186 -933.0627554888927 32.070545 118.808799 50
7 944.4378828605511 -1183.8814039197346 32.068283 118.810023 50
8 953.1265558016554 -1202.6206670226338 32.068114 118.810115 50
9 998.3611002414815 -1262.0522999816442 32.067578 118.810594 50
10 1050.772123081861 -1318.5999017342706 32.067068 118.811149 50
11 1019.0422452882507 -1285.447617845005 32.067367 118.810813 50
12 984.6652605981702 -1216.5895552078537 32.067988 118.810449 50
13 979.2820321731369 -1205.1686102067772 32.068091 118.810392 50
14 964.7379239320439 -1174.2322452389599 32.06837 118.810238 50
15 847.632741332906 -925.188158188216 32.070616 118.808998 50
16 718.2558556925921 -633.0080418633025 32.073251 118.807628 50
17 658.8580432421868 -494.9563689872473 32.074496 118.806999 50
18 620.3312652337167 -416.4499991392037 32.075204 118.806591 50
19 596.346898458279 -369.9893051026438 32.075623 118.806337 50
20 -181.1584702793752 -16.161027449808675 32.078814 118.798102 50
21 -144.24347020175153 -28.80287062090401 32.0787 118.798493 50
22 -101.66362663024243 -41.00108514549386 32.07859 118.798944 50
23 -60.405457655208465 -53.31000188955104 32.078479 118.799381 50
24 -14.993032619484568 -66.72764007193337 32.078358 118.799862 50
25 8.04366541785016 -68.39097065403189 32.078343 118.800106 50
26 473.5797552936572 210.50386746201224 32.080858 118.805037 50
27 500.9597377254536 189.2146383584032 32.080666 118.805327 50
28 434.7774888481916 203.6270672674176 32.080796 118.804626 50
29 445.1625268306583 205.5126156811097 32.080813 118.804736 50
30 451.39357332856645 206.06733104564483 32.080818 118.804802 50
31 456.68054740688694 205.9566785015612 32.080817 118.804858 50
32 462.72285329724707 204.73718074168812 32.080806 118.804922 50
33 466.4049313682108 202.96313709534718 32.08079 118.804961 50
34 473.39149684756103 198.4170422369825 32.080749 118.805035 50
35 479.4339971245406 193.20557838343973 32.080702 118.805099 50
36 485.1933571157384 186.2198931106725 32.080639 118.80516 50
37 490.10312735326124 177.2381822822151 32.080558 118.805212 50
38 492.0860839064802 170.25232005045729 32.080495 118.805233 50
39 492.9360842667452 163.93173268996009 32.080438 118.805242 50
40 492.6534533439734 151.51223869259542 32.080326 118.805239 50
41 489.4440874433288 139.09260386170436 32.080214 118.805205 50
42 486.2346078376637 128.89073450711538 32.080122 118.805171 50
43 479.3430990883057 118.57780415168435 32.080029 118.805098 50
44 468.5806562245154 109.70624651666236 32.079949 118.804984 50
45 461.49997777093165 106.37927695154234 32.079919 118.804909 50
46 451.77572929648153 104.27196502179916 32.0799 118.804806 50
47 442.429029780109 104.27155473693881 32.0799 118.804707 50
48 428.928022106506 109.4827230635649 32.079947 118.804564 50
49 417.6927378611447 118.46420115004895 32.080028 118.804445 50
50 410.5171015355302 128.44384846750546 32.080118 118.804369 50
51 401.5473332666818 147.0727108444972 32.080286 118.804274 50
52 -10.17799211243797 -73.49182506706963 32.078297 118.799913 50
53 20.506158356139167 -76.15312583634177 32.078273 118.800238 50
54 40.04960619529571 -76.81839682349664 32.078267 118.800445 50
55 63.46397411607095 -76.37472512522382 32.078271 118.800693 50
56 92.44866262791697 -72.49341697651654 32.078306 118.801 50
57 132.19631742338106 -63.954588691261776 32.078383 118.801421 50
58 151.73966489822655 -58.96434808345267 32.078428 118.801628 50
59 166.9400330290241 -55.08302388509128 32.078463 118.801789 50
60 194.0362691686471 -45.87882445338644 32.078546 118.802076 50
61 220.18831542644813 -35.898355967696105 32.078636 118.802353 50
62 244.1687554565272 -22.923891397522063 32.078753 118.802607 50
63 306.00787290249207 8.015584026439743 32.079032 118.803262 50
64 -27.644054894980332 35.84396188366895 32.079283 118.799728 50
65 -54.08023013089462 -131.3753144265849 32.077775 118.799448 50
66 -70.03651313179208 -194.91413651657442 32.077202 118.799279 50
67 -88.1646028204521 -267.10218501399305 32.076551 118.799087 50
68 -89.86433566884796 -297.8181869911537 32.076274 118.799069 50
69 -78.72377181095916 -347.82883077346105 32.075823 118.799187 50
70 -29.816944646799122 -449.1808412114747 32.074909 118.799705 50
71 52.9868743568571 -599.1014703227465 32.073557 118.800582 50
72 265.6255552245838 -989.8676884755023 32.070033 118.802834 50
73 309.06258805810205 -1097.3169601884865 32.069064 118.803294 50
74 317.1869601677969 -1227.7210062675567 32.067888 118.80338 50
75 285.93878120570366 -1440.959514731594 32.065965 118.803049 50
76 -178.42029826854747 -3.741598435650058 32.078926 118.798131 50
77 -525.4732784750265 111.15056948049761 32.079962 118.794455 50
78 -681.5319264822044 153.075560803768 32.08034 118.792802 50
79 -977.9737216182688 232.82834284495988 32.081059 118.789662 50
80 -1042.4539673899183 249.68974929394165 32.081211 118.788979 50
81 -1110.5229065257565 254.2433610651279 32.081252 118.788258 50
82 -1157.7282302913072 250.14575274334322 32.081215 118.787758 50
83 -1205.878412017466 239.94962232380598 32.081123 118.787248 50
84 -1470.2396204835864 145.50758528557864 32.080271 118.784448 50
85 -15.276119353585177 34.180612860247344 32.079268 118.799859 50
86 -13.104636264466123 44.04965948629656 32.079357 118.799882 50
87 -8.384044815532139 54.02959249691567 32.079447 118.799932 50
88 -5.079636361965736 60.90465878812775 32.079509 118.799967 50
89 0.3962307964884104 69.44304911716465 32.079586 118.800025 50
90 8.515606484024904 78.0923325658428 32.079664 118.800111 50
91 16.068505141842017 83.96941654256577 32.079717 118.800191 50
92 25.415208923180604 89.7356222808491 32.079769 118.80029 50
93 34.950735151380094 92.39696749552314 32.079793 118.800391 50
94 44.203023301276126 94.94743220503511 32.079816 118.800489 50
95 55.15471807301972 95.61281486499196 32.079822 118.800605 50
96 65.53995503252007 94.61488253115996 32.079813 118.800715 50
97 76.68049368727027 92.28630796524769 32.079792 118.800833 50
98 88.57635242312082 87.07465877197995 32.079745 118.800959 50
99 97.92312211243733 81.41944586572035 32.079694 118.801058 50
100 107.17553981834354 71.10693602894216 32.079601 118.801156 50
101 118.31406297519145 245.31244841731973 32.081172 118.801274 50
102 181.66395981787505 193.63946762993695 32.080706 118.801945 50
103 193.7486209543089 185.9884030132493 32.080637 118.802073 50
104 197.80833702868213 182.32916974722065 32.080604 118.802116 50
105 201.773645603781 178.66993624662763 32.080571 118.802158 50
106 204.79487704665038 173.7909148667156 32.080527 118.80219 50
107 207.53290697632275 167.5812300182057 32.080471 118.802219 50
108 210.4597339034712 162.70220847153894 32.080427 118.80225 50
109 213.66979778974434 157.7123055214667 32.080382 118.802284 50
110 218.57926379158909 152.38977529704783 32.080334 118.802336 50
111 223.58310668747603 148.84146099934293 32.080302 118.802389 50
112 227.6428185437416 146.51289839914747 32.080281 118.802432 50
113 236.1399037125194 141.3013457526129 32.080234 118.802522 50
114 241.9934790490234 136.75506636628634 32.080193 118.802584 50
115 248.60235451034967 131.8761441406935 32.080149 118.802654 50
116 258.8932809647948 126.22110167723021 32.080098 118.802763 50
117 264.65246706002534 121.563944799576 32.080056 118.802824 50
118 270.88372221417694 116.5741391212579 32.080011 118.80289 50
119 275.3211647478745 111.91695327297191 32.079969 118.802937 50
120 279.66423375322245 106.03999649775763 32.079916 118.802983 50
121 282.4023213892556 100.05210879000774 32.079862 118.803012 50
122 284.66835933921425 93.95332045726002 32.079807 118.803036 50
123 286.5567643272998 87.52185743274475 32.079749 118.803056 50
124 290.428318514089 63.23745039380776 32.07953 118.803097 50
125 289.57885473654454 54.80992289212965 32.079454 118.803088 50
126 284.95292383199796 46.38228921097959 32.079378 118.803039 50
127 550.8962584392146 310.0853893891558 32.081756 118.805856 50
128 531.9210346852459 290.4571623237192 32.081579 118.805655 50
129 509.6413143184537 272.6030170380737 32.081418 118.805419 50
130 472.44452424339636 260.29262973660093 32.081307 118.805025 50
131 440.7233439516448 249.53504919720865 32.08121 118.804689 50
132 431.3769280386058 245.98622566029115 32.081178 118.80459 50
133 408.0581268892931 235.56177109418934 32.081084 118.804343 50
134 392.5752341682521 227.0227689556258 32.081007 118.804179 50
135 374.5433502209829 215.60060251426734 32.080904 118.803988 50
136 360.8542823282927 204.51128579284656 32.080804 118.803843 50
137 250.77246350585688 186.32231202699 32.08064 118.802677 50
138 135.30753658075716 267.157641807059 32.081369 118.801454 50
139 49.30013593381855 320.4941050672331 32.08185 118.800543 50
140 350.94159582032523 193.4221170620425 32.080704 118.803738 50
141 343.0114049284126 185.32700669737773 32.080631 118.803654 50
142 334.2315948943153 174.5705574066699 32.080534 118.803561 50
143 325.5462193998052 162.48346025110823 32.080425 118.803469 50
144 314.02870806095495 143.74299007407134 32.080256 118.803347 50
145 305.43779623565166 128.21837891547244 32.080116 118.803256 50
146 294.2979302700611 106.81662627435756 32.079923 118.803138 50
147 288.916800520545 96.17120422604674 32.079827 118.803081 50
148 282.025060615268 86.19107247485724 32.079737 118.803008 50
149 276.64381075767227 79.0940797600997 32.079673 118.802951 50
150 270.7904845807075 72.4406302132611 32.079613 118.802889 50
151 262.86010429210233 65.56535387267314 32.079551 118.802805 50
152 256.8179019329857 60.35345423186737 32.079504 118.802741 50
153 249.73715533525774 55.58508550034341 32.079461 118.802666 50
154 177.9846156342898 41.61166575880461 32.079335 118.801906 50
155 165.71102232515426 46.15787484415031 32.079376 118.801776 50
156 156.93067611535346 50.260599170541866 32.079413 118.801683 50
157 146.35646777200947 57.800839386528764 32.079481 118.801571 50
158 136.91521865588243 64.89755301779006 32.079545 118.801471 50
159 123.03660510459181 75.43175522153778 32.07964 118.801324 50
160 325.2654524071695 85.30525589635948 32.079729 118.803466 50
161 388.4176938961514 318.8380683493998 32.081835 118.804135 50
162 386.9090184287155 269.6036329880377 32.081391 118.804119 50
163 324.98073961368345 131.65651830799314 32.080147 118.803463 50
164 311.7638380209425 111.47445070587696 32.079965 118.803323 50
165 303.36167825188863 97.28050628074362 32.079837 118.803234 50
166 292.41052041160987 78.54007917444584 32.079668 118.803118 50
167 284.8578795315341 69.00347961834902 32.079582 118.803038 50
168 279.1933515938159 63.23713623665822 32.07953 118.802978 50
169 272.301476113108 57.13809856193019 32.079475 118.802905 50
170 264.55988510072433 51.14993169958201 32.079421 118.802823 50
171 256.25179552835795 45.937973898740694 32.079374 118.802735 50
172 246.2442762128045 41.16953448121324 32.079331 118.802629 50
173 234.82055359873522 37.17728956627535 32.079295 118.802508 50
174 322.6209108729152 117.68452859019374 32.080021 118.803438 50
175 318.3727425065788 107.26090318131068 32.079927 118.803393 50
176 312.04763509538384 93.06701681124255 32.079799 118.803326 50
177 301.0021592481487 71.55437259658856 32.079605 118.803209 50
178 291.84465921338233 57.36041618583572 32.079477 118.803112 50
179 280.1380306864163 42.722845071837824 32.079345 118.802988 50
180 272.20770765413124 33.075356805943805 32.079258 118.802904 50
181 263.42765429277586 23.760517423504353 32.079174 118.802811 50
182 253.51464988143283 14.112992885475697 32.079087 118.802706 50
183 235.01030068304726 -2.8533444118128557 32.078934 118.80251 50
184 91.22112712660196 -53.531548889640035 32.078477 118.800987 50
185 55.34436409657382 -55.97134705008088 32.078455 118.800607 50
186 28.625603425621662 -56.96945083373302 32.078446 118.800324 50
187 26.831791754831066 -67.50383303710622 32.078351 118.800305 50
188 77.15374083409674 -64.95314798781935 32.078374 118.800838 50
189 120.58350177194538 -59.07565276417747 32.078427 118.801298 50
190 176.3810763193334 -42.66338811562148 32.078575 118.801889 50
191 211.4077959892603 -27.91459252457387 32.078708 118.80226 50
192 258.42447037608315 -1.6330071562354043 32.078945 118.802758 50
193 280.42205947994563 13.891921755438982 32.079085 118.802991 50
194 294.7723572794204 24.870258279121074 32.079184 118.803143 50
195 307.32876426485666 37.06833108531118 32.079294 118.803276 50
196 323.56705682111846 53.5911756941623 32.079443 118.803448 50
197 348.5850656587643 84.52980984791779 32.079722 118.803713 50
198 -28.49435428877445 -176.39601426299106 32.077369 118.799719 50
199 -17.731150654525457 -152.88774747481264 32.077581 118.799833 50
200 -10.272472523325115 -140.5791709770854 32.077692 118.799912 50
201 -3.2858795859479795 -130.93190477870294 32.077779 118.799986 50
202 5.872203524302682 -121.06285628871764 32.077868 118.800083 50
203 16.06881477811928 -112.30267958537308 32.077947 118.800191 50
204 25.132456478030097 -105.31670623278612 32.07801 118.800287 50
205 38.25584116024553 -97.55449307045907 32.07808 118.800426 50
206 51.945693452069776 -91.78824724111723 32.078132 118.800571 50
207 66.39084187849377 -87.352636209136 32.078172 118.800724 50
208 85.83984711190979 -81.58630557237737 32.078224 118.80093 50
209 -112.70995480128168 -47.432483640202044 32.078532 118.798827 50
210 -98.5481969945117 -59.74121889301633 32.078421 118.798977 50
211 -89.57909302621468 -70.60834354337564 32.078323 118.799072 50
212 -83.25352910855572 -81.47543886106985 32.078225 118.799139 50
213 -77.21119804332685 -93.34052153877526 32.078118 118.799203 50
214 -73.43477964793588 -107.0906833269827 32.077994 118.799243 50
215 -69.65837608101316 -124.50015314326104 32.077837 118.799283 50
216 -74.19124718617402 -266.7696319275286 32.076554 118.799235 50
217 -56.063432273474945 -226.40646010895756 32.076918 118.799427 50
218 -40.579397704101694 -198.68449394078112 32.077168 118.799591 50
219 -67.77026573573065 -147.67579354077077 32.077628 118.799303 50
220 103.49504166685973 -81.14258876427938 32.078228 118.801117 50
221 118.03460516572211 -80.14443703739761 32.078237 118.801271 50
222 140.78804320208783 -76.48483801605252 32.07827 118.801512 50
223 156.36610284936432 -73.268853551088 32.078299 118.801677 50
224 483.2075463998305 253.52895246617757 32.081246 118.805139 50
225 447.52148981928485 234.89809920652363 32.081078 118.804761 50
226 428.5456467551431 221.9233604165485 32.080961 118.80456 50
227 408.7202287642829 204.84575877238524 32.080807 118.80435 50
228 390.59421956654455 185.43960850887024 32.080632 118.804158 50
229 379.54881974649845 169.0277343333807 32.080484 118.804041 50
230 373.2237506316991 157.16246127770017 32.080377 118.803974 50
231 365.388206547726 142.19226803431195 32.080242 118.803891 50
232 356.04220855490803 123.11916438423371 32.08007 118.803792 50
233 336.5947403008558 87.30161169585368 32.079747 118.803586 50
234 326.30438505070555 72.55314559085585 32.079614 118.803477 50
235 317.80765657854437 63.01649148215201 32.079528 118.803387 50
236 304.3072642553425 47.935283858210795 32.079392 118.803244 50
237 290.05147464686576 35.07183686686264 32.079276 118.803093 50
238 262.4837843796233 14.113220073729059 32.079087 118.802801 50
239 509.2644080464963 257.9657512831802 32.081286 118.805415 50
240 524.6526148902265 269.0553557038382 32.081386 118.805578 50
241 538.4358329902591 280.034010338287 32.081485 118.805724 50
242 550.4252372520363 291.12347493663304 32.081585 118.805851 50
243 560.3376419364353 301.6583981491809 32.08168 118.805956 50
244 597.4376188516271 350.562222243413 32.082121 118.806349 50
245 410.13697080669044 190.2085702338705 32.080675 118.804365 50
246 421.9377220290105 203.1829743783104 32.080792 118.80449 50
247 436.19310497785534 216.15749725913838 32.080909 118.804641 50
248 449.41012810128836 224.91824179754508 32.080988 118.804781 50
249 473.9561469895829 237.33883604433018 32.0811 118.805041 50
250 491.89356221887977 246.8760743462031 32.081186 118.805231 50
251 672.3912470640898 456.24340251415015 32.083074 118.807143 50
252 515.5179018407646 -185.6976142097103 32.077285 118.805481 50
253 462.92392042931783 -64.72114415935596 32.078376 118.804924 50
254 428.1765887589913 17.778148152425644 32.07912 118.804556 50
255 417.31810622485693 44.94530578614419 32.079365 118.804441 50
256 410.0478283536116 59.3604765655781 32.079495 118.804364 50
257 399.7563848481924 74.32997482742685 32.07963 118.804255 50
258 382.6671828010486 94.0674190334841 32.079808 118.804074 50
259 367.08881909831683 108.3714245255376 32.079937 118.803909 50
260 349.24468992115504 121.12294123233092 32.080052 118.80372 50
261 288.72613608702494 161.15169134354858 32.080413 118.803079 50
262 331.39893487548176 185.21573402369089 32.08063 118.803531 50
263 318.7481970361424 177.23137836939665 32.080558 118.803397 50
264 310.72337814296907 175.0133659950124 32.080538 118.803312 50
265 302.0376923210359 172.4626756746815 32.080515 118.80322 50
266 293.72957378620663 172.35154447457646 32.080514 118.803132 50
267 286.17671083575317 173.2384352193058 32.080522 118.803052 50
268 275.8859188624414 175.12325101295806 32.080539 118.802943 50
269 269.74918677451376 177.11907459801387 32.080557 118.802878 50
270 260.21362274225726 181.44346712017867 32.080596 118.802777 50
271 148.99717952534397 249.97015676467285 32.081214 118.801599 50
272 59.30757953965397 306.96579294804854 32.081728 118.800649 50
273 15.690474048758716 334.4659165498124 32.081976 118.800187 50
274 -33.96855049242677 362.96424061173514 32.082233 118.799661 50
275 -105.81304186293558 414.52777143004505 32.082698 118.7989 50
276 -118.55797869583844 429.49782672224177 32.082833 118.798765 50
277 -229.4862694331112 483.5023066187998 32.08332 118.79759 50
278 -130.45356727479916 416.3022693469787 32.082714 118.798639 50
279 583.0327895027865 -343.37692330430673 32.075863 118.806196 50
280 507.2097198806107 -190.3553341392312 32.077243 118.805393 50
281 569.9088394765525 -339.274804941328 32.0759 118.806057 50
282 573.2138400620865 -347.5912298279908 32.075825 118.806092 50
283 409.85974156169385 41.063915967919485 32.07933 118.804362 50
284 470.3841807175761 -100.64857242335097 32.078052 118.805003 50
285 300.9056347915903 143.07726463763308 32.08025 118.803208 50
286 328.75742426408965 123.8944646438261 32.080077 118.803503 50
287 352.7383443971279 108.14914101737628 32.079935 118.803757 50
288 371.3378952961683 92.51456479650415 32.079794 118.803954 50
289 384.08390696456314 79.31934097193141 32.079675 118.804089 50
290 399.2849017385813 59.6927135623024 32.079498 118.80425 50
291 144.27679226670446 242.87324201974246 32.08115 118.801549 50
292 -108.07892294622333 406.65472898877215 32.082627 118.798876 50
293 -38.31137777690958 355.8674080991657 32.082169 118.799615 50
294 36.5549397830728 311.40121551024123 32.081768 118.800408 50
295 389.3650196870385 234.2303805866465 32.081072 118.804145 50
296 387.2893469676786 198.85695723460884 32.080753 118.804123 50
297 384.2704495456066 139.75342219469172 32.08022 118.804091 50
298 387.1988066254507 97.06157189297909 32.079835 118.804122 50
299 390.12643219416327 74.1078250189293 32.079628 118.804153 50
300 393.05378424540197 58.58358918460682 32.079488 118.804184 50
301 397.4916497717194 45.16628915513263 32.079367 118.804231 50
302 409.4831736305042 14.228957243268068 32.079088 118.804358 50
303 498.7125396905119 -191.68641166568955 32.077231 118.805303 50
304 303.7375206777731 157.7145931965497 32.080382 118.803238 50
305 175.05426451585598 250.4141242018482 32.081218 118.801875 50
306 142.67143850742826 270.4843893315376 32.081399 118.801532 50
307 45.14608874233014 331.0284689371375 32.081945 118.800499 50
308 -23.017111492904988 375.71635876265964 32.082348 118.799777 50
309 510.7745124911626 266.9477738276883 32.081367 118.805431 50
310 496.707850107013 259.40667822580866 32.081299 118.805282 50
311 477.35439826588174 248.0951531057189 32.081197 118.805077 50
312 458.85035752766714 241.99544998591182 32.081142 118.804881 50
313 437.1361490803712 240.77472436789486 32.081131 118.804651 50
314 422.9744703125738 245.653208564238 32.081175 118.804501 50
315 412.30591200996275 251.8625120702377 32.081231 118.804388 50
316 410.8884909328728 283.46560160464844 32.081516 118.804373 50
317 700.7095638377814 514.9052055840584 32.083603 118.807443 50
318 673.1440397235099 493.6127982618648 32.083411 118.807151 50
319 650.9599578501961 467.3308367322397 32.083174 118.806916 50
320 444.31686975172494 113.03180545711913 32.079979 118.804727 50
321 541.4584926099762 250.75967676273444 32.081221 118.805756 50
322 132.85729141823145 -70.49698280110755 32.078324 118.801428 50
323 167.31781997758299 -63.39963139603796 32.078388 118.801793 50
324 201.87267574315257 -54.417062342223204 32.078469 118.802159 50
325 224.5314645283064 -43.993098720915135 32.078563 118.802399 50
326 697.9736293658909 487.51561472158545 32.083356 118.807414 50
327 1074.632744895182 743.5894520696908 32.085665 118.811404 50
328 1136.27625770001 771.0964441450167 32.085913 118.812057 50
329 1500.273929410214 959.2101645611763 32.087609 118.815913 50
330 1388.7908387900343 907.4094978021552 32.087142 118.814732 50
331 1145.0537334191008 790.5028823921441 32.086088 118.81215 50
332 1081.5224267542308 761.4431994115446 32.085826 118.811477 50
333 992.5024659181578 720.738126000785 32.085459 118.810534 50
334 917.2644260468694 686.7992512573846 32.085153 118.809737 50
335 862.5120002981427 652.7517599207699 32.084846 118.809157 50
336 802.5676463458017 608.724208137656 32.084449 118.808522 50
337 756.0281909019578 569.4661942662124 32.084095 118.808029 50
338 219.3381047095314 -12.722742951257953 32.078845 118.802344 50
339 195.35762091139165 -23.81205005146456 32.078745 118.80209 50
340 156.93204461409346 -38.5608434688483 32.078612 118.801683 50
341 122.37720034174203 -47.321483893479154 32.078533 118.801317 50
342 -1499.9830151733372 118.23342142683262 32.080025 118.784133 50
343 -1465.7095654403286 133.97455799442673 32.080167 118.784496 50
344 -262.05617779699026 511.11427188737673 32.083569 118.797245 50
345 -371.18773858916734 602.156942143941 32.08439 118.796089 50
346 -534.3156147517802 726.802639171677 32.085514 118.794361 50
347 -558.0104849223343 742.6609378129617 32.085657 118.79411 50
348 -708.5807718002025 828.7196333542324 32.086433 118.792515 50
349 -731.8032555662901 842.5823159290758 32.086558 118.792269 50
350 -745.5854495487816 853.8939247508822 32.08666 118.792123 50
351 -753.4200263725993 866.9793239417615 32.086778 118.79204 50
352 -754.0791711458801 889.7114804139014 32.086983 118.792033 50
353 -746.903488142298 903.2393282775547 32.087105 118.792109 50
354 -725.4710990245879 941.8269203509631 32.087453 118.792336 50
355 -721.8831195395455 951.0303976867018 32.087536 118.792374 50
356 -723.7707511373445 957.1293904655397 32.087591 118.792354 50
357 -727.8298033632032 961.1216600707512 32.087627 118.792311 50
358 -734.060156267643 964.670534208553 32.087659 118.792245 50
359 -900.1070361618939 1057.719182216044 32.088498 118.790486 50
360 -911.6239438912862 1059.6053086870627 32.088515 118.790364 50
361 -917.5714454679919 1057.8316290564842 32.088499 118.790301 50
362 -922.1976486063071 1052.3985173723345 32.08845 118.790252 50
363 -927.0128330423868 1045.0803229696576 32.088384 118.790201 50
364 -930.4118457650993 1039.314438419943 32.088332 118.790165 50
365 -936.9267771605441 1026.67376327731 32.088218 118.790096 50
366 -947.8788051308023 1012.3701792507547 32.088089 118.78998 50
367 -954.9594954515775 1007.1590882273715 32.088042 118.789905 50
368 -973.3687178433208 999.9530882775075 32.087977 118.78971 50
369 -992.8147759801877 1009.3804751185462 32.088062 118.789504 50
370 -1009.522924013182 1020.8036178017026 32.088165 118.789327 50
371 -1076.1653405374298 1075.921955049337 32.088662 118.788621 50
372 -1153.9452159652114 1141.6872721238915 32.089255 118.787797 50
373 -1246.1660360922183 1218.765561174011 32.08995 118.78682 50
374 -1301.1957765998002 1265.012900813808 32.090367 118.786237 50
375 -1358.7743622535852 1307.1580098791178 32.090747 118.785627 50
376 -1389.6404676713548 1326.7894214002597 32.090924 118.7853 50
377 -1426.547577057983 1349.6375351319398 32.09113 118.784909 50
378 -1445.7086088459794 1364.2775066167153 32.091262 118.784706 50
379 -225.14310103945922 502.464103812856 32.083491 118.797636 50
380 -257.80762595356487 519.8743370491903 32.083648 118.79729 50
381 -248.74438062313538 525.9729667633675 32.083703 118.797386 50
382 -355.5163114277824 600.714835332321 32.084377 118.796255 50
383 -392.3337843019258 628.32737094912 32.084626 118.795865 50
384 -412.2528966461015 643.2980771739965 32.084761 118.795654 50
385 -422.63723271909 651.3933482537745 32.084834 118.795544 50
386 -449.07000789250344 672.1305908164065 32.085021 118.795264 50
387 -494.288743032777 706.3971698487849 32.08533 118.794785 50
388 -549.4195051120356 744.6564603124727 32.085675 118.794201 50
389 -961.758618633433 984.6493932422695 32.087839 118.789833 50
390 -1053.5102369578683 1062.3912064077233 32.08854 118.788861 50
391 -1092.7779198017718 1096.3271827631481 32.088846 118.788445 50
392 -1112.5060526664497 1113.4061269973956 32.089 118.788236 50
393 -1129.2133298961655 1129.9303326242198 32.089149 118.788059 50
394 -1138.9356275568139 1139.4678150945538 32.089235 118.787956 50
395 -739.921393543754 851.2321918515086 32.086636 118.792183 50
396 -837.3421861369346 903.8008039309577 32.08711 118.791151 50
397 -1449.8635099618346 1354.963471209694 32.091178 118.784662 50
398 -1401.535021922468 1325.460390559249 32.090912 118.785174 50
399 -1368.5924343205684 1303.6108958259706 32.090715 118.785523 50
400 -1332.5351231462114 1276.9928994175375 32.090475 118.785905 50
401 -1301.2915942606899 1253.9240740649143 32.090267 118.786236 50
402 -1267.31113276781 1224.201701279541 32.089999 118.786596 50
403 -1239.3712727483205 1201.5770327837263 32.089795 118.786892 50
404 -1196.894959653512 1166.6421131506906 32.08948 118.787342 50
405 -1164.0465427689785 1138.4726588984286 32.089226 118.78769 50
406 -1086.361039172567 1073.3726052015156 32.088639 118.788513 50
407 -1048.131410619506 1041.9871936464592 32.088356 118.788918 50
408 -1017.7364275596 1016.0362361172802 32.088122 118.78924 50
409 -1005.4650572722762 1006.1659539912586 32.088033 118.78937 50
410 -995.6478333075376 999.4008001847245 32.087972 118.789474 50
411 -985.0749978510797 996.5166749904679 32.087946 118.789586 50
412 -977.7117152387981 995.0744169241815 32.087933 118.789664 50
413 -967.6105052132732 996.18233570785 32.087943 118.789771 50
414 -958.3587140820218 999.5081113871721 32.087973 118.789869 50
415 -945.2360446111657 1006.8255160921498 32.088039 118.790008 50
416 -936.1728005889692 1013.1453149541651 32.088096 118.790104 50
417 -923.0501244203084 1020.906301790948 32.088166 118.790243 50
418 -913.4207798870478 1024.0103074875688 32.088194 118.790345 50
419 -905.113293789432 1024.6748959187225 32.0882 118.790433 50
420 -899.0715095412421 1024.8961374753071 32.088202 118.790497 50
421 -889.6313396555397 1023.8973133104722 32.088193 118.790597 50
422 -877.5483732708012 1017.3538522211253 32.088134 118.790725 50
423 -816.2838240730633 982.8624810396325 32.087823 118.791374 50
424 -795.1384614554538 971.3284202660241 32.087719 118.791598 50
425 -789.0969401194501 967.7795233583776 32.087687 118.791662 50
426 -784.7545855117514 965.3396442728126 32.087665 118.791708 50
427 -776.5420042918785 958.9074908690006 32.087607 118.791795 50
428 -768.4239833043173 950.2575844501807 32.087529 118.791881 50
429 -761.9108883342706 940.49892114553 32.087441 118.79195 50
430 -759.3630893943493 925.8614701500935 32.087309 118.791977 50
431 -759.741787223628 911.3351263154836 32.087178 118.791973 50
432 -761.6308135543229 898.5831089566389 32.087063 118.791953 50
433 -763.8975848400788 884.1677955325418 32.086933 118.791929 50
434 -763.0491881064648 867.6453707893254 32.086784 118.791938 50
435 -759.5571406432833 855.5582820510087 32.086675 118.791975 50
436 -754.1766220205807 848.5719176574381 32.086612 118.792032 50
437 -919.8383921337087 1043.5272354795197 32.08837 118.790277 50
438 -916.4403050349907 1039.0913949128887 32.08833 118.790313 50
439 -906.5285721771711 1033.2134250334668 32.088277 118.790418 50
440 -773.6154719214147 959.3508215227791 32.087611 118.791826 50
441 -763.8924020594089 953.2512287762864 32.087556 118.791929 50
442 -752.2813038629039 946.4861756856816 32.087495 118.792052 50
443 -746.2397365915015 943.1590810048236 32.087465 118.792116 50
444 -741.8029174652464 941.2736550965302 32.087448 118.792163 50
445 -737.7436378434177 940.3862535253606 32.08744 118.792206 50
446 -733.0234142289487 941.1621310791086 32.087447 118.792256 50
447 -730.9464052585402 943.0470835821699 32.087464 118.792278 50
448 -728.3029454560258 945.3755493538522 32.087485 118.792306 50
449 -727.2643031373946 948.2585719952326 32.087511 118.792317 50
450 -726.6976855952873 951.0307400810273 32.087536 118.792323 50
451 -726.7918197377262 954.800950418997 32.08757 118.792322 50
452 -726.7918118227874 954.9118387599694 32.087571 118.792322 50
453 -727.0748947910286 956.6860724414505 32.087587 118.792319 50
454 -728.3019857385017 958.7930386250111 32.087606 118.792306 50
455 -729.3403016200386 960.4564380702699 32.087621 118.792295 50
456 -730.4730521356387 961.6762910263565 32.087632 118.792283 50
457 -750.4012546316798 837.7045829687386 32.086514 118.792072 50
458 -670.160797722426 789.0190145125321 32.086075 118.792922 50
459 -600.9643873834741 750.4255634419386 32.085727 118.793655 50
460 -567.4517514300644 729.2439742090053 32.085536 118.79401 50
461 -973.1827738385753 970.0132168221846 32.087707 118.789712 50
462 -848.1998302056143 889.1644424233318 32.086978 118.791036 50
463 -1159.7055886413839 1125.1655592704406 32.089106 118.787736 50
464 -1145.1695070363257 1109.4177661967856 32.088964 118.78789 50
465 -1117.4186432688646 1079.6966020190707 32.088696 118.788184 50
466 -1112.9822796866686 1074.8170283325953 32.088652 118.788231 50
467 -967.5203170957219 951.8269890312083 32.087543 118.789772 50
468 -944.202149240124 957.9236593607511 32.087598 118.790019 50
469 -932.0219450639377 981.8744198627038 32.087814 118.790148 50
470 -942.1223240741584 989.8593101802117 32.087886 118.790041 50
471 -998.7581876716625 1049.7444170622362 32.088426 118.789441 50
472 -1022.7360590647478 1052.9625590799878 32.088455 118.789187 50
473 -1046.8066644747937 1072.2595792029042 32.088629 118.788932 50
474 -1079.844587894152 1098.876235629961 32.088869 118.788582 50
475 -1083.714687470583 1102.4250743892364 32.088901 118.788541 50
476 -1127.6082817001065 1131.926145444625 32.089167 118.788076 50
477 1428.2468396766162 941.1250092934781 32.087446 118.81515 50
478 1445.0561432676054 902.3164622215484 32.087096 118.815328 50
479 1089.4376533705092 899.7217818959798 32.087073 118.811561 50
480 1084.2437832769172 915.3564828838144 32.087214 118.811506 50
481 1084.2430157717322 922.5642246965006 32.087279 118.811506 50
482 1091.8749318754585 1060.2883683942155 32.088521 118.811587 50
483 1094.1379402962625 1084.9058273409744 32.088743 118.811611 50
484 1115.553140142336 1213.205997622638 32.0899 118.811838 50
485 1134.046018012374 1300.1445372388098 32.090684 118.812034 50
486 1135.2721548451132 1309.6810759636733 32.09077 118.812047 50
487 1149.8914939752676 1421.6800063105898 32.09178 118.812202 50
488 -602.3775909427131 798.9947284377367 32.086165 118.79364 50
489 -619.6530914402997 808.0886069638875 32.086247 118.793457 50
490 -648.1623150717443 823.1711929734481 32.086383 118.793155 50
491 -725.7598416331422 864.205107111178 32.086753 118.792333 50
492 -747.0944597181154 873.7430460317375 32.086839 118.792107 50
493 -935.0412311512957 999.3950555713936 32.087972 118.790116 50
494 -955.3354417071253 1024.9012597716896 32.088202 118.789901 50
495 -961.1877625360573 1031.6659999906224 32.088263 118.789839 50
496 -968.4555427123958 1044.418849349217 32.088378 118.789762 50
497 -968.9268370962235 1051.959302437166 32.088446 118.789757 50
498 -968.5488269812244 1056.1730240739778 32.088484 118.789761 50
499 -967.6988481253611 1059.9431474599676 32.088518 118.78977 50
500 -966.8488488407603 1063.935047652799 32.088554 118.789779 50
501 -965.1492516975651 1067.7050906693196 32.088588 118.789797 50
502 -962.1280573052223 1071.1423439709238 32.088619 118.789829 50
503 -958.3517315697394 1073.6924202129348 32.088642 118.789869 50
504 -954.0089951578593 1076.2424447913497 32.088665 118.789915 50
505 -949.1943436018253 1077.7944319842663 32.088679 118.789966 50
506 -944.0021675011815 1078.4592795640817 32.088685 118.790021 50
507 -938.8100840981319 1078.1261345472776 32.088682 118.790076 50
508 -930.9748941931641 1076.1294248065333 32.088664 118.790159 50
509 -914.7385406710057 1067.1459963723805 32.088583 118.790331 50
510 -548.0994084433486 715.3818761516002 32.085411 118.794215 50
511 -532.2398739359595 704.2922046351468 32.085311 118.794383 50
512 -499.48235225410747 679.7842309510819 32.08509 118.79473 50
513 -465.1198519405199 653.5020773354183 32.084853 118.795094 50
514 -463.0429902081005 651.9495465739672 32.084839 118.795116 50
515 -437.365378957334 632.6538485272665 32.084665 118.795388 50
516 -429.5299115797712 626.7764356322515 32.084612 118.795471 50
517 -405.5514274588414 609.0333263128463 32.084452 118.795725 50
518 -337.0140531157228 557.911328942743 32.083991 118.796451 50
519 -265.26624670553826 502.6868463198986 32.083493 118.797211 50
520 -1157.7198002091507 1154.661640086421 32.089372 118.787757 50
521 -1164.7050193370383 1158.8761947399546 32.08941 118.787683 50
522 -1171.3124361699192 1164.7540363750065 32.089463 118.787613 50
523 -1179.5245376259716 1171.7409518309912 32.089526 118.787526 50
524 -1196.5150089355172 1186.6019763570494 32.08966 118.787346 50
525 -1240.2183957011043 1221.9805982802668 32.089979 118.786883 50
526 -1143.4700258061364 1111.6353425770415 32.088984 118.787908 50
527 -1131.5765124481886 1101.6540612185263 32.088894 118.788034 50
528 -1110.6211867671411 1084.353169696449 32.088738 118.788256 50
529 -1050.3034553608522 1034.336120896125 32.088287 118.788895 50
530 203.28398209115102 190.20234129021802 32.080675 118.802174 50
531 330.45751887156894 102.3822069069615 32.079883 118.803521 50
532 -33.779667974750964 382.59146038667086 32.08241 118.799663 50
533 -95.23925161326116 421.8462920952338 32.082764 118.799012 50
534 387.5460205639226 896.6769025016147 32.087046 118.804126 50
535 385.09311640838484 854.5392442283879 32.086666 118.8041 50
536 423.7316955494028 198.85840811884046 32.080753 118.804509 50
537 368.0324770038981 120.90182634603357 32.08005 118.803919 50
538 388.80140068050946 159.82436121728767 32.080401 118.804139 50
539 397.1089706601312 174.240150142132 32.080531 118.804227 50
540 383.9835758610931 236.3370526444745 32.081091 118.804088 50
541 382.09651393589763 206.06449567462465 32.080818 118.804068 50
542 378.88697679533016 195.08644161415597 32.080719 118.804034 50
543 375.7717326364218 187.1023741959978 32.080647 118.804001 50
544 373.6004738252169 182.22321258344047 32.080603 118.803978 50
545 370.2019619987533 175.01535416472933 32.080538 118.803942 50
546 365.10407194871004 167.36388302370693 32.080469 118.803888 50
547 359.43971068394296 159.7123945111806 32.0804 118.803828 50
548 353.3976366930551 153.83510758233157 32.080347 118.803764 50
549 341.9742127669508 145.96165430750585 32.080276 118.803643 50
550 333.28864062847504 139.4189617240722 32.080217 118.803551 50
551 368.595531591787 215.15683262794153 32.0809 118.803925 50
552 368.9759960028907 137.2024277318077 32.080197 118.803929 50
553 416.9218976305144 498.36728265584736 32.083454 118.804437 50
554 418.5225541575717 602.2696655325105 32.084391 118.804454 50
555 415.8729863136639 753.7429730996623 32.085757 118.804426 50
556 409.82779393568273 834.9129760246284 32.086489 118.804362 50
557 659.551608030255 458.90388131515635 32.083098 118.807007 50
558 598.0971911943436 372.518134313594 32.082319 118.806356 50
559 398.3308333673443 314.1811450460873 32.081793 118.80424 50
560 1500.2717400184415 974.069202445293 32.087743 118.815913 50
561 1146.0953681796639 762.2264793041525 32.085833 118.812161 50
562 1287.1279939799974 829.1089818960579 32.086436 118.813655 50
563 1417.5864402022612 889.5604433295564 32.086981 118.815037 50
564 773.3048193465668 567.0279491585671 32.084073 118.808212 50
565 820.1275637080937 604.7336286235663 32.084413 118.808708 50
566 877.900870037447 644.7691175565119 32.084774 118.80932 50
567 925.5732972767258 673.9369602179673 32.085037 118.809825 50
568 985.5181841087214 702.9953190678963 32.085299 118.81046 50
569 1397.5713987919935 899.9811804800426 32.087075 118.814825 50
570 1500.2756286336435 947.6777771636599 32.087505 118.815913 50
571 350.94691058649653 39.176616343729435 32.079313 118.803738 50
572 -114.49877983435212 398.44906822538974 32.082553 118.798808 50
573 1210.093053649539 837.1943853035092 32.086509 118.812839 50
574 1128.248976474862 796.932529334943 32.086146 118.811972 50
575 1468.2779038636386 913.0759520877559 32.087193 118.815574 50
576 1500.2784715542557 928.3832063582083 32.087331 118.815913 50
577 1471.4035261549375 841.7752064088356 32.08655 118.815607 50
578 1487.6449967812373 814.8317032388769 32.086307 118.815779 50
579 1500.2982735835242 793.9865552362351 32.086119 118.815913 50
580 -1272.8776421860323 1249.2631708014558 32.090225 118.786537 50
581 -1298.6461893823882 1271.11143690255 32.090422 118.786264 50
582 -1319.0346687670974 1286.4166553696746 32.09056 118.786048 50
583 -1339.0455597390905 1301.1674233524116 32.090693 118.785836 50
584 -1367.174051971257 1321.3528490291803 32.090875 118.785538 50
585 -1398.8896339370374 1341.427956662566 32.091056 118.785202 50
586 -1471.8549403452942 1380.2491825107497 32.091406 118.784429 50
587 585.0721461296365 314.30104840222754 32.081794 118.806218 50
588 690.8946502027641 464.11770766787197 32.083145 118.807339 50
589 425.33955446873705 129.77511521423907 32.08013 118.804526 50
590 -1499.7944137828792 1398.660734865207 32.091572 118.784133 50
591 -1499.7960310451422 1387.6827824276309 32.091473 118.784133 50
592 -1477.6142778362741 1373.4858235940424 32.091345 118.784368 50
593 -1452.223260420664 1356.627133500669 32.091193 118.784637 50
594 -1432.873471160571 1341.6544581483936 32.091058 118.784842 50
595 -1422.4906736164548 1333.3363724649912 32.090983 118.784952 50
596 -1414.939760234046 1325.6840209188426 32.090914 118.785032 50
597 -1382.7523718774116 1304.0563621176684 32.090719 118.785373 50
598 -1359.5319903392624 1288.9724140520552 32.090583 118.785619 50
599 -1337.1614918533967 1271.2273093995786 32.090423 118.785856 50
600 -1297.8007142572 1238.7319194784668 32.09013 118.786273 50
601 -1255.4190346294886 1204.7947613933611 32.089824 118.786722 50
602 -1201.2383463161966 1158.7695499113531 32.089409 118.787296 50
603 -1186.796287265896 1147.235465901348 32.089305 118.787449 50
604 -1174.7140165551623 1137.586776779241 32.089218 118.787577 50
605 246.0560287709949 17.328567619196065 32.079116 118.802627 50
606 226.89059583384537 9.011508093946961 32.079041 118.802424 50
607 219.99854216466628 8.013363158111108 32.079032 118.802351 50
608 210.557337714193 8.234939999351148 32.079034 118.802251 50
609 201.11612491645235 8.900078365177354 32.07904 118.802151 50
610 192.05252156279954 11.672108279892031 32.079065 118.802055 50
611 181.66713819604263 15.442116360345562 32.079099 118.801945 50
612 171.8482114341515 20.542802934578518 32.079145 118.801841 50
613 162.02926275476858 27.639486545590827 32.079209 118.801737 50
614 152.49352482614236 37.28661248059145 32.079296 118.801636 50
615 140.50304730556084 50.925688514446165 32.079419 118.801509 50
616 133.70528685477794 60.46198229293027 32.079505 118.801437 50
617 115.20063039908862 60.46175619057024 32.079505 118.801241 50
618 122.65934821039983 43.16328402922648 32.079349 118.80132 50
619 127.0969043893373 26.53010878624847 32.079199 118.801367 50
620 124.54799251713175 9.564183462431167 32.079046 118.80134 50
621 118.69465882752303 -8.399773572510739 32.078884 118.801278 50
622 110.19769242125048 -20.15401717499049 32.078778 118.801188 50
623 101.7006576862328 -27.029173242899468 32.078716 118.801098 50
624 90.65447110329792 -33.23901603990523 32.07866 118.800981 50
625 79.60825111876376 -36.89841852268472 32.078627 118.800864 50
626 65.35199495273194 -39.78161280828739 32.078601 118.800713 50
627 43.82597207511139 -42.997485557637916 32.078572 118.800485 50
628 1.340360746195068 -49.53998266049854 32.078513 118.800035 50
629 -17.825379598924314 -47.433091645506146 32.078532 118.799832 50
630 -35.197268513467854 -43.55195995740284 32.078567 118.799648 50
631 -85.1413796875427 -32.90639905454234 32.078663 118.799119 50
632 111.70711012180462 87.2966626017479 32.079747 118.801204 50
633 103.68209287350408 93.17365268950817 32.0798 118.801119 50
634 95.56268205457769 98.16354260082264 32.079845 118.801033 50
635 87.63211478106524 101.60100572753302 32.079876 118.800949 50
636 77.81333256762123 104.81668402720013 32.079905 118.800845 50
637 67.90015287630729 106.92348908656668 32.079924 118.80074 50
638 57.13728207826974 108.25408153304657 32.079936 118.800626 50
639 47.88499830616843 108.03225741434082 32.079934 118.800528 50
640 37.02773152426949 106.25800081327652 32.079918 118.800413 50
641 27.86986356914271 103.4857664190854 32.079893 118.800316 50
642 16.16289356043516 98.38488354278145 32.079847 118.800192 50
643 5.022380113965134 91.17713849500993 32.079782 118.800074 50
644 -4.229923574812908 83.08229910299151 32.079709 118.799976 50
645 -13.859893065516697 70.88460518199322 32.079599 118.799874 50
646 -20.563127998970483 58.79780244864042 32.07949 118.799803 50
647 -24.1507934071625 47.26543746837626 32.079386 118.799765 50
648 -139.33385559784466 -16.161685463506846 32.078814 118.798545 50
649 237.46473864571172 9.011749129837828 32.079041 118.802536 50
650 228.4957439350424 2.5800287784644773 32.078983 118.802441 50
651 191.7698076093338 -16.04994500167961 32.078815 118.802052 50
652 169.01660937842027 -24.921403090672243 32.078735 118.801811 50
653 160.33072628847748 -28.02641278056977 32.078707 118.801719 50
654 139.93776448755645 -35.456221910047844 32.07864 118.801503 50
655 113.69118243856855 -41.33362255268996 32.078587 118.801225 50
656 110.57557860950608 -41.99898596624105 32.078581 118.801192 50
657 91.3154671245351 -45.43671058848585 32.07855 118.800988 50
658 65.25763650412333 -48.209115488330745 32.078525 118.800712 50
659 37.68918973777258 -50.648794861893364 32.078503 118.80042 50
660 -1499.9805165665846 135.19931769956247 32.080178 118.784133 50
661 -1499.9824762589935 121.89273235380045 32.080058 118.784133 50
662 -752.808522368602 1476.6435684075318 32.092276 118.792046 50
663 -771.687711328237 1483.0765100158942 32.092334 118.791846 50
664 -810.484477344603 1494.9445851566682 32.092441 118.791435 50
665 361.33247795371784 31.303917436153853 32.079242 118.803848 50
666 374.07827224048873 25.75996773327249 32.079192 118.803983 50
667 387.6736607526685 23.54271219468554 32.079172 118.804127 50
668 398.4365904869636 24.097568512383475 32.079177 118.804241 50
669 411.4652913191458 27.424732390268588 32.079207 118.804379 50
670 429.8750577363242 40.177635451256826 32.079322 118.804574 50
671 437.9941969333422 46.38772050072721 32.079378 118.80466 50
672 444.6969926839963 56.257060770724294 32.079467 118.804731 50
673 449.0392640652159 71.22715859179768 32.079602 118.804777 50
674 450.2655829841004 94.51373585053099 32.079812 118.80479 50
675 975.0417929546393 -1297.2060509645517 32.067261 118.810347 50
676 951.1598872132096 -1376.382325806433 32.066547 118.810094 50
677 939.453539342382 -1401.665869379141 32.066319 118.80997 50
678 408.0316099013541 897.3430326190512 32.087052 118.804343 50
679 407.4573862383148 1092.2847255781348 32.08881 118.804337 50
680 406.5994033185606 1301.7528400577867 32.090699 118.804328 50
681 405.6550939902785 1309.514990137474 32.090769 118.804318 50
682 -128.55928797535492 900.6623204358223 32.087082 118.798659 50
683 -95.80142019987713 876.8209683410947 32.086867 118.799006 50
684 -71.25649780350889 862.0726193440423 32.086734 118.799266 50
685 -50.39324191957212 852.7578753062605 32.08665 118.799487 50
686 -23.110460096343274 842.7778275932448 32.08656 118.799776 50
687 12.102343083586561 830.9127579545168 32.086453 118.800149 50
688 26.829431562775113 828.3623546887397 32.08643 118.800305 50
689 41.462119391644876 826.6990789179665 32.086415 118.80046 50
690 131.9959421754263 827.1434031563396 32.086419 118.801419 50
691 283.51488584362346 831.6929151675847 32.08646 118.803024 50
692 383.86662744312406 834.2466345087831 32.086483 118.804087 50
693 -378.33802909617174 1264.2714742079045 32.090361 118.796013 50
694 -393.2528564136327 1275.3608782732545 32.090461 118.795855 50
695 -485.00743169661575 1327.1497153389607 32.090928 118.794883 50
696 -658.6970012520743 1419.9730647068916 32.091765 118.793043 50
697 -695.4166691180012 1442.0423006253818 32.091964 118.792654 50
698 -745.1625942893553 1471.9856923460884 32.092234 118.792127 50
699 -1049.7094987677433 1301.4661560616657 32.090696 118.788901 50
700 -1043.9500636751002 1311.5564081698421 32.090787 118.788962 50
701 -1003.5396868772691 1384.738692160899 32.091447 118.78939 50
702 -988.5273014973093 1414.6770949368986 32.091717 118.789549 50
703 -963.8843442996357 1465.6834047771167 32.092177 118.78981 50
704 -757.2458402167339 1468.6599309824446 32.092204 118.791999 50
705 -748.2782476691816 1465.1108386550452 32.092172 118.792094 50
706 -698.7210651563944 1435.6109986162826 32.091906 118.792619 50
707 -662.3789843392645 1413.4308871210133 32.091706 118.793004 50
708 -488.59493690001534 1320.6074712733093 32.090869 118.794845 50
709 -399.766765342206 1267.931609688308 32.090394 118.795786 50
710 -384.6630789280649 1258.283738116229 32.090307 118.795946 50
711 -1499.980059303904 138.30418764894378 32.080206 118.784133 50
712 1017.0544497162633 -1236.4353243648798 32.067809 118.810792 50
713 1046.6053702466413 -1200.948171724113 32.068129 118.811105 50
714 1089.5631961297547 -1156.6993537465717 32.068528 118.81156 50
715 1173.9678710216426 -1075.9635014468427 32.069256 118.812454 50
716 1346.3603961820547 -908.5012423631639 32.070766 118.81428 50
717 1437.2752214122472 -822.6614653847845 32.07154 118.815243 50
718 1500.527467465804 -761.8856833733071 32.072088 118.815913 50
719 1015.0777634351634 -1298.754572008549 32.067247 118.810771 50
720 1055.2121775966334 -1339.0028311585293 32.066884 118.811196 50
721 1141.0536534954676 -1424.9317557296088 32.066109 118.812105 50
722 -655.0505507327144 874.2911517387099 32.086844 118.793082 50
723 -698.0025924412865 900.0200977852331 32.087076 118.792627 50
724 -1031.9812813805352 1114.1738677047076 32.089007 118.789089 50
725 -1017.6328038797252 1108.2953404591065 32.088954 118.789241 50
726 -734.0254669481741 1445.8152163973991 32.091998 118.792245 50
727 -708.5389069554375 1430.2890329698046 32.091858 118.792515 50
728 -702.3086771360729 1428.9579404326644 32.091846 118.792581 50
729 -723.962498353096 915.7680535651376 32.087218 118.792352 50
730 -767.8661851494013 835.9316715656912 32.086498 118.791887 50
731 -601.5252763046152 844.2371131359735 32.086573 118.793649 50
732 -604.8353330497563 744.7704887916505 32.085676 118.793614 50
733 -746.7191695319628 842.0289569851248 32.086553 118.792111 50
734 -736.2408331279833 834.5986764219795 32.086486 118.792222 50
735 -720.5703098099315 826.170043147594 32.08641 118.792388 50
736 -668.7441947264856 797.1137685285928 32.086148 118.792937 50
737 -585.8596645122102 748.7613587223746 32.085712 118.793815 50
738 -560.2767219389606 733.3464443395835 32.085573 118.794086 50
739 -540.2635332758701 719.5952130646328 32.085449 118.794298 50
740 -511.2821661214252 697.859609450325 32.085253 118.794605 50
741 -478.2413818456194 672.7972486020556 32.085027 118.794955 50
742 -425.4701828384241 632.9860095395512 32.084668 118.795514 50
743 -324.26917090144224 556.3584792796136 32.083977 118.796586 50
744 -296.2309266419402 535.3997406411083 32.083788 118.796883 50
745 -638.2487227208279 841.1344752041628 32.086545 118.79326 50
746 284.08073660207106 852.3181592524104 32.086646 118.80303 50
747 135.67743324643305 848.2122330142162 32.086609 118.801458 50
748 41.17883710354289 843.775879539155 32.086569 118.800457 50
749 29.09508568868108 846.3262693198233 32.086592 118.800329 50
750 13.518384198692019 849.3202215116785 32.086619 118.800164 50
751 -13.386803357284236 856.4170741978943 32.086683 118.799879 50
752 -34.91091963295847 864.0684198022225 32.086752 118.799651 50
753 -54.358114552568225 871.9415763392774 32.086823 118.799445 50
754 -77.2037876171633 884.1394401797122 32.086933 118.799203 50
755 -100.33258664326092 899.4422315830359 32.087071 118.798958 50
756 -117.13628179346028 914.1905594515355 32.087204 118.79878 50
757 -155.08593036021043 953.4455384692191 32.087558 118.798378 50
758 -172.83339770130095 973.5166142930741 32.087739 118.79819 50
759 -209.0831047840052 1025.3021528316256 32.088206 118.797806 50
760 -230.88910472152136 1069.1035245301312 32.088601 118.797575 50
761 -255.90443457417572 1118.560332448425 32.089047 118.79731 50
762 -299.7046966428584 1190.8607463088156 32.089699 118.796846 50
763 -357.47615865575335 1246.9721319671316 32.090205 118.796234 50
764 382.074276441782 798.7623046004746 32.086163 118.804068 50
765 378.3996146881648 607.1471804605728 32.084435 118.804029 50
766 376.98666243539094 522.206704799299 32.083669 118.804014 50
767 372.8400068615889 323.8274571286029 32.08188 118.80397 50
768 371.7093805932226 261.2864493827095 32.081316 118.803958 50
769 -648.0666685185075 842.6875317436679 32.086559 118.793156 50
770 -723.8704202901897 883.0559886513336 32.086923 118.792353 50
771 -604.3576801155394 839.5799711907171 32.086531 118.793619 50
772 -689.3248134881889 791.2380598699112 32.086095 118.792719 50
773 -339.6361818754259 1195.4084232258701 32.08974 118.796423 50
774 -316.03664326861514 1172.564657808031 32.089534 118.796673 50
775 -301.5938932386555 1151.162763692106 32.089341 118.796826 50
776 -286.3960194071589 1124.4382277460272 32.0891 118.796987 50
777 -275.9179712932182 1104.6998092211047 32.088922 118.797098 50
778 -257.32168480801784 1070.102153313877 32.08861 118.797295 50
779 -237.9700443649104 1035.8371804251142 32.088301 118.7975 50
780 -225.88700050467915 1014.5463415334943 32.088109 118.797628 50
781 -220.8838972706049 1003.5682851200806 32.08801 118.797681 50
782 -218.618561747966 988.1547558423167 32.087871 118.797705 50
783 -217.76911815162657 979.616334975691 32.087794 118.797714 50
784 -219.6574674363939 966.198885828116 32.087673 118.797694 50
785 -224.94431630053623 953.7795068509156 32.087561 118.797638 50
786 -232.3079934880821 943.9106098122304 32.087472 118.79756 50
787 -240.2381002006516 934.2635082567458 32.087385 118.797476 50
788 -262.8956835053017 904.6568821140361 32.087118 118.797236 50
789 -353.5276267770844 777.8033819847348 32.085974 118.796276 50
790 -393.84073322397035 720.1429399835343 32.085454 118.795849 50
791 -404.79239403188797 704.1754535779872 32.08531 118.795733 50
792 -409.60734445387925 697.5223479453964 32.08525 118.795682 50
793 -414.9886854690652 692.089039022674 32.085201 118.795625 50
794 -421.8804592280303 688.2082316413148 32.085166 118.795552 50
795 -430.377070022195 685.8799328304221 32.085145 118.795462 50
796 -437.5519329235668 685.214908743804 32.085139 118.795386 50
797 -443.78268150042913 685.8805081281953 32.085145 118.79532 50
798 -451.4294509844921 687.9877218940246 32.085164 118.795239 50
799 -477.2014158711981 704.843918660114 32.085316 118.794966 50
800 -512.6021029819024 732.4568268328405 32.085565 118.794591 50
801 -541.111337535127 754.3032984850034 32.085762 118.794289 50
802 -571.5086095329058 775.0410732455256 32.085949 118.793967 50
803 -319.15029789449795 1223.1298559768134 32.08999 118.79664 50
804 -342.8440792062391 1246.9716288819554 32.090205 118.796389 50
805 -361.53476247649616 1264.3817522310264 32.090362 118.796191 50
806 -381.26388771624624 1279.0197393221129 32.090494 118.795982 50
807 -403.06975357990393 1293.7687353077406 32.090627 118.795751 50
808 -396.2988596749623 627.9948595858716 32.084623 118.795823 50
809 -407.9102378212571 642.7434608559706 32.084756 118.7957 50
810 -411.0252860166985 651.5037613120815 32.084835 118.795667 50
811 -411.7801710779588 660.4857437259243 32.084916 118.795659 50
812 -411.59100062026266 669.3567998163803 32.084996 118.795661 50
813 -408.0030844786694 681.6652565706129 32.085107 118.795699 50
814 -403.5656097496525 691.8668033856841 32.085199 118.795746 50
815 -388.45980325943594 715.4854245194958 32.085412 118.795906 50
816 -357.3043621213109 762.3900382598054 32.085835 118.796236 50
817 -232.78034473001892 929.2733598507834 32.08734 118.797555 50
818 -210.2173138110694 958.5473909336108 32.087604 118.797794 50
819 -204.8361514668443 967.5292370758873 32.087685 118.797851 50
820 -200.30459307687948 978.1744280268317 32.087781 118.797899 50
821 -198.0387893974999 984.938572820648 32.087842 118.797923 50
822 -195.01768710849225 995.8055725626052 32.08794 118.797955 50
823 -194.2622866639358 1005.1201794340502 32.088024 118.797963 50
824 -193.97891995583194 1013.4368003034383 32.088099 118.797966 50
825 -195.48923719087713 1019.9792419164634 32.088158 118.79795 50
826 -198.50995880134082 1028.295926790099 32.088233 118.797918 50
827 -203.4186737838026 1039.163082349106 32.088331 118.797866 50
828 -223.99756882130936 1077.1982209206822 32.088674 118.797648 50
829 -247.2194267158768 1120.6669969036177 32.089066 118.797402 50
830 -271.9514919856538 1164.6903105675 32.089463 118.79714 50
831 -283.46798450066416 1181.3238809550378 32.089613 118.797018 50
832 -293.66289620665486 1195.517882213103 32.089741 118.79691 50
833 -434.69490673403016 1267.37859867681 32.090389 118.795416 50
834 -418.8361086032323 1256.2890951757593 32.090289 118.795584 50
835 -370.31558022064894 1220.8029318420097 32.089969 118.796098 50
836 -346.90482768307555 1202.1728593822622 32.089801 118.796346 50
837 -254.01799677509683 1054.5777001847714 32.08847 118.79733 50
838 -244.76697157564448 1037.9442202469006 32.08832 118.797428 50
839 -231.64557332375793 1014.1029174782838 32.088105 118.797567 50
840 -208.80097721577792 972.6301814219694 32.087731 118.797809 50
841 -198.13376415062618 955.5531634509084 32.087577 118.797922 50
842 -193.60254900268907 948.2344457772161 32.087511 118.79797 50
843 -182.08560236176388 934.0405258800156 32.087383 118.798092 50
844 -172.2677992550061 925.0583997147454 32.087302 118.798196 50
845 -155.27533037090672 914.5237345163633 32.087207 118.798376 50
846 409.4494007497787 854.2075293088487 32.086663 118.804358 50
847 481.3861944207591 836.6903200634599 32.086505 118.80512 50
848 608.6433122432406 835.0338051284006 32.08649 118.806468 50
849 645.3666885953801 833.5945177419687 32.086477 118.806857 50
850 706.7297667270419 829.939276290609 32.086444 118.807507 50
851 747.3237797638928 828.1679608985995 32.086428 118.807937 50
852 794.431538266721 828.6150797598692 32.086432 118.808436 50
853 845.0320064428527 832.0566904219027 32.086463 118.808972 50
854 887.7966975606598 837.6047445946023 32.086513 118.809425 50
855 929.5225510689245 846.9230865730077 32.086597 118.809867 50
856 974.3632295666712 860.7883185650613 32.086722 118.810342 50
857 1034.8742690807865 880.3106333336007 32.086898 118.810983 50
858 1080.2809738136048 895.1743848618185 32.087032 118.811464 50
859 1129.5570616751766 919.3533878068198 32.08725 118.811986 50
860 1177.1328479716572 950.5183988496387 32.087531 118.81249 50
861 1208.5665010690288 972.6997491772589 32.087731 118.812823 50
862 1350.4408041739714 1074.4021931721709 32.088648 118.814326 50
863 1500.2406628442195 1184.9788630356907 32.089645 118.815913 50
864 227.64509371703832 44.717524176718825 32.079363 118.802432 50
865 219.43132721340396 42.49957992905581 32.079343 118.802345 50
866 209.0460834899635 40.50337391243917 32.079325 118.802235 50
867 198.28315213364752 40.39227050338705 32.079324 118.802121 50
868 166.65704928501918 -70.60737403016654 32.078323 118.801786 50
869 173.73797357788587 -68.833044812249 32.078339 118.801861 50
870 191.77071577561298 -64.2863058146134 32.07838 118.802052 50
871 204.79957934852428 -60.07230125038599 32.078418 118.80219 50
872 216.4122338559951 -55.414757449924195 32.07846 118.802313 50
873 228.68573567143133 -49.42652735074128 32.078514 118.802443 50
874 240.8647922232286 -42.662067348757084 32.078575 118.802572 50
875 249.26736350844493 -37.00656770153035 32.078626 118.802661 50
876 254.6487658694652 -32.79268348947809 32.078664 118.802718 50
877 270.604106985839 -19.596577718103177 32.078783 118.802887 50
878 278.817775828901 -12.388623862188844 32.078848 118.802974 50
879 286.9370053050033 -4.62622501196935 32.078918 118.80306 50
880 303.3640925434721 16.221231306443563 32.079106 118.803234 50
881 322.6232677131338 43.278543170644 32.07935 118.803438 50
882 332.34719590357315 57.80521004021088 32.079481 118.803541 50
883 -1202.4806263501791 231.74349158705218 32.081049 118.787284 50
884 -1158.5788641389465 241.829232094073 32.08114 118.787749 50
885 -1108.4467496635584 246.37007041958134 32.081181 118.78828 50
886 -1055.4833987547977 241.1526973551925 32.081134 118.788841 50
887 -979.7683100354914 224.5118981613517 32.080984 118.789643 50
888 -529.2502157078127 101.61437905277239 32.079876 118.794415 50
889 -191.44933794522123 -12.723305333872798 32.078845 118.797993 50
890 519.8607779009329 -182.5925249158991 32.077313 118.805527 50
891 487.37899394877326 -110.51682103307053 32.077963 118.805183 50
892 436.10762108259735 7.687658964429662 32.079029 118.80464 50
893 425.15444494683743 40.842766505263555 32.079328 118.804524 50
894 412.97348401001915 86.52820468771728 32.07974 118.804395 50
895 407.40201702280467 116.57868475477254 32.080011 118.804336 50
896 578.8780330620366 -334.8387736017063 32.07594 118.806152 50
897 949.2580549531071 -1233.2261157292933 32.067838 118.810074 50
898 945.2028946691738 -1287.6724965149017 32.067347 118.810031 50
899 940.7729207083071 -1373.8328669763773 32.06657 118.809984 50
900 1500.236398181678 1213.9207298284282 32.089906 118.815913 50
901 1406.6000257141745 1147.041675024996 32.089303 118.814921 50
902 1341.5641712483975 1095.9133624350438 32.088842 118.814232 50
903 1203.1837973466065 987.3363735880471 32.087863 118.812766 50
904 1192.2339417381127 979.7946782822529 32.087795 118.81265 50
905 1135.5022346276971 939.5357265225542 32.087432 118.812049 50
906 1076.5030760985655 911.6963466705402 32.087181 118.811424 50
907 1040.914453026056 896.6118336855216 32.087045 118.811047 50
908 941.6043943108145 867.4385369165284 32.086782 118.809995 50
909 871.6524314178621 850.7990607746115 32.086632 118.809254 50
910 815.4823498002416 845.6935453988619 32.086586 118.808659 50
911 742.0359296022036 844.6899344905028 32.086577 118.807881 50
912 691.6238384454439 848.0130360902484 32.086607 118.807347 50
913 640.2675222132104 854.7738659405316 32.086668 118.806803 50
914 600.0514267868828 853.5516455375398 32.086657 118.806377 50
915 539.3494637963838 855.2115749491998 32.086672 118.805734 50
916 487.42715236805157 855.8742876152616 32.086678 118.805184 50
917 432.9560209724904 854.5411664383583 32.086666 118.804607 50
918 387.62498128565954 1302.306542170011 32.090704 118.804127 50
919 578.4074303180187 1301.4284833977404 32.090696 118.806148 50
920 387.8134982783098 1309.7360718977106 32.090771 118.804129 50
921 345.4680826618986 126.11278196472384 32.080097 118.80368 50
922 327.24791831814287 90.62795329067343 32.079777 118.803487 50
923 329.7977397141412 68.4503945800611 32.079577 118.803514 50
924 339.42816834820104 54.58968571885498 32.079452 118.803616 50
925 414.9541871120857 133.98843891623963 32.080168 118.804416 50
926 395.5997040671908 140.75184985140353 32.080229 118.804211 50
927 434.78090653349204 123.56577397403697 32.080074 118.804626 50
928 402.19639325647665 446.24920523013066 32.082984 118.804281 50
929 404.26937083907137 546.9358367979542 32.083892 118.804303 50
930 406.72034784139083 637.1989986291214 32.084706 118.804329 50
931 407.3765241805812 753.8535180188717 32.085758 118.804336 50
932 395.85911680444394 753.520398920748 32.085755 118.804214 50
933 393.97558836458484 635.313396690827 32.084689 118.804194 50
934 389.64012925829354 446.4704936634363 32.082986 118.804148 50
935 388.8853485048436 433.8292030037054 32.082872 118.80414 50
936 401.9137514869575 431.5010553162382 32.082851 118.804278 50
937 403.5979122731577 814.6201643822407 32.086306 118.804296 50
938 399.70689256280093 1335.1299750741114 32.091 118.804255 50
939 380.9573577348846 372.72947447638455 32.082321 118.804056 50
940 378.8824968056794 315.51106191811596 32.081805 118.804034 50
941 405.88383578098444 307.41726052126376 32.081732 118.80432 50
942 404.0868531028867 388.25472115826375 32.082461 118.804301 50
943 356.1362472587098 133.76443607039016 32.080166 118.803793 50
944 -361.3468827135671 1238.4338628076662 32.090128 118.796193 50
945 -309.7113140690366 1187.3126175969671 32.089667 118.79674 50
946 -297.43973595393777 1168.128562685884 32.089494 118.79687 50
947 -268.2713265027584 1108.3589209864513 32.088955 118.797179 50
948 -232.11683588716159 1047.0367692249642 32.088402 118.797562 50
949 -228.7185101151225 1039.9398375808812 32.088338 118.797598 50
950 -223.90420553497776 1029.9597787174066 32.088248 118.797649 50
951 -212.85954132154382 1009.3343084409105 32.088062 118.797766 50
952 -187.08844337634747 963.4260268815776 32.087648 118.798039 50
953 -184.917241601991 959.54489522824 32.087613 118.798062 50
954 -165.18736245398676 935.8144512014625 32.087399 118.798271 50
955 -149.32782257135236 920.0680623763438 32.087257 118.798439 50
956 -1094.0828878316872 1251.3492730772728 32.090244 118.788431 50
957 -1123.2585912006498 1197.3498060368825 32.089757 118.788122 50
958 -1140.2531132071097 1176.3937910561226 32.089568 118.787942 50
959 -1144.7850050354552 1170.7389922625532 32.089517 118.787894 50
960 -1128.2660207000342 1159.6483113143768 32.089417 118.788069 50
961 -1096.3519022976416 1219.7463270882502 32.089959 118.788407 50
962 -1082.3779839418153 1244.251165540863 32.09018 118.788555 50
963 -1082.0947351898676 1244.6946889922253 32.090184 118.788558 50
964 -1062.924723955234 1308.8970493339218 32.090763 118.788761 50
965 225.0962019453409 34.626641469715814 32.079272 118.802405 50
966 216.7879795741147 34.07202026123334 32.079267 118.802317 50
967 206.78034007428295 33.73914758291324 32.079264 118.802211 50
968 192.99618526451314 35.73486462924808 32.079282 118.802065 50
969 239.72967637758876 49.37510581797274 32.079405 118.80256 50
970 7.949243191551982 -56.19327067412618 32.078453 118.800105 50
971 -15.842727181083388 -54.08638597049522 32.078472 118.799853 50
972 -35.480530279244334 -50.53791461029836 32.078504 118.799645 50
973 -55.21271296764836 -43.440982940302405 32.078568 118.799436 50
