0 0 0 18.9272462042945 72.8247255855829 50
1 808.1587231249127 820.5491444420667 18.934659 72.832398 50
2 833.0143007617933 887.9612382270801 18.935268 72.832634 50
3 850.0760660539727 934.452355600964 18.935688 72.832796 50
4 883.8833344224723 1027.6560110493235 18.93653 72.833117 50
5 911.4766859570617 1101.0456844050245 18.937193 72.833379 50
6 934.7517479511885 1164.4729669642252 18.937766 72.8336 50
7 975.8249943393114 1276.4947034563368 18.938778 72.83399 50
8 1500.2002213945232 777.8652368535883 18.934273 72.838968 50
9 1496.5149282485622 760.8184822590388 18.934119 72.838933 50
10 880.0565896363722 -463.46576029712026 18.923059 72.83308 50
11 897.0168752963966 -473.7592274966834 18.922966 72.833241 50
12 785.1232464305458 51.46536115088233 18.927711 72.832179 50
13 810.0890615316333 31.874087761277195 18.927534 72.832416 50
14 885.1975662862186 -28.338504743360552 18.92699 72.833129 50
15 913.8506124530556 -51.803653508593584 18.926778 72.833401 50
16 1043.2369264052757 1268.6392762968885 18.938707 72.83463 50
17 1053.5592714342552 1269.4146973086847 18.938714 72.834728 50
18 1078.9450832219975 1249.3810203680239 18.938533 72.834969 50
19 1091.585243566104 1241.0799076062322 18.938458 72.835089 50
20 1106.6475536212163 1240.6380320762275 18.938454 72.835232 50
21 1156.5737552248308 1249.16430139618 18.938531 72.835706 50
22 1176.059707915724 1252.4862629542552 18.938561 72.835891 50
23 1183.1167800025842 1253.7043150604386 18.938572 72.835958 50
24 1203.4453605322497 1257.1370502525895 18.938603 72.836151 50
25 1221.772675019715 1260.2376021344994 18.938631 72.836325 50
26 1290.1332363370216 1245.2988865468494 18.938496 72.836974 50
27 1385.8803387742882 1224.3851101854657 18.938307 72.837883 50
28 1500.2016588381837 760.043940170971 18.934112 72.838968 50
29 1491.4588375311544 761.9249891106173 18.934129 72.838885 50
30 1356.419336515881 791.0264623488837 18.934392 72.837603 50
31 1303.2252620522686 802.5345542833525 18.934496 72.837098 50
32 1048.2169453058516 745.5124284303423 18.933981 72.834677 50
33 1078.4480918072682 737.8764577263255 18.933912 72.834964 50
34 1117.9484224381058 733.4511379626745 18.933872 72.835339 50
35 1169.5608360551712 749.6152377933855 18.934018 72.835829 50
36 1222.0154193934447 771.9782482665875 18.93422 72.836327 50
37 1292.4814588393883 799.9879052307845 18.934473 72.836996 50
38 1152.8259706699068 537.4190267695843 18.932101 72.83567 50
39 1151.7739744564324 515.612783664849 18.931904 72.83566 50
40 1144.9286318961767 492.58857987507497 18.931696 72.835595 50
41 1135.8707975232578 476.75917535865943 18.931553 72.835509 50
42 1118.4913038685086 463.8072459328414 18.931436 72.835344 50
43 1097.8460441861155 456.8324674717427 18.931373 72.835148 50
44 1076.1470334374485 456.4991260384419 18.93137 72.834942 50
45 1058.766464926932 461.36854396265454 18.931414 72.834777 50
46 1043.1763715809107 470.3336547828294 18.931495 72.834629 50
47 1030.4301289642437 483.0624386496089 18.93161 72.834508 50
48 1021.3704725179819 498.55871479624807 18.93175 72.834422 50
49 1016.6294600590035 515.8262911685918 18.931906 72.834377 50
50 1016.4178107069796 533.7582634692152 18.932068 72.834375 50
51 1017.8920477422536 541.9494972876033 18.932142 72.834389 50
52 1022.2100978474023 554.1257727156195 18.932252 72.83443 50
53 1028.6348869290898 565.3059442738952 18.932353 72.834491 50
54 1038.9570108890525 577.0397917075741 18.932459 72.834589 50
55 1051.7019620705983 586.117191430712 18.932541 72.83471 50
56 1066.0270931319553 592.095334990265 18.932595 72.834846 50
57 1081.4057445732387 594.8635041006755 18.93262 72.834992 50
58 1097.1006032457828 594.0895840607978 18.932613 72.835141 50
59 1117.746535625678 587.3386457011161 18.932552 72.835337 50
60 1135.3381503281644 574.6102154100456 18.932437 72.835504 50
61 1140.8159955205551 567.1942358275915 18.93237 72.835556 50
62 1148.190030308617 557.1217845390843 18.932279 72.835626 50
63 888.9159494683989 -689.0538820787227 18.921021 72.833164 50
64 797.7938374404891 -650.7588812441523 18.921367 72.832299 50
65 739.0122950489625 -624.0847455942901 18.921608 72.831741 50
66 710.4643478279286 -611.5777592315997 18.921721 72.83147 50
67 680.1256164073011 -598.4066476347908 18.92184 72.831182 50
68 672.6462563101886 -594.4220385618765 18.921876 72.831111 50
69 546.6562384824306 -522.1448509891152 18.922529 72.829915 50
70 524.7450388983877 -509.85876457092786 18.92264 72.829707 50
71 519.8992984366889 -507.20231306528706 18.922664 72.829661 50
72 490.93021349244924 -490.8208100077901 18.922812 72.829386 50
73 367.6669596038463 263.8688786804259 18.92963 72.828216 50
74 323.2149120608592 273.9409554200572 18.929721 72.827794 50
75 276.6561186713539 288.88352125860087 18.929856 72.827352 50
76 212.71680767266167 317.6624014298165 18.930116 72.826745 50
77 178.7985054457041 332.9374352845893 18.930254 72.826423 50
78 148.67235874877542 346.44150127891476 18.930376 72.826137 50
79 129.60653265238133 355.07527540309565 18.930454 72.825956 50
80 65.77302658082652 379.7590871116117 18.930677 72.82535 50
81 -2.273725685931872 406.2141783698563 18.930916 72.824704 50
82 -6.908481969997425 407.98523944438097 18.930932 72.82466 50
83 -72.00564603314838 433.22298184842117 18.93116 72.824042 50
84 -133.3105781803149 457.3540125504626 18.931378 72.82346 50
85 -157.11623028059952 466.76295472821994 18.931463 72.823234 50
86 -184.81924408738507 477.05749577949683 18.931556 72.822971 50
87 -198.72338627414678 484.1418793150335 18.93162 72.822839 50
88 774.2894865351763 -332.8548942993644 18.924239 72.832076 50
89 813.8992265003585 -380.0076396149402 18.923813 72.832452 50
90 830.3330853012635 -398.935101901396 18.923642 72.832608 50
91 853.825304205741 -429.70618051046006 18.923364 72.832831 50
92 926.612607541642 -375.13195688944785 18.923857 72.833522 50
93 921.7671847384305 -379.3384616923165 18.923819 72.833476 50
94 48.91968592596907 248.5899207134326 18.929492 72.82519 50
95 64.5094296661794 255.89558936036963 18.929558 72.825338 50
96 78.41379884135267 259.2163796557471 18.929588 72.82547 50
97 89.68477943331654 258.10951827053975 18.929578 72.825577 50
98 197.76046022061186 190.8100875282405 18.92897 72.826603 50
99 268.44186651213494 153.06526678684676 18.928629 72.827274 50
100 290.5627279980667 144.76375771815043 18.928554 72.827484 50
101 318.055727408666 140.22586744802646 18.928513 72.827745 50
102 365.45735223192554 139.00913471023867 18.928502 72.828195 50
103 704.8783661571879 -534.9797027400407 18.922413 72.831417 50
104 735.6383836112144 -548.3721404337211 18.922292 72.831709 50
105 763.6595374299744 -560.6577282955247 18.922181 72.831975 50
106 825.4958188237822 -587.6637258917337 18.921937 72.832562 50
107 694.1998565570929 512.9334948602816 18.93188 72.831316 50
108 711.580455187928 503.5253946422141 18.931795 72.831481 50
109 736.3348464536118 485.70506574595913 18.931634 72.831716 50
110 -247.28465959160266 343.89665205031747 18.930353 72.822378 50
111 -204.8346046563012 321.425815024313 18.93015 72.822781 50
112 -169.968601192819 303.05071874325694 18.929984 72.823112 50
113 -102.44844917227132 265.96866151888594 18.929649 72.823753 50
114 -89.5975872489463 234.42159493570568 18.929364 72.823875 50
115 405.6856962793915 613.6540160073031 18.93279 72.828577 50
116 372.1909700236912 536.0587400621588 18.932089 72.828259 50
117 881.5249573113847 -328.4224762694505 18.924279 72.833094 50
118 868.968869432982 114.45238716639082 18.92828 72.832975 50
119 857.4859540558699 140.02152531387 18.928511 72.832866 50
120 842.421625852061 165.47981746372795 18.928741 72.832723 50
121 825.0398648660623 192.48769665339137 18.928985 72.832558 50
122 806.39376198595 227.68668868776845 18.929303 72.832381 50
123 803.6547670777074 233.44251398660114 18.929355 72.832355 50
124 793.2253628310284 259.34381395229343 18.929589 72.832256 50
125 773.7356032728234 320.8873190210443 18.930145 72.832071 50
126 767.3088507140393 351.5485258800669 18.930422 72.83201 50
127 758.6700417946051 382.9844842388655 18.930706 72.831928 50
128 873.4993493570645 93.42126874728118 18.92809 72.833018 50
129 877.3981864743544 64.53104618064708 18.927829 72.833055 50
130 877.3997524063318 31.32368402700059 18.927529 72.833055 50
131 889.0930777894998 13.281572740013868 18.927366 72.833166 50
132 892.8858691179807 -0.0011899994631860977 18.927246 72.833202 50
133 839.2324537689935 809.8134650562031 18.934562 72.832693 50
134 786.0384623783764 828.1858957963674 18.934728 72.832188 50
135 755.9128075028559 838.4789375346431 18.934821 72.831902 50
136 722.3111364912719 850.4322622712996 18.934929 72.831583 50
137 702.5083062916043 857.0729816174913 18.934989 72.831395 50
138 657.1093045820027 872.6787953509273 18.93513 72.830964 50
139 652.0533018765124 873.5641478340505 18.935138 72.830916 50
140 -317.4433791784801 43.92450249681249 18.927643 72.821712 50
141 -199.67575489576433 78.458523114281 18.927955 72.82283 50
142 -177.1326474719736 176.9734769806428 18.928845 72.823044 50
143 -172.28708932859666 184.61112577013208 18.928914 72.82309 50
144 -154.3796934073374 204.75677117079556 18.929096 72.82326 50
145 -126.67606505988668 222.68854039999877 18.929258 72.823523 50
146 -68.3196535548017 231.5435327351196 18.929338 72.824077 50
147 -33.98001037755522 223.46297879407223 18.929265 72.824403 50
148 0.5703357431574645 209.40516215210954 18.929138 72.824731 50
149 531.4765708568372 -150.44435589385074 18.925887 72.829771 50
150 508.7255259587074 -226.4898337702275 18.9252 72.829555 50
151 490.4028490890813 -465.69393277188544 18.923039 72.829381 50
152 331.55218298884813 -608.156943627023 18.921752 72.827873 50
153 336.6079705499741 -575.7243494249192 18.922045 72.827921 50
154 348.9259126473198 -205.1301190784935 18.925393 72.828038 50
155 349.9786807234437 -172.14412712502062 18.925691 72.828048 50
156 350.5050988031113 -157.53288087613467 18.925823 72.828053 50
157 350.8208223714156 -142.03610888372424 18.925963 72.828056 50
158 351.03136988469913 -135.17325130490826 18.926025 72.828058 50
159 351.34705710043363 -117.79472874677545 18.926182 72.828061 50
160 349.55588300623475 -95.32445077414533 18.926385 72.828044 50
161 132.34786490604975 -11.09126306907835 18.927146 72.825982 50
162 117.17927454790953 -18.28629281677366 18.927081 72.825838 50
163 92.21433114328461 -40.97812907714258 18.926876 72.825601 50
164 57.97956332999121 -58.68885873373412 18.926716 72.825276 50
165 32.171759261772166 -64.55555461654976 18.926663 72.825031 50
166 23.534032549394187 -59.35308135947512 18.92671 72.824949 50
167 20.58455730954623 -49.72295078018328 18.926797 72.824921 50
168 10.998796279225045 -39.42867756180169 18.92689 72.82483 50
169 -3.5378343100417 -35.55448854291734 18.926925 72.824692 50
170 -33.76981287895236 -38.43242938673875 18.926899 72.824405 50
171 -67.3726013758633 -37.768190869186185 18.926905 72.824086 50
172 -107.71696661232086 -29.134087561773242 18.926983 72.823703 50
173 -139.63419971714538 -11.091209815634139 18.927146 72.8234 50
174 -165.75772645780248 15.253510732797645 18.927384 72.823152 50
175 -185.98223557880823 46.24723942380851 18.927664 72.82296 50
176 -217.793340483159 114.32267921874079 18.928279 72.822658 50
177 -220.0049549230439 153.5073958944011 18.928633 72.822637 50
178 -207.15344435626793 191.1422634007953 18.928973 72.822759 50
179 560.0004373345538 609.5624437019881 18.932753 72.830042 50
180 585.3809605673424 769.2907358242994 18.934196 72.830283 50
181 589.0665823467381 802.2768553557089 18.934494 72.830318 50
182 589.1718909432409 803.0516977045073 18.934501 72.830319 50
183 589.9090017228906 810.0252722118179 18.934564 72.830326 50
184 591.0673245787793 820.7623640118926 18.934661 72.830337 50
185 597.2804487683179 868.2491267494607 18.93509 72.830396 50
186 599.1759714356797 882.7497473921966 18.935221 72.830414 50
187 603.5989132060296 914.5182928298325 18.935508 72.830456 50
188 606.6528156882646 937.2101087953695 18.935713 72.830485 50
189 608.3373444013436 961.3408678843975 18.935931 72.830501 50
190 611.8116478166348 1011.8162178286073 18.936387 72.830534 50
191 36.385674113474735 -265.460046447405 18.924848 72.825071 50
192 47.34092992265036 -257.7116396263571 18.924918 72.825175 50
193 58.50686281207059 -252.50912266063992 18.924965 72.825281 50
194 88.73903345059352 -219.9657971044839 18.925259 72.825568 50
195 92.63652702785132 -210.55702790010292 18.925344 72.825605 50
196 100.95823404460126 -198.7130283414275 18.925451 72.825684 50
197 98.85152429333368 -211.22114299632324 18.925338 72.825664 50
198 94.95403767175472 -221.40475174391355 18.925246 72.825627 50
199 61.66705898460641 -259.37196527538947 18.924903 72.825311 50
200 52.71324695197839 -265.0172426615013 18.924852 72.825226 50
201 43.23273674358482 -272.101502186109 18.924788 72.825136 50
202 5.415968524452454 -319.0346077962863 18.924364 72.824777 50
203 -51.25687150310681 -389.43411819707967 18.923728 72.824239 50
204 -132.79066936602172 -490.82681250198465 18.922812 72.823465 50
205 -136.6882437454983 -487.72743210091846 18.92284 72.823428 50
206 -140.2697980461362 -484.9601267093534 18.922865 72.823394 50
207 -121.41370796887038 -461.4937353067981 18.923077 72.823573 50
208 -90.4434739030209 -423.08408108036383 18.923424 72.823867 50
209 -1.957795224055868 -313.16797657821223 18.924417 72.824707 50
210 4.6785888602681975 -306.1944324653821 18.92448 72.82477 50
211 776.0765431548629 -243.74842711241226 18.925044 72.832093 50
212 767.5438187334136 -237.43938399978651 18.925101 72.832012 50
213 761.1177894001825 -228.91642733192984 18.925178 72.831951 50
214 757.4305196079926 -218.95437176824842 18.925268 72.831916 50
215 756.9033927666679 -208.3280400165268 18.925364 72.831911 50
216 758.5884806665578 -200.13682405853115 18.925438 72.831927 50
217 762.1696966949853 -192.72036857979532 18.925505 72.831961 50
218 763.6443486975523 -190.50648448584826 18.925525 72.831975 50
219 769.9643950717323 -183.7540619270243 18.925586 72.832035 50
220 777.8645958099422 -178.88332129544136 18.92563 72.83211 50
221 786.6075906682316 -176.11567416166412 18.925655 72.832193 50
222 796.1933917058846 -175.67250171881608 18.925659 72.832284 50
223 805.4632816662933 -177.66454404624906 18.925641 72.832372 50
224 813.9959043827404 -181.98112885649266 18.925602 72.832453 50
225 821.053886394164 -188.51159850626794 18.925543 72.83252 50
226 826.215843975128 -196.59182626036943 18.92547 72.832569 50
227 829.0604008121916 -205.7790677197448 18.925387 72.832596 50
228 829.3768465677374 -215.4091862363564 18.9253 72.832599 50
229 827.5864396468685 -223.37903081290733 18.925228 72.832582 50
230 822.1092691034133 -233.67355313231803 18.925135 72.83253 50
231 813.6824970312559 -241.64368825916824 18.925063 72.83245 50
232 803.1488020312535 -246.51455765666677 18.925019 72.83235 50
233 799.7779847837662 -247.2895410775704 18.925012 72.832318 50
234 790.8241861628015 -247.84337965974584 18.925007 72.832233 50
235 781.9756330696325 -246.1833859998975 18.925022 72.832149 50
236 -311.54081836005093 262.76094196453164 18.92962 72.821768 50
237 -261.6102203107122 350.981087276808 18.930417 72.822242 50
238 -155.00844284959928 597.1572401743358 18.932641 72.823254 50
239 -122.45946013846856 700.8747188071974 18.933578 72.823563 50
240 211.4617182572222 -469.13061931724997 18.923008 72.826733 50
241 204.19322261851556 -468.0237889861778 18.923018 72.826664 50
242 238.95031375833335 -61.56538584017366 18.92669 72.826994 50
243 241.8999672035721 -76.06589423831448 18.926559 72.827022 50
244 245.37630601557325 -89.79155667898972 18.926435 72.827055 50
245 243.585830595342 -110.71221537097273 18.926246 72.827038 50
246 241.79543169297867 -137.83157997025984 18.926001 72.827021 50
247 239.68906018646376 -168.71444801395 18.925722 72.827001 50
248 237.58270570787212 -201.4790649571388 18.925426 72.826981 50
249 236.10822899694125 -222.51040778911639 18.925236 72.826967 50
250 234.4230317799744 -240.4423997987529 18.925074 72.826951 50
251 221.3626569793714 -380.5775792134872 18.923808 72.826827 50
252 189.55230728948357 -604.6168156420874 18.921784 72.826525 50
253 180.70416043818378 -656.7524276651633 18.921313 72.826441 50
254 174.59465709263338 -688.5208400592026 18.921026 72.826383 50
255 228.52948736767536 -683.649846199906 18.92107 72.826895 50
256 574.7791981922841 -425.2892464707078 18.923404 72.830182 50
257 642.0897143435974 -373.04081841851456 18.923876 72.830821 50
258 747.2153907666706 -287.3619308810838 18.92465 72.831819 50
259 749.8487887978615 -285.258692688129 18.924669 72.831844 50
260 728.9137379428807 -986.7092355533275 18.918332 72.831645 50
261 716.4849405166285 -1031.0968462719861 18.917931 72.831527 50
262 705.9520072277471 -1068.5108365180731 18.917593 72.831427 50
263 702.2655862255983 -1084.6718743897486 18.917447 72.831392 50
264 623.4706192776125 -1150.757256209502 18.91685 72.830644 50
265 609.7762506447837 -1162.2695819069902 18.916746 72.830514 50
266 588.2866156575722 -1181.0877563310992 18.916576 72.83031 50
267 553.5237735172773 -1207.9867533082374 18.916333 72.82998 50
268 519.8143765299308 -1238.4277693600518 18.916058 72.82966 50
269 493.0560709757947 -1209.9808930364966 18.916315 72.829406 50
270 -15.652726967614882 -1267.2147002559684 18.915798 72.824577 50
271 12.36902445516938 -1296.5478341485662 18.915533 72.824843 50
272 45.34212982666813 -1343.0380272710356 18.915113 72.825156 50
273 52.4002702107925 -1345.2518298351433 18.915093 72.825223 50
274 500.8453664786863 -979.5218507529173 18.918397 72.82948 50
275 551.3051303204708 -991.5857534913688 18.918288 72.829959 50
276 611.9833459952539 -1006.0843900257252 18.918157 72.830535 50
277 660.9684337301838 -1017.8159702362799 18.918051 72.831 50
278 474.93571575572764 -1167.0332282762247 18.916703 72.829234 50
279 453.4450708572548 -1150.2087208785886 18.916855 72.82903 50
280 438.2751289962132 -1134.1588781275536 18.917 72.828886 50
281 422.9998893924121 -1118.994553787995 18.917137 72.828741 50
282 411.5173669609067 -1117.887900468837 18.917147 72.828632 50
283 393.9245797288357 -1101.948765550437 18.917291 72.828465 50
284 371.6963139137865 -1066.9708403422378 18.917607 72.828254 50
285 346.20242466959746 -1028.8935978901793 18.917951 72.828012 50
286 489.78537877752433 -1019.4816298246182 18.918036 72.829375 50
287 543.5108994404669 -1031.766849155264 18.917925 72.829885 50
288 602.7143972676602 -1045.269338559918 18.917803 72.830447 50
289 506.5383521744104 -1143.1231224029948 18.916919 72.829534 50
290 536.244756503718 -1120.6520010660734 18.917122 72.829816 50
291 510.5358081742214 -938.1231168417112 18.918771 72.829572 50
292 500.2134082313821 -983.2853649906539 18.918363 72.829474 50
293 480.30469059565314 -1028.1157820227488 18.917958 72.829285 50
294 464.7142720369885 -1044.9412234669892 18.917806 72.829137 50
295 444.48866046290294 -1059.9957054818908 18.91767 72.828945 50
296 422.9989135719726 -1076.046413829004 18.917525 72.828741 50
297 -315.4670551808763 -1436.3479635525325 18.91427 72.821731 50
298 -326.8443661422868 -1434.2446373392886 18.914289 72.821623 50
299 -363.08277371469774 -1406.1284397057825 18.914543 72.821279 50
300 -442.6172524980744 -1343.8076557769534 18.915106 72.820524 50
301 -466.63550979123795 -1325.1002804801221 18.915275 72.820296 50
302 -691.6462887506414 -1149.2051719652402 18.916864 72.81816 50
303 -728.0971787771615 -1195.2512682705528 18.916448 72.817814 50
304 -769.1836631914824 -1247.2744175909788 18.915978 72.817424 50
305 -780.4561446364 -1261.4424045489195 18.91585 72.817317 50
306 839.1999167579845 -804.285647816427 18.91998 72.832692 50
307 761.5697030272004 -975.7495092373101 18.918431 72.831955 50
308 756.8295692223876 -983.3873882270988 18.918362 72.83191 50
309 747.0328024209348 -987.2619724323558 18.918327 72.831817 50
310 707.6342166700172 -981.9503398784268 18.918375 72.831443 50
311 656.9637499886768 -971.5472348374432 18.918469 72.830962 50
312 621.5681631808819 -963.2466185897379 18.918544 72.830626 50
313 461.2349795958886 -925.7270009126727 18.918883 72.829104 50
314 42.813861798807636 -1351.229171308191 18.915039 72.825132 50
315 -11.54435125737102 -1386.0968984589742 18.914724 72.824616 50
316 -22.28960361718096 -1393.070424839063 18.914661 72.824514 50
317 -50.31158567744035 -1415.540652987274 18.914458 72.824248 50
318 -57.05372684638931 -1420.9644948296736 18.914409 72.824184 50
319 1398.937121191355 1280.6172855849738 18.938815 72.838007 50
320 1408.0979012654957 1319.8027110348667 18.939169 72.838094 50
321 1433.0529023539398 1426.9538410210018 18.940137 72.838331 50
322 777.8703193371638 -315.8083051990265 18.924393 72.83211 50
323 754.6984006635367 -383.99501675637055 18.923777 72.83189 50
324 724.4695584687942 -478.9692297290132 18.922919 72.831603 50
325 686.3402416542297 -584.90210059779 18.921962 72.831241 50
326 650.7374001489447 -653.9746480262729 18.921338 72.830903 50
327 623.0342532469749 -702.9010750674171 18.920896 72.83064 50
328 583.8489877735722 -761.3472586290036 18.920368 72.830268 50
329 542.8727696082024 -823.6675975645021 18.919805 72.829879 50
330 511.2712847238025 -868.0556278855054 18.919404 72.829579 50
331 441.7469378457572 -942.5525210364149 18.918731 72.828919 50
332 -571.5624526847071 -1427.3758849874412 18.914351 72.8193 50
333 -615.8064429549435 -1390.1822813061158 18.914687 72.81888 50
334 -681.7508699090843 -1338.597951494676 18.915153 72.818254 50
335 -683.541690569064 -1337.2695931274295 18.915165 72.818237 50
336 -724.9411164033979 -1304.9462374771051 18.915457 72.817844 50
337 -789.3048188690858 -1254.5791853006795 18.915912 72.817233 50
338 771.0226620574066 -301.52942941899107 18.924522 72.832045 50
339 763.121958074049 -295.44174077515703 18.924577 72.83197 50
340 758.5922935419644 -293.6708672703008 18.924593 72.831927 50
341 753.5216609944847 60.54073360854885 18.927793 72.831879 50
342 702.4342371584179 29.10243203066566 18.927509 72.831394 50
343 -778.032330219735 -1240.3005125396735 18.916041 72.81734 50
344 -715.0331364824863 -1160.605468830393 18.916761 72.817938 50
345 -700.4949382083911 -1142.231303100728 18.916927 72.818076 50
346 -692.9098010596048 -1132.6014633075267 18.917014 72.818148 50
347 -683.9558092021225 -1139.5753325042137 18.916951 72.818233 50
348 -595.5742901614885 -1208.6496013518395 18.916327 72.819072 50
349 -435.03216661701447 -1334.1777128118158 18.915193 72.820596 50
350 -351.0732514884124 -1399.8192803960187 18.9146 72.821393 50
351 -317.78447039329745 -1425.0574374879345 18.914372 72.821709 50
352 473.43385734016323 -104.06631529868085 18.926306 72.82922 50
353 489.2344703515562 -99.19549414328702 18.92635 72.82937 50
354 497.5561326040982 -96.98144964595083 18.92637 72.829449 50
355 504.71903040896757 -93.21775620129714 18.926404 72.829517 50
356 515.2524746345966 -79.60245077020562 18.926527 72.829617 50
357 520.413523162368 -61.00618644034521 18.926695 72.829666 50
358 526.1009129815286 -30.45525605405122 18.926971 72.82972 50
359 859.7178002893615 -287.9105287804424 18.924645 72.832887 50
360 886.7917604024798 -324.7694174937798 18.924312 72.833144 50
361 893.4285063572589 -332.18540818371133 18.924245 72.833207 50
362 933.9868495826144 -384.2082634197992 18.923775 72.833592 50
363 958.9539702968225 -414.75775334574905 18.923499 72.833829 50
364 961.3771455392753 -421.6204800423239 18.923437 72.833852 50
365 104.32888357585455 -164.39874315140554 18.925761 72.825716 50
366 89.3708395010896 -172.58996862384862 18.925687 72.825574 50
367 23.63953861360362 -191.62905162666215 18.925515 72.82495 50
368 -22.604188839461507 -197.8277590569768 18.925459 72.824511 50
369 -40.7224627892812 -197.60634586393496 18.925461 72.824339 50
370 -63.47564285388518 -197.16351743198635 18.925465 72.824123 50
371 -111.08871221620005 -185.65141121006172 18.925569 72.823671 50
372 -160.7030818866606 -165.39456232038873 18.925752 72.8232 50
373 -175.2397240515955 -156.0963715679431 18.925836 72.823062 50
374 -188.9336390643599 -146.3554132046901 18.925924 72.822932 50
375 -192.72567307011346 -131.63344642011202 18.926057 72.822896 50
376 -300.3754209420007 247.9281336037912 18.929486 72.821874 50
377 -314.8068417122361 227.22911260393386 18.929299 72.821737 50
378 -326.4994733115806 210.62563025797553 18.929149 72.821626 50
379 -331.7670914241206 166.1278520361335 18.928747 72.821576 50
380 -333.3478981982646 123.95452632778891 18.928366 72.821561 50
381 -325.7642730455997 87.5369827568349 18.928037 72.821633 50
382 1313.0157581388376 880.2405296157715 18.935198 72.837191 50
383 1307.4346269316284 858.8767166602316 18.935005 72.837138 50
384 1302.8057515775897 776.5220725654492 18.934261 72.837094 50
385 1295.9629983038594 720.4011146086011 18.933754 72.837029 50
386 1287.959683268932 690.9566790104617 18.933488 72.836953 50
387 1282.377733694742 680.2192397204741 18.933391 72.8369 50
388 1276.9011039629934 669.5925007175899 18.933295 72.836848 50
389 1250.569506493931 641.696511617467 18.933043 72.836598 50
390 1215.6005768825546 611.4754775957905 18.93277 72.836266 50
391 1173.5745273757966 574.9446616581114 18.93244 72.835867 50
392 1167.9924977442708 563.8751840904035 18.93234 72.835814 50
393 1167.2553855294525 560.2223261729252 18.932307 72.835807 50
394 1163.2538993238993 540.629722339492 18.93213 72.835769 50
395 1177.318348507022 1336.6117605178335 18.939321 72.835903 50
396 1179.3200208433611 1330.3024807105837 18.939264 72.835922 50
397 1178.2671472183072 1323.5502420918879 18.939203 72.835912 50
398 1174.1609544304868 1296.873369308598 18.938962 72.835873 50
399 1178.9022723950811 1273.960562066308 18.938755 72.835918 50
400 454.2822358373181 -921.1888367869412 18.918924 72.829038 50
401 505.8986828750661 -863.2960570856915 18.919447 72.829528 50
402 537.1841519178154 -819.1294270319681 18.919846 72.829825 50
403 578.7923621083623 -754.5952582938085 18.920429 72.83022 50
404 616.081509302155 -697.0346768786525 18.920949 72.830574 50
405 643.9953790897463 -648.9937816684451 18.921383 72.830839 50
406 668.3276707615369 -605.4913078917424 18.921776 72.83107 50
407 677.2808113408167 -582.0244629414917 18.921988 72.831155 50
408 729.3134425562348 -433.6963589919127 18.923328 72.831649 50
409 752.4856012475183 -367.61281445821953 18.923925 72.831869 50
410 767.2312152136298 -320.2363936420599 18.924353 72.832009 50
411 770.812015369443 -302.30427633413393 18.924515 72.832043 50
412 1500.1982035963354 802.8814674892697 18.934499 72.838968 50
413 748.7610091707476 569.1667706600646 18.932388 72.831834 50
414 830.6064689877682 556.1086753939833 18.93227 72.832611 50
415 898.5476024887778 548.6955179260015 18.932203 72.833256 50
416 909.2918051129976 547.1463622466823 18.932189 72.833358 50
417 557.1568208520729 595.947332544078 18.93263 72.830015 50
418 496.0627171908257 603.5833007646319 18.932699 72.829435 50
419 489.32129497647577 604.6900349183783 18.932709 72.829371 50
420 453.9288941865709 608.3419496052953 18.932742 72.829035 50
421 429.70194478139894 611.5514210707003 18.932771 72.828805 50
422 365.5533034617109 616.6418484774276 18.932817 72.828196 50
423 343.9596853495965 622.5080739800549 18.93287 72.827991 50
424 3.3090883312723953 189.1486685290658 18.928955 72.824757 50
425 -28.923986817632425 143.32252563504147 18.928541 72.824451 50
426 -37.14029587587781 126.82954893866574 18.928392 72.824373 50
427 -37.45633151118413 114.54282469363412 18.928281 72.82437 50
428 -33.98023397148761 101.03848994549273 18.928159 72.824403 50
429 750.5820340573821 -182.8693244261225 18.925594 72.831851 50
430 736.0443625626776 -159.40337422058752 18.925806 72.831713 50
431 717.9249939456619 -130.07091770304007 18.926071 72.831541 50
432 704.1245006034812 -99.40998547089913 18.926348 72.83141 50
433 692.4305629206984 -61.996800909301975 18.926686 72.831299 50
434 691.3753934490261 -13.846168955552773 18.927121 72.831289 50
435 691.2684888725212 28.32717541748746 18.927502 72.831288 50
436 691.1628717466388 35.85417347966393 18.92757 72.831287 50
437 689.4745064070765 115.88385594569797 18.928293 72.831271 50
438 690.2115329925268 124.84987169904605 18.928374 72.831278 50
439 335.427316970295 639.2222999021996 18.933021 72.82791 50
440 318.2562922996379 731.0957567414634 18.933851 72.827747 50
441 319.62524604884163 753.3447277495612 18.934052 72.82776 50
442 317.834364179156 765.8528120651408 18.934165 72.827743 50
443 317.41300056100744 767.6238654134647 18.934181 72.827739 50
444 309.93377095651226 801.3845814808869 18.934486 72.827668 50
445 306.45750352005626 817.9882171612605 18.934636 72.827635 50
446 294.65928965247576 875.5474985826102 18.935156 72.827523 50
447 285.28398757532676 920.4880193424386 18.935562 72.827434 50
448 280.54337009175555 963.9896290884583 18.935955 72.827389 50
449 129.0833515087296 -149.01251313629047 18.9259 72.825951 50
450 158.05121555828998 -121.78225748686555 18.926146 72.826226 50
451 226.52065624261698 -80.49373557276468 18.926519 72.826876 50
452 232.94636457559002 -87.02443663104154 18.92646 72.826937 50
453 227.15278237742154 -88.46349376669848 18.926447 72.826882 50
454 160.26340721867555 -131.7444455284999 18.926056 72.826247 50
455 137.40514675281278 -155.98599824327496 18.925837 72.82603 50
456 121.60447223200246 -172.9218594328374 18.925684 72.82588 50
457 105.27707890794386 -190.52185700091317 18.925525 72.825725 50
458 619.6109771627627 868.8033134735458 18.935095 72.830608 50
459 633.7248434879112 890.056517642192 18.935287 72.830742 50
460 681.9766796973247 631.3726946168084 18.93295 72.8312 50
461 692.5098845871439 636.9076471730162 18.933 72.8313 50
462 697.249814368113 639.6751059547487 18.933025 72.831345 50
463 -48.19918660095102 702.2026735647711 18.93359 72.824268 50
464 -23.86710452438409 698.5498143052263 18.933557 72.824499 50
465 22.58507843644685 691.79764485041 18.933496 72.82494 50
466 61.45325779322336 686.0417862950254 18.933444 72.825309 50
467 101.37480013611325 680.1753234017481 18.933391 72.825688 50
468 139.82169268957702 674.4196263319366 18.933339 72.826053 50
469 180.7966247559437 668.4426505861627 18.933285 72.826442 50
470 210.18483165764448 664.1259997060095 18.933246 72.826721 50
471 244.31309007368142 659.0346179917667 18.9332 72.827045 50
472 252.95049080491884 657.8171294157565 18.933189 72.827127 50
473 317.2044538023625 643.3175573195776 18.933058 72.827737 50
474 427.700258594909 626.1626223607288 18.932903 72.828786 50
475 424.01320793683504 641.7700070225656 18.933044 72.828751 50
476 423.48566822208807 679.9584840933628 18.933389 72.828746 50
477 423.16746062506394 776.924038007215 18.934265 72.828743 50
478 421.6918685567616 817.7690894559182 18.934634 72.828729 50
479 421.0594517381214 836.2545206072443 18.934801 72.828723 50
480 419.16254309204356 876.8781824432396 18.935168 72.828705 50
481 418.74102529785955 885.1800201471184 18.935243 72.828701 50
482 417.89799581017047 901.562313185525 18.935391 72.828693 50
483 416.6334047627551 928.3495793071597 18.935633 72.828681 50
484 416.21152014828874 953.1444215638891 18.935857 72.828677 50
485 416.0003133265015 977.3858125919967 18.936076 72.828675 50
486 415.6838121457343 999.9668321986182 18.93628 72.828672 50
487 415.47278952694626 1016.0170673320174 18.936425 72.82867 50
488 415.2617845696375 1031.2924635294205 18.936563 72.828668 50
489 415.050431620341 1062.1753352365897 18.936842 72.828666 50
490 414.5226678859069 1111.7650337388106 18.93729 72.828661 50
491 411.782029567253 1203.0853159466465 18.938115 72.828635 50
492 410.20176370450724 1216.8110060101362 18.938239 72.82862 50
493 409.04291313090204 1226.441126348501 18.938326 72.828609 50
494 406.0931689461558 1248.5793283897788 18.938526 72.828581 50
495 374.80815586229033 1338.90280458812 18.939342 72.828284 50
496 328.24999541895454 1466.6397433650654 18.940496 72.827842 50
497 316.34721623144924 1499.5148707373587 18.940793 72.827729 50
498 602.3380097293344 819.2130474161844 18.934647 72.830444 50
499 607.8150676561256 827.1829984062266 18.934719 72.830496 50
500 614.3455089437656 833.3819251638587 18.934775 72.830558 50
501 623.2986997261703 836.7029616764712 18.934805 72.830643 50
502 631.4093478971347 836.371161277993 18.934802 72.83072 50
503 640.6788914063651 829.2872355406145 18.934738 72.830808 50
504 648.7897941009984 821.7605088716856 18.93467 72.830885 50
505 658.2703937471782 804.050235667105 18.93451 72.830975 50
506 564.4039025461065 1287.4361163982326 18.938877 72.830084 50
507 529.5340600560913 1479.9273463483746 18.940616 72.829753 50
508 1396.0979616062355 1217.1909375104715 18.938242 72.83798 50
509 1415.163222029297 1212.1005766424682 18.938196 72.838161 50
510 1441.6017465756702 1205.7932005387445 18.938139 72.838412 50
511 1500.1668175947514 1191.9614142869623 18.938014 72.838968 50
512 525.4655972373805 85.9918738411532 18.928023 72.829714 50
513 518.7206650665577 206.20234720443784 18.929109 72.82965 50
514 370.294723777773 547.238519493039 18.93219 72.828241 50
515 371.77040571121796 497.3167915573977 18.931739 72.828255 50
516 357.6644943050774 31.195743456567783 18.927528 72.828121 50
517 354.7158206341451 -9.538675816722638 18.92716 72.828093 50
518 349.3448678160738 -77.2817902987576 18.926548 72.828042 50
519 20.900277015152426 212.172454501228 18.929163 72.824924 50
520 43.23154082908995 242.6125802879761 18.929438 72.825136 50
521 86.52451666139822 295.96590460281857 18.92992 72.825547 50
522 97.6900598256826 310.02374667431366 18.930047 72.825653 50
523 101.90346487728533 315.8904047660608 18.9301 72.825693 50
524 284.13109639502505 543.0307362996416 18.932152 72.827423 50
525 25.0084242818679 194.01909884132536 18.928999 72.824963 50
526 54.08138747129108 171.54884260996647 18.928796 72.825239 50
527 60.612291488660446 163.0256387898625 18.928719 72.825301 50
528 72.4100678485037 147.86098398028048 18.928582 72.825413 50
529 83.99718907325673 132.8070271385792 18.928446 72.825523 50
530 92.95096276123577 105.90910447394104 18.928203 72.825608 50
531 91.47651948282284 49.78865343263304 18.927696 72.825594 50
532 82.9442771751504 30.196269899777548 18.927519 72.825513 50
533 1081.5279204500928 305.18450868751427 18.930003 72.834993 50
534 1127.02981429956 358.6510771157321 18.930486 72.835425 50
535 1135.2445834448608 381.78604609718934 18.930695 72.835503 50
536 1148.0895258522057 478.86305911375166 18.931572 72.835625 50
537 1159.8824045770168 553.2483155928655 18.932244 72.835737 50
538 1157.4637804706435 487.82963149006235 18.931653 72.835714 50
539 1155.147910660766 463.6987943565496 18.931435 72.835692 50
540 1145.3570047917901 378.35523730870545 18.930664 72.835599 50
541 1136.8260773485636 357.8768343917095 18.930479 72.835518 50
542 1134.1929018760095 354.3345539982379 18.930447 72.835493 50
543 1121.2376343144977 337.3980091604255 18.930294 72.83537 50
544 1161.672628783401 560.6647418254743 18.932311 72.835754 50
545 1165.9902334796338 578.3756140100783 18.932471 72.835795 50
546 1182.8425492514355 597.083501538055 18.93264 72.835955 50
547 1191.058135781006 604.7217230327103 18.932709 72.836033 50
548 1252.674838191995 661.7317734669276 18.933224 72.836618 50
549 1267.5254975279197 682.6534300446475 18.933413 72.836759 50
550 1274.4761490969713 702.7997171406863 18.933595 72.836825 50
551 1288.481674614315 758.4783957658515 18.934098 72.836958 50
552 1292.482697267779 782.1666081572176 18.934312 72.836996 50
553 1289.951528528928 827.8819345143829 18.934725 72.836972 50
554 1288.581210283849 842.161016142601 18.934854 72.836959 50
555 1288.2637547657534 863.192339866402 18.935044 72.836956 50
556 1290.0536675197475 873.9295194880581 18.935141 72.836973 50
557 1384.0903257374473 1216.1938183867912 18.938233 72.837866 50
558 1313.20162162081 1231.4640837452682 18.938371 72.837193 50
559 1288.0272141088979 1236.7755079210044 18.938419 72.836954 50
560 1245.5783349918436 1245.959998390306 18.938502 72.836551 50
561 1222.9319298228218 1250.8289147883675 18.938546 72.836336 50
562 1181.3268140793523 1243.409907201922 18.938479 72.835941 50
563 1158.2596586198722 1239.31287753131 18.938442 72.835722 50
564 1107.701453648662 1230.67587479776 18.938364 72.835242 50
565 1090.216542110641 1230.8962246916822 18.938366 72.835076 50
566 1071.6776540179535 1242.7391202833296 18.938473 72.8349 50
567 1050.505212378013 1260.1164523713237 18.93863 72.834699 50
568 825.6883101160577 -177.6636575435877 18.925641 72.832564 50
569 843.5957268027042 -174.1207364120488 18.925673 72.832734 50
570 873.8273688222583 -162.27538451297835 18.92578 72.833021 50
571 881.83294525128 -158.95427127915264 18.92581 72.833097 50
572 907.4296327363696 -146.88770132054657 18.925919 72.83334 50
573 932.9201771672929 -119.43502611586204 18.926167 72.833582 50
574 942.8211921989517 -103.82706923151851 18.926308 72.833676 50
575 948.7191703417556 -84.89857558878307 18.926479 72.833732 50
576 953.142284601805 -63.64564023417387 18.926671 72.833774 50
577 960.0919739402972 -12.838022972092624 18.92713 72.83384 50
578 967.2532036069665 20.5910911395749 18.927432 72.833908 50
579 971.254430625223 51.252763677184 18.927709 72.833946 50
580 978.0997144530686 82.57873454269776 18.927992 72.834011 50
581 993.3713177609184 125.52773443008157 18.92838 72.834156 50
582 1000.8492603569623 143.79218593468502 18.928545 72.834227 50
583 1023.0721868660314 201.13144697238175 18.929063 72.834438 50
584 1041.5036717290238 244.1913565481521 18.929452 72.834613 50
585 1059.3038553062538 273.19346371522545 18.929714 72.834782 50
586 968.6242284889441 -10.845139139431822 18.927148 72.833921 50
587 969.1526641306341 -44.3845450177964 18.926845 72.833926 50
588 966.73092103986 -64.19839516403626 18.926666 72.833903 50
589 963.5721094605207 -89.87891602138599 18.926434 72.833873 50
590 959.6752585595941 -102.71929567824849 18.926318 72.833836 50
591 952.3025713500203 -122.09063275663655 18.926143 72.833766 50
592 941.8747389682537 -135.26341495531585 18.926024 72.833667 50
593 917.5426814756374 -158.06701514275986 18.925818 72.833436 50
594 892.3674034598636 -171.46187288187258 18.925697 72.833197 50
595 863.0839865100643 -187.18140221843294 18.925555 72.832919 50
596 842.4383243848436 -203.34326087154898 18.925409 72.832723 50
597 1288.9990743396963 892.193510301247 18.935306 72.836963 50
598 1288.4714986151987 905.3657382263361 18.935425 72.836958 50
599 1287.3102431283146 942.8900087856815 18.935764 72.836947 50
600 1278.6657683957712 1047.93546416935 18.936713 72.836865 50
601 1278.5595538553962 1060.7756493369798 18.936829 72.836864 50
602 1278.0301492636186 1100.735178452658 18.93719 72.836859 50
603 1279.187561704689 1118.667251859506 18.937352 72.83687 50
604 1281.1871719241217 1143.1301716940666 18.937573 72.836889 50
605 1284.4502297970096 1175.1201896983562 18.937862 72.83692 50
606 1283.7111168527663 1201.1326008545545 18.938097 72.836913 50
607 1274.6512346132852 1221.941948153967 18.938285 72.836827 50
608 1264.3279994635172 1234.006599022884 18.938394 72.836729 50
609 1304.1667170238168 895.8473801082554 18.935339 72.837107 50
610 1318.1742359960858 920.0897617191595 18.935558 72.83724 50
611 1322.9129059691484 938.2434714513879 18.935722 72.837285 50
612 1345.3414539341543 1038.4207129605652 18.936627 72.837498 50
613 1357.8717355572896 1095.9811074139277 18.937147 72.837617 50
614 1370.823141673278 1155.2019143401412 18.937682 72.83774 50
615 747.3918524147251 564.4069913116035 18.932345 72.831821 50
616 735.701759906073 512.9350895887109 18.93188 72.83171 50
617 734.5433789204027 505.2973471106077 18.931811 72.831699 50
618 734.5436236919517 499.09863678802833 18.931755 72.831699 50
619 1061.1397064510372 1328.302920895353 18.939246 72.8348 50
620 978.8794784717779 1278.376616648081 18.938795 72.834019 50
621 842.0589553984081 1196.1262605654922 18.938052 72.83272 50
622 816.9928685730322 1135.355605088748 18.937503 72.832482 50
623 786.9765526109959 1062.2980407929713 18.936843 72.832197 50
624 750.535360099358 973.9648693932916 18.936045 72.831851 50
625 702.8506112801726 160.82499054984385 18.928699 72.831398 50
626 687.0507001720067 144.44210006966517 18.928551 72.831248 50
627 677.1492844888567 137.57888161582838 18.928489 72.831154 50
628 686.1030765641087 133.37294338875105 18.928451 72.831239 50
629 618.476642840194 137.1340739796182 18.928485 72.830597 50
630 544.5301495309135 136.57830687562588 18.92848 72.829895 50
631 533.7856321404985 141.89117395754 18.928528 72.829793 50
632 527.2544537730043 152.1852710102436 18.928621 72.829731 50
633 360.4044723250122 -30.901968098399724 18.926967 72.828147 50
634 364.0915400000691 -43.29931051214033 18.926855 72.828182 50
635 379.8926859865448 -65.65861626346852 18.926653 72.828332 50
636 395.167026226068 -80.82299175648446 18.926516 72.828477 50
637 412.12666081124166 -89.56722808839095 18.926437 72.828638 50
638 1004.5149580932788 534.4217646036451 18.932074 72.834262 50
639 925.4082831104694 541.3912113031479 18.932137 72.833511 50
640 917.718298934022 552.6813390145464 18.932239 72.833438 50
641 1008.9384433544076 544.9376736453528 18.932169 72.834304 50
642 -171.76336124410517 -135.5078433068158 18.926022 72.823095 50
643 -434.792604078435 -98.20062523046067 18.926359 72.820598 50
644 -335.7724626101679 23.44695116116647 18.927458 72.821538 50
645 -318.3915619533168 35.40129580270602 18.927566 72.821703 50
646 -254.3504127309528 -260.2558584173516 18.924895 72.822311 50
647 -267.5176563295209 -249.74001217733536 18.92499 72.822186 50
648 -275.6293259893558 -287.4855838309922 18.924649 72.822109 50
649 -289.1130245082115 -304.6425105866287 18.924494 72.821981 50
650 -302.1753826698935 -321.3566694605238 18.924343 72.821857 50
651 -323.66505538655474 -345.15490878343354 18.924128 72.821653 50
652 -349.36851737093116 -376.5907342606837 18.923844 72.821409 50
653 -362.43044983588885 -366.0748240323856 18.923939 72.821285 50
654 -526.7507886130128 -24.03514811051209 18.927029 72.819725 50
655 -516.4279156746969 -32.44796861966441 18.926953 72.819823 50
656 -326.7131376995468 40.27185313431808 18.92761 72.821624 50
657 -8.383919231116636 -1239.2098654691047 18.916051 72.824646 50
658 24.483518095062834 -1156.6343120755414 18.916797 72.824958 50
659 43.44530019134161 -1079.7039767862027 18.917492 72.825138 50
660 68.72751331297609 -999.0100968279027 18.918221 72.825378 50
661 87.05702814235357 -950.6380111704209 18.918658 72.825552 50
662 87.26764318340057 -935.4733295595391 18.918795 72.825554 50
663 80.7363256299299 -923.2973379391194 18.918905 72.825492 50
664 113.81630379939422 -1300.2002951635327 18.9155 72.825806 50
665 150.58146884739187 -1268.6530813887423 18.915785 72.826155 50
666 192.40288152597736 -1220.391391133517 18.916221 72.826552 50
667 196.51126920356083 -1215.5209411614208 18.916265 72.826591 50
668 211.57533687415264 -1197.4781315126716 18.916428 72.826734 50
669 230.95842545418947 -1173.900702555187 18.916641 72.826918 50
670 262.87721319323 -1135.3797845286165 18.916989 72.827221 50
671 294.9010812212474 -1088.556977380047 18.917412 72.827525 50
672 322.92192598886555 -1052.9139827092822 18.917734 72.827791 50
673 385.8108496884214 -993.4716693809514 18.918271 72.828388 50
674 406.8791096382854 -975.0964988674111 18.918437 72.828588 50
675 423.4176477113153 -959.93144962385 18.918574 72.828745 50
676 956.1102102586535 -422.9490453028644 18.923425 72.833802 50
677 951.8963183969286 -417.30401235480116 18.923476 72.833762 50
678 843.8112577351548 -281.1590954646248 18.924706 72.832736 50
679 819.0555292165702 -258.4685111595674 18.924911 72.832501 50
680 259.90271777900045 644.5342726309623 18.933069 72.827193 50
681 255.3733481775883 644.9769749965056 18.933073 72.82715 50
682 216.82103147946435 650.1789755460197 18.93312 72.826784 50
683 182.37676241188723 655.2704045447504 18.933166 72.826457 50
684 -50.41122838910678 689.6945651941164 18.933477 72.824247 50
685 349.2261356554151 636.2338894847674 18.932994 72.828041 50
686 360.81293839416867 633.466828822309 18.932969 72.828151 50
687 369.55571031306 631.3638662937406 18.93295 72.828234 50
688 388.3052165387628 629.7038791033265 18.932935 72.828412 50
689 745.5265427251691 -202.0191020677276 18.925421 72.831803 50
690 722.667780647366 -195.93198897124836 18.925476 72.831586 50
691 568.1347768711559 -163.39414137429029 18.92577 72.830119 50
692 487.233739286399 -125.7614322565555 18.92611 72.829351 50
693 479.227907115215 -121.333992618568 18.92615 72.829275 50
694 454.2624833679475 -111.9258677502654 18.926235 72.829038 50
695 402.11983638745454 -103.6252283959851 18.92631 72.828543 50
696 517.8773166346705 229.77955476246996 18.929322 72.829642 50
697 519.140497652773 260.44106025590713 18.929599 72.829654 50
698 522.2988498998046 322.2068568998596 18.930157 72.829684 50
699 536.514683383858 478.5032994110105 18.931569 72.829819 50
700 539.0423346759145 491.897014213696 18.93169 72.829843 50
701 543.6764782173717 512.1536488740129 18.931873 72.829887 50
702 546.5199645468477 530.9712460318074 18.932043 72.829914 50
703 551.3644935628886 560.1938817364179 18.932307 72.82996 50
704 694.7270678783384 498.5436512182188 18.93175 72.831321 50
705 686.5113326712077 488.13836830019204 18.931656 72.831243 50
706 695.1446843926955 598.1658015660988 18.93265 72.831325 50
707 686.8236917806555 586.8749834624081 18.932548 72.831246 50
708 687.6670214159737 569.1644123750506 18.932388 72.831254 50
709 689.8798292189284 548.0224632635982 18.932197 72.831275 50
710 -293.6337067706682 260.1040612249236 18.929596 72.821938 50
711 -252.7635932923652 235.30862589171528 18.929372 72.822326 50
712 -218.31885277251055 214.276856858667 18.929182 72.822653 50
713 -188.4034786293126 196.12316912983698 18.929018 72.822937 50
714 204.50452135430746 -38.3206449904137 18.9269 72.826667 50
715 221.5694130292995 -51.04993730151928 18.926785 72.826829 50
716 256.64721787468477 -69.86698979030783 18.926615 72.827162 50
717 277.9255679766295 -73.74087593118995 18.92658 72.827364 50
718 305.41882175820064 -74.29390092933099 18.926575 72.827625 50
719 -198.93724260471006 186.16106873196196 18.928928 72.822837 50
720 -282.0470758304683 236.85872392794704 18.929386 72.822048 50
721 -658.9963054570017 -1338.930844418007 18.91515 72.81847 50
722 -646.3552121445291 -1348.6721006563118 18.915062 72.81859 50
723 -622.1264142107204 -1367.3797145264032 18.914893 72.81882 50
724 -612.3295373922361 -1374.90703103074 18.914825 72.818913 50
725 -589.9968422994716 -1392.0648653842566 18.91467 72.819125 50
726 -560.5006911250111 -1412.2115480768925 18.914488 72.819405 50
727 -259.30106627988766 -239.66723150323705 18.925081 72.822264 50
728 702.5362937296861 115.99503575518591 18.928294 72.831395 50
729 915.0293648961128 -459.2578095463926 18.923097 72.833412 50
730 952.5289818637686 -429.4800071909296 18.923366 72.833768 50
731 -363.4004610763442 -1490.6963906949875 18.913779 72.821276 50
732 190.92031325563465 -465.3673422683036 18.923042 72.826538 50
733 163.74446244078888 -687.1926451754086 18.921038 72.82628 50
734 174.80477681383041 -628.5262452510535 18.921568 72.826385 50
735 189.44641861477365 -550.8209229106044 18.92227 72.826524 50
736 233.57912033691568 -144.91592088898818 18.925937 72.826943 50
737 234.3158096689886 -90.89861117639555 18.926425 72.82695 50
738 -164.17903957639794 -140.8210887618657 18.925974 72.823167 50
739 -236.75847757627466 -237.01094376023067 18.925105 72.822478 50
740 -371.80135133421567 -149.00924622835532 18.9259 72.821196 50
741 172.06654200295827 -697.4868448899426 18.920945 72.826359 50
742 152.26280034310406 -756.8174595039583 18.920409 72.826171 50
743 98.43390831657126 -918.3161531500003 18.91895 72.82566 50
744 55.03278790748267 -968.127326869563 18.9185 72.825248 50
745 20.58561814180817 -1008.8617196171713 18.918132 72.824921 50
746 -94.97687229753112 -1162.9434770997918 18.91674 72.823824 50
747 -115.83521069411479 -1190.8375094959886 18.916488 72.823626 50
748 -183.78319394781226 -1274.8514826232042 18.915729 72.822981 50
749 -249.83557656098117 -1359.086608211557 18.914968 72.822354 50
750 -259.2112149172948 -1351.8915614737762 18.915033 72.822265 50
751 -191.36796759250944 -1269.095470885915 18.915781 72.822909 50
752 -122.68256183324243 -1185.3029119925266 18.916538 72.823561 50
753 13.843635424319658 -1001.5561137432046 18.918198 72.824857 50
754 44.60380851614306 -965.5814595639486 18.918523 72.825149 50
755 69.46469529845069 -939.6796663388623 18.918757 72.825385 50
756 106.43964461096358 -861.8636453828357 18.91946 72.825736 50
757 139.09506666044805 -758.4779293921663 18.920394 72.826046 50
758 161.95372019994286 -694.6089663663123 18.920971 72.826263 50
759 87.99936425195851 265.63651387959595 18.929646 72.825561 50
760 90.52734641792856 283.34712306117785 18.929806 72.825585 50
761 670.1810341623595 582.1146521801206 18.932505 72.831088 50
762 671.0232181159905 595.7297081457995 18.932628 72.831096 50
763 889.9686508143702 -674.1105294396525 18.921156 72.833174 50
764 939.8946859969147 -558.5465291583002 18.9222 72.833648 50
765 942.4222553579118 -546.4810667905751 18.922309 72.833672 50
766 939.6830542454419 -539.729045574364 18.92237 72.833646 50
767 900.1777983253535 -488.4809978201677 18.922833 72.833271 50
768 895.2263606238763 -479.4045624118256 18.922915 72.833224 50
769 905.4442930314024 -477.63300959521007 18.922931 72.833321 50
770 906.3926530136217 -483.720976685931 18.922876 72.83333 50
771 944.1069610055401 -531.759059251933 18.922442 72.833688 50
772 947.7942516882598 -538.9537961769361 18.922377 72.833723 50
773 949.4800648397127 -546.0379434149116 18.922313 72.833739 50
774 949.4803810640157 -552.2366473947312 18.922257 72.833739 50
775 932.8386024551835 -593.5252844286135 18.921884 72.833581 50
776 899.238836475673 -676.8773619724086 18.921131 72.833262 50
777 714.9775128496061 -181.9851971494326 18.925602 72.831513 50
778 724.3523999130293 -175.34336357637108 18.925662 72.831602 50
779 732.041857699101 -168.59090043703094 18.925723 72.831675 50
780 0.6756728819652515 191.80525759015404 18.928979 72.824732 50
781 -1.3257222699147633 195.01530308914437 18.929008 72.824713 50
782 -2.273751052062906 198.6681135491798 18.929041 72.824704 50
783 -2.2737505921222088 202.4316151545848 18.929075 72.824704 50
784 -1.325721481178725 206.0844254567165 18.929108 72.824713 50
785 3.2037477700080856 212.0617518141515 18.929162 72.824756 50
786 6.469178092697618 214.05419471234742 18.92918 72.824787 50
787 10.155954106059056 215.05041738659713 18.929189 72.824822 50
788 13.948066933266915 215.0504198432185 18.929189 72.824858 50
789 17.634844237203076 214.05420194472072 18.92918 72.824893 50
790 23.639028968236335 209.51586838393803 18.929139 72.82495 50
791 25.53509035100807 206.30582538004273 18.92911 72.824968 50
792 26.58846074088938 202.65301646078422 18.929077 72.824978 50
793 26.588466119408896 198.88951485449206 18.929043 72.824978 50
794 25.64044212262234 195.23670315527897 18.92901 72.824969 50
795 23.744387928255964 191.915963950809 18.92898 72.824951 50
796 21.11097598367992 189.25937143339053 18.928956 72.824926 50
797 17.84554287700756 187.26692601274777 18.928938 72.824895 50
798 14.158761769918843 186.2707018423859 18.928929 72.82486 50
799 10.366643077509853 186.2706993431775 18.928929 72.824824 50
800 6.679860655932764 187.26691865408128 18.928938 72.824789 50
801 1071.3534410791729 1385.4202406976378 18.939762 72.834897 50
802 1072.302450152154 1367.3776056613258 18.939599 72.834906 50
803 1072.3047290809782 1327.86079566041 18.939242 72.834906 50
804 1021.5429056428964 1194.6962622040624 18.938039 72.834424 50
805 1004.9033721671935 1143.7773459485286 18.937579 72.834266 50
806 993.9507193496654 1110.2372870804372 18.937276 72.834162 50
807 983.7352017047256 1079.4645576035675 18.936998 72.834065 50
808 963.3042541122705 1014.2663049357436 18.936409 72.833871 50
809 957.4068051612823 992.1277387520638 18.936209 72.833815 50
810 933.7099524089341 935.1205125172667 18.935694 72.83359 50
811 917.3848135628847 907.1148014522887 18.935441 72.833435 50
812 1305.820177657111 1349.5712229846436 18.939438 72.837123 50
813 1317.0907271661843 1346.2512770731478 18.939408 72.83723 50
814 1419.1578265881467 1316.482811103419 18.939139 72.838199 50
815 1290.5575626588875 1202.0186051320277 18.938105 72.836978 50
816 1290.8739702292223 1196.0412952887075 18.938051 72.836981 50
817 1292.4554341091505 1174.4565961059714 18.937856 72.836996 50
818 1287.7196615113098 1114.904335510934 18.937318 72.836951 50
819 1287.5099567426953 1101.067905999311 18.937193 72.836949 50
820 1286.4602718576618 1048.6001493584738 18.936719 72.836939 50
821 1294.050573471543 956.3948153768395 18.935886 72.837011 50
822 1297.529333908792 916.3248063283974 18.935524 72.837044 50
823 1171.7398911934863 1272.5211222292473 18.938742 72.83585 50
824 1166.787900156754 1295.7659920702424 18.938952 72.835803 50
825 1167.8408003867842 1302.1861558431306 18.93901 72.835813 50
826 1171.4205455360654 1325.7636366111417 18.939223 72.835847 50
827 1172.3681332596275 1331.8517201618629 18.939278 72.835856 50
828 1060.5045056743413 1384.7554710515947 18.939756 72.834794 50
829 1057.0249395960893 1449.5097140336284 18.940341 72.834761 50
830 1008.7859799929448 1413.7537287403877 18.940018 72.834303 50
831 972.0245453086201 1440.0963138795803 18.940256 72.833954 50
832 940.4245110836648 1463.3398744745941 18.940466 72.833654 50
833 936.316514107267 1466.3283339247992 18.940493 72.833615 50
834 1065.6656488754313 1385.0878399992816 18.939759 72.834843 50
835 1381.5670989620892 1152.7674998911746 18.93766 72.837842 50
836 1368.1943912609645 1093.6573459519902 18.937126 72.837715 50
837 1354.9268656995748 1035.4327430936694 18.9366 72.837589 50
838 1341.027495492707 973.9980594828237 18.936045 72.837457 50
839 1333.6565695624424 941.5649775250938 18.935752 72.837387 50
840 1332.287693055927 935.3661665295114 18.935696 72.837374 50
841 1326.8116882838583 917.4337844629217 18.935534 72.837322 50
842 526.8387418277948 -46.83753248671893 18.926823 72.829727 50
843 527.6817938641257 -59.12423140703378 18.926712 72.829735 50
844 532.8454710215962 -132.95510921022952 18.926045 72.829784 50
845 525.3603100476413 84.22081148683489 18.928007 72.829713 50
846 527.0483454313022 -8.981136428324582 18.927165 72.829729 50
847 699.8838448163089 621.6325279106059 18.932862 72.83137 50
848 681.9767527488176 629.3802517681456 18.932932 72.8312 50
849 954.5740201937507 774.2871221087707 18.934241 72.833788 50
850 909.4906967913879 788.0105831411043 18.934365 72.83336 50
851 894.0064737395826 792.9909405799916 18.93441 72.833213 50
852 847.5538845739411 807.2679426284218 18.934539 72.832772 50
853 739.1945116347395 92.52991873626391 18.928082 72.831743 50
854 759.5253110801145 74.70945252751062 18.927921 72.831936 50
855 359.2335105311852 603.2480820417568 18.932696 72.828136 50
856 850.8803557471401 -529.77111530089 18.92246 72.832803 50
857 837.8194564271796 -559.6583166447754 18.92219 72.832679 50
858 -366.9498892936801 149.63552098256878 18.928598 72.821242 50
859 -524.5392123714963 -42.40994955879284 18.926863 72.819746 50
860 -638.8356677922327 -182.43073187140968 18.925598 72.818661 50
861 -649.2639034077847 -173.90714982269253 18.925675 72.818562 50
862 -535.0727629222429 -33.99711857282295 18.926939 72.819646 50
863 -393.49502988542827 137.46002949333032 18.928488 72.82099 50
864 -378.64206200676745 160.262112249714 18.928694 72.821131 50
865 218.1007992740669 -694.387010712864 18.920973 72.826796 50
866 212.62306562161524 -697.0436611513463 18.920949 72.826744 50
867 205.56519594348276 -698.8147984833009 18.920933 72.826677 50
868 200.40345913746614 -699.1469281709836 18.92093 72.826628 50
869 185.33961530812076 -700.2539955740549 18.92092 72.826485 50
870 196.5057202086561 -689.8489150943159 18.921014 72.826591 50
871 199.34994194546402 -689.7381937128343 18.921015 72.826618 50
872 207.77726412797335 -689.2953370086615 18.921019 72.826698 50
873 654.4384864749815 -1056.115317890124 18.917705 72.830938 50
874 -301.5381940962955 -3.4515975167634707 18.927215 72.821863 50
875 -280.1551900924059 -39.98002770327736 18.926885 72.822066 50
876 -254.6638791604829 -73.85190003999953 18.926579 72.822308 50
877 -225.38025791985137 -104.51373812596074 18.926302 72.822586 50
878 -177.9782875645704 -131.0801373859706 18.926062 72.823036 50
879 -146.06092057025586 -153.5507262306168 18.925859 72.823339 50
880 -102.6615467805132 -173.58612069120048 18.925678 72.823751 50
881 -59.367389706629105 -184.6554274777761 18.925578 72.824162 50
882 -12.386317180896521 -186.4265769786117 18.925562 72.824608 50
883 24.376900866018744 -184.65550621862351 18.925578 72.824957 50
884 44.49658379198318 -178.56745394087594 18.925633 72.825148 50
885 86.84267545317581 -164.84159771841288 18.925757 72.82555 50
886 909.4467463608842 -467.7813019528414 18.92302 72.833359 50
887 907.7613874345105 -469.55244267558305 18.923004 72.833343 50
888 680.9244488789303 601.0432486392486 18.932676 72.83119 50
889 505.1704009121614 -1199.2435342524652 18.916412 72.829521 50
890 -49.04098998121644 1030.7344374679549 18.936558 72.82426 50
891 -54.93973894920047 974.7246517452068 18.936052 72.824204 50
892 -58.73181960517018 935.8720157206479 18.935701 72.824168 50
893 -63.47194053057772 887.9426987480742 18.935268 72.824123 50
894 -70.95073062174842 843.0020602853814 18.934862 72.824052 50
895 -82.32687811582139 799.3897390347986 18.934468 72.823944 50
896 -91.28041497473905 754.8918842482819 18.934066 72.823859 50
897 -103.39400577535383 710.1726703945496 18.933662 72.823744 50
898 646.9963793233015 900.9047215678203 18.935385 72.830868 50
899 889.3682827037447 866.821809164612 18.935077 72.833169 50
900 785.3058330824633 716.8304325740752 18.933722 72.832181 50
901 744.5440063944005 659.7120585379344 18.933206 72.831794 50
902 732.6417759270852 646.8713985146195 18.93309 72.831681 50
903 715.5781924659109 633.1450168852435 18.932966 72.831519 50
904 704.4130881350115 624.9534368971279 18.932892 72.831413 50
905 960.2186160762451 -425.7161126520531 18.9234 72.833841 50
906 955.4786357878539 -432.0257525407729 18.923343 72.833796 50
907 -171.96808237085537 508.82576271413075 18.931843 72.823093 50
908 -172.17886775290282 496.3176527468552 18.93173 72.823091 50
909 -170.28292714811624 486.79818739131014 18.931644 72.823109 50
910 -165.4376080429422 476.9466220993848 18.931555 72.823155 50
911 -173.75918038061116 465.32411643300327 18.93145 72.823076 50
912 -183.23938397253647 460.34310105634626 18.931405 72.822986 50
913 -197.6704038175112 449.6061974413934 18.931308 72.822849 50
914 1298.9840249999443 1202.1298828657557 18.938106 72.837058 50
915 1304.987426567569 1208.6610914559183 18.938165 72.837115 50
916 1312.1487285074825 1225.5973688321762 18.938318 72.837183 50
917 1061.139510623202 1331.7343525195429 18.939277 72.8348 50
918 1057.7687634705715 1334.9442095364132 18.939306 72.834768 50
919 1053.9761574590784 1347.6734988907656 18.939421 72.834732 50
920 1048.1811762984703 1380.1057360643597 18.939714 72.834677 50
921 508.22243845578384 -1091.0982687555572 18.917389 72.82955 50
922 571.7447078600271 -1088.550530473023 18.917412 72.830153 50
923 575.958345250358 -1084.7869036829388 18.917446 72.830193 50
924 597.2369987714746 -1059.8807387096017 18.917671 72.830395 50
925 -44.40628319392944 1074.9002600969902 18.936957 72.824304 50
926 -58.83652266913283 1134.7843039325808 18.937498 72.824167 50
927 -59.15223158897719 1224.3335886499908 18.938307 72.824164 50
928 -59.257472742302085 1252.4491876568632 18.938561 72.824163 50
929 -61.89057875960894 1300.157162608318 18.938992 72.824138 50
930 -70.73800577818758 1384.2826157084933 18.939752 72.824054 50
931 -84.74650896037237 1464.6445963102324 18.940478 72.823921 50
932 -44.51148894115714 1127.4786368848115 18.937432 72.824303 50
933 -58.626043706876494 1076.5606692153797 18.936972 72.824169 50
934 -58.52188520093936 703.7523810495135 18.933604 72.82417 50
935 -106.65941790604364 698.2180308818622 18.933554 72.823713 50
936 -119.72070585041305 712.9400502365296 18.933687 72.823589 50
937 -81.16782449367449 888.4962240138328 18.935273 72.823955 50
938 -138.57630300643444 595.6074328114923 18.932627 72.82341 50
939 -144.15915882887725 577.8968728554892 18.932467 72.823357 50
940 -208.20417047822258 427.02529752256396 18.931104 72.822749 50
941 -223.16216083740488 395.14639201748224 18.930816 72.822607 50
942 -380.0179599915633 -158.9712869311813 18.92581 72.821118 50
943 -404.4560833843136 -139.26774064450035 18.925988 72.820886 50
944 -442.9038883635755 -108.273332308692 18.926268 72.820521 50
945 -246.55517863769145 -249.96168410307118 18.924988 72.822385 50
946 -269.7217607200127 303.2732798532322 18.929986 72.822165 50
947 293.82169345094997 554.8748517157371 18.932259 72.827515 50
948 322.788033960229 592.8424350635697 18.932602 72.82779 50
949 326.05332246119707 597.1594513613368 18.932641 72.827821 50
950 682.397601922233 642.6632196134257 18.933052 72.831204 50
951 649.4202965030403 864.5980608725292 18.935057 72.830891 50
952 643.3106310258448 875.1135216291233 18.935152 72.830833 50
953 621.927102395806 904.5566795423258 18.935418 72.83063 50
954 617.1866264886338 919.942612286344 18.935557 72.830585 50
955 653.8443086519638 863.6019941661085 18.935048 72.830933 50
956 669.1205425663151 780.8054525084117 18.9343 72.831078 50
957 683.4485060924612 708.9673315152595 18.933651 72.831214 50
958 663.6375054992199 940.7541757489706 18.935745 72.831026 50
959 688.0724623199603 998.8679986463497 18.93627 72.831258 50
960 725.0405646661452 1087.090378987052 18.937067 72.831609 50
961 779.7021605278229 1217.48696959942 18.938245 72.832128 50
962 790.7615968915022 1224.4609902487714 18.938308 72.832233 50
963 950.0165501194015 1325.0868660024448 18.939217 72.833745 50
964 1011.3166075446558 1363.8320676499463 18.939567 72.834327 50
965 1021.1119595000768 1369.9206267464167 18.939622 72.83442 50
966 758.7626174479414 695.7979884536627 18.933532 72.831929 50
967 909.2740234159584 910.8779074716768 18.935475 72.833358 50
968 932.8662827778855 955.2662873081906 18.935876 72.833582 50
969 949.7171460550304 1000.3185014533638 18.936283 72.833742 50
970 973.8340977903242 1078.2464322515239 18.936987 72.833971 50
971 995.0022150454623 1144.2195791066185 18.937583 72.834172 50
972 1012.4843020272301 1197.3523589412143 18.938063 72.834338 50
973 1061.5588405171961 1366.6021501359135 18.939592 72.834804 50
974 294.5692825281028 -92.33674034405178 18.926412 72.827522 50
975 264.2318567413904 -90.78751920035776 18.926426 72.827234 50
976 210.82509019275187 -64.33300565602272 18.926665 72.826727 50
977 185.22769964231313 -39.759832447742184 18.926887 72.826484 50
978 461.951930536122 -101.85278008221776 18.926326 72.829111 50
979 489.65613209411094 -110.92874928250154 18.926244 72.829374 50
980 571.2944525907124 -147.67589629876053 18.925912 72.830149 50
981 718.5590633365897 -182.8705886427378 18.925594 72.831547 50
982 742.7871543917025 -187.51866688532692 18.925552 72.831777 50
983 595.6880436826115 1255.7793693731005 18.938591 72.830381 50
984 641.2013050295059 952.5973584225916 18.935852 72.830813 50
985 643.2030970790954 938.7610146696209 18.935727 72.830832 50
986 646.6798388805116 916.5121837067572 18.935526 72.830865 50
987 615.0797500110341 926.8054031433784 18.935619 72.830565 50
988 611.1791067776868 1028.5305849394008 18.936538 72.830528 50
989 606.6485982461066 1066.4975571849016 18.936881 72.830485 50
990 570.8301507527204 1251.7937020468605 18.938555 72.830145 50
991 587.4711713632022 1290.204113920703 18.938902 72.830303 50
992 696.9416379899375 430.8006878496391 18.931138 72.831342 50
993 698.5235079414098 381.7645253114812 18.930695 72.831357 50
994 700.4209768311642 343.7975009487546 18.930352 72.831375 50
995 700.6324028553591 323.76239483162556 18.930171 72.831377 50
996 701.583218138555 249.70999579876207 18.929502 72.831386 50
997 702.2169111281145 205.3228378202756 18.929101 72.831392 50
998 702.9562659039523 152.41246189320424 18.928623 72.831399 50
999 701.1717761822349 -13.070963963662486 18.927128 72.831382 50
1000 703.2800625941717 -53.58386309759607 18.926762 72.831402 50
1001 703.596352805386 -60.88947008032714 18.926696 72.831405 50
1002 713.183411664766 -94.76061040118742 18.92639 72.831496 50
1003 728.9852765956365 -123.65039873016228 18.926129 72.831646 50
1004 685.0368353691532 482.9358250087257 18.931609 72.831229 50
1005 684.4106899026062 323.5404085922593 18.930169 72.831223 50
1006 684.5162131076261 318.44861558925976 18.930123 72.831224 50
1007 721.4761163217739 653.4017472260088 18.933149 72.831575 50
1008 739.0664255424473 665.1357125256941 18.933255 72.831742 50
1009 1153.1404443718955 562.103197486312 18.932324 72.835673 50
1010 1157.7752175139233 561.2179552107737 18.932316 72.835717 50
1011 1141.4535720457302 476.4274432529581 18.93155 72.835562 50
1012 748.0523340145742 -143.79543812739405 18.925947 72.831827 50
1013 765.3285943478693 -161.9480900125895 18.925783 72.831991 50
1014 276.32944289259746 1006.9377931063062 18.936343 72.827349 50
1015 274.9598996284233 1022.3238649026343 18.936482 72.827336 50
1016 268.0069001653824 1098.2580053666036 18.937168 72.82727 50
1017 260.4218239547181 1184.7078211083015 18.937949 72.827198 50
1018 257.4722838145552 1204.4108365824666 18.938127 72.82717 50
1019 251.362555008475 1244.259632519142 18.938487 72.827112 50
1020 244.19945375471403 1291.303355104853 18.938912 72.827044 50
1021 242.72474040115645 1298.0555075002799 18.938973 72.82703 50
1022 227.6616935294187 1364.1380488674522 18.93957 72.826887 50
1023 215.33746136626485 1418.2659719353883 18.940059 72.82677 50
1024 213.23076040361332 1427.6747126393193 18.940144 72.82675 50
1025 287.073961282759 964.4324939232072 18.935959 72.827451 50
1026 291.60392378226777 921.262956420804 18.935569 72.827494 50
1027 300.66322825603476 877.2079640671898 18.935171 72.82758 50
1028 312.25076940617674 821.0876695891893 18.934664 72.82769 50
1029 316.56973850058586 802.6022973688072 18.934497 72.827731 50
1030 318.57121794449813 793.8577198408501 18.934418 72.82775 50
1031 324.4703110553644 768.9522825573777 18.934193 72.827806 50
1032 327.41986645601907 756.3335279144121 18.934079 72.827834 50
1033 334.3724600253914 723.5690323677212 18.933783 72.8279 50
1034 347.54032705866524 661.0287027149985 18.933218 72.828025 50
1035 350.3845957934847 647.6351121463354 18.933097 72.828052 50
1036 -343.35500350986126 118.97360361774489 18.928321 72.821466 50
1037 -350.51762832209005 134.47050738102726 18.928461 72.821398 50
1038 -357.15373125897014 140.8907241616427 18.928519 72.821335 50
1039 283.070683063528 1007.3806596845329 18.936347 72.827413 50
