1 2
2 3
3 4
4 5
5 6
6 7
8 9
10 11
12 13
13 14
14 15
16 17
17 18
18 19
19 20
20 21
21 22
22 23
23 24
24 25
25 26
26 27
28 9
9 29
29 30
30 31
32 33
33 34
34 35
35 36
36 37
37 31
38 39
39 40
40 41
41 42
42 43
43 44
44 45
45 46
46 47
47 48
48 49
49 50
50 51
51 52
52 53
53 54
54 55
55 56
56 57
57 58
58 59
59 60
60 61
61 62
62 38
63 64
64 65
65 66
66 67
67 68
68 69
69 70
70 71
71 72
73 74
74 75
75 76
76 77
77 78
78 79
79 80
80 81
81 82
82 83
83 84
84 85
85 86
86 87
88 89
89 90
90 91
91 10
92 93
93 91
94 95
95 96
96 97
97 98
98 99
99 100
100 101
101 102
103 104
104 105
105 106
107 108
108 109
110 111
111 112
112 113
113 114
115 116
89 117
118 119
119 120
120 121
121 122
122 123
123 124
124 125
125 126
126 127
127 109
118 128
128 129
129 130
130 131
131 132
132 14
133 1
1 134
134 135
135 136
136 137
137 138
138 139
140 141
142 143
143 144
144 145
145 114
114 146
146 147
147 148
149 150
150 151
151 72
152 153
153 154
154 155
155 156
156 157
157 158
158 159
159 160
161 162
162 163
163 164
164 165
165 166
166 167
167 168
168 169
169 170
170 171
171 172
172 173
173 174
174 175
175 141
141 176
176 177
177 178
179 180
180 181
181 182
182 183
183 184
184 185
185 186
186 187
187 188
188 189
189 190
191 192
192 193
193 194
194 195
195 196
196 197
197 198
198 199
199 200
200 201
201 202
202 203
203 204
204 205
205 206
206 207
207 208
208 209
209 210
210 191
211 212
212 213
213 214
214 215
215 216
216 217
217 218
218 219
219 220
220 221
221 222
222 223
223 224
224 225
225 226
226 227
227 228
228 229
229 230
230 231
231 232
232 233
233 234
234 235
235 211
236 237
237 87
87 238
238 239
240 241
242 243
243 244
244 245
245 246
246 247
247 248
248 249
249 250
250 251
251 240
240 252
252 253
253 254
255 152
152 72
72 256
256 257
257 258
258 259
259 211
260 261
261 262
262 263
263 264
264 265
265 266
266 267
267 268
268 269
270 271
271 272
272 273
274 275
275 276
276 277
277 261
278 279
279 280
280 281
281 282
282 283
283 284
284 285
286 287
287 288
278 289
289 290
291 274
274 292
292 286
286 293
293 294
294 295
295 296
296 283
297 298
298 299
299 300
300 301
301 302
302 303
303 304
304 305
63 306
306 307
307 308
308 309
309 260
260 310
310 311
311 312
312 291
291 313
273 314
314 315
315 316
316 317
317 318
27 319
319 320
320 321
233 322
322 88
88 323
323 324
324 103
103 325
325 67
67 326
326 327
327 328
328 329
329 330
330 313
313 331
332 333
333 334
334 335
335 336
336 305
305 337
338 339
339 340
340 258
12 341
341 342
337 343
343 344
344 345
345 346
346 347
347 348
348 349
349 350
350 351
351 297
352 353
353 354
354 355
355 356
356 357
357 358
229 359
359 360
360 361
361 92
92 362
362 363
363 364
365 366
366 367
367 368
368 369
369 370
370 371
371 372
372 373
373 374
374 375
376 377
377 378
378 379
379 380
380 381
381 140
382 383
383 31
31 384
384 385
385 386
386 387
387 388
388 389
389 390
390 391
391 392
392 393
393 394
395 396
396 397
397 398
398 399
399 23
331 400
400 401
401 402
402 403
403 404
404 405
405 406
406 68
68 407
407 408
408 409
409 410
410 411
411 338
338 235
29 412
413 414
414 415
415 416
417 418
418 419
419 420
420 421
421 115
115 422
422 423
424 425
425 426
426 427
427 428
218 429
429 430
430 431
431 432
432 433
433 434
434 435
435 436
436 437
437 438
439 440
440 441
441 442
442 443
443 444
444 445
445 446
446 447
447 448
365 449
449 450
450 451
451 243
452 453
453 454
454 455
455 456
456 457
457 196
458 459
460 461
461 462
463 464
464 465
465 466
466 467
467 468
468 469
469 470
470 471
471 472
472 473
473 439
474 475
475 476
476 477
477 478
478 479
479 480
480 481
481 482
482 483
483 484
484 485
485 486
486 487
487 488
488 489
489 490
490 491
491 492
492 493
493 494
494 495
495 496
496 497
181 498
498 499
499 500
500 501
501 502
502 503
503 504
504 505
506 507
508 509
509 510
510 511
512 513
514 116
116 515
515 73
73 102
102 516
516 517
517 518
519 520
520 94
94 521
521 522
522 523
523 79
79 524
525 526
526 527
527 528
528 529
529 530
530 531
531 532
533 534
534 535
535 536
536 537
394 538
538 539
539 540
540 541
541 542
542 543
543 533
537 544
544 545
545 546
546 547
547 548
548 549
549 550
550 551
551 552
552 37
37 553
553 554
554 555
555 556
557 558
558 559
559 560
560 561
561 562
562 563
563 564
564 565
565 566
566 567
567 16
224 568
568 569
569 570
570 571
571 572
572 573
573 574
574 575
575 576
576 577
577 578
578 579
579 580
580 581
581 582
582 583
583 584
584 585
585 533
578 586
586 587
587 588
588 589
589 590
590 591
591 592
592 593
593 594
594 595
595 596
596 228
556 597
597 598
598 599
599 600
600 601
601 602
602 603
603 604
604 605
605 606
606 607
607 608
608 560
26 559
556 609
609 610
610 611
611 612
612 613
613 614
614 557
413 615
615 616
616 617
617 618
618 109
619 620
620 7
7 621
621 622
622 623
623 624
624 137
625 626
626 627
438 628
628 627
627 629
629 630
630 631
631 632
632 513
517 633
633 634
634 635
635 636
636 637
50 638
638 639
639 416
416 640
640 641
641 51
642 172
643 644
644 645
646 647
646 648
648 649
649 650
650 651
651 652
652 653
654 655
655 643
645 656
270 657
657 658
658 659
659 660
660 661
661 662
662 663
273 664
664 665
665 666
666 667
667 668
668 669
669 670
670 671
671 672
672 285
285 673
673 674
674 675
675 331
589 575
575 15
676 677
677 93
93 117
117 678
678 679
679 232
423 680
680 681
681 682
682 683
683 684
685 686
686 687
687 688
688 474
474 179
215 689
689 690
690 691
691 149
149 692
692 693
693 694
694 695
695 160
513 696
696 697
697 698
698 699
699 700
700 701
701 702
702 703
703 417
704 705
706 707
707 708
708 709
709 107
236 710
710 711
711 712
712 713
713 143
143 428
428 532
532 714
714 715
715 242
242 716
716 717
717 718
718 518
142 719
719 178
178 720
720 376
376 236
343 304
304 721
721 722
722 723
723 724
724 725
725 726
726 332
647 727
15 576
576 588
437 728
729 730
730 676
297 731
241 732
732 202
202 209
733 734
734 735
735 241
241 736
736 737
737 452
452 243
243 716
738 373
373 739
643 740
254 741
741 742
742 743
743 662
662 744
744 745
745 746
746 747
747 748
748 749
749 297
298 351
351 750
750 751
751 752
752 753
753 754
754 755
755 663
663 756
756 757
757 758
758 733
97 759
759 760
760 522
707 761
761 417
179 762
762 707
11 729
63 763
763 764
764 765
765 766
766 767
767 768
768 11
769 770
770 771
771 772
772 773
773 774
774 775
775 776
776 63
777 778
778 779
779 430
424 780
780 781
781 782
782 783
783 784
784 148
148 785
785 786
786 787
787 788
788 789
789 519
519 790
790 791
791 792
792 793
793 794
794 525
525 795
795 796
796 797
797 798
798 799
799 800
800 424
801 802
802 803
803 17
17 567
567 804
804 805
805 806
806 807
807 808
808 809
809 810
810 811
23 562
562 22
395 812
812 813
813 320
320 814
559 815
815 816
816 817
817 818
818 819
819 820
820 821
821 822
822 609
609 382
22 823
823 824
824 825
825 826
826 827
827 395
828 829
828 830
830 831
831 832
832 833
801 834
834 828
508 835
835 836
836 837
837 838
838 839
839 840
840 841
841 382
358 842
842 843
843 844
844 149
512 845
845 846
846 358
847 848
849 850
850 851
851 852
852 133
728 853
853 854
854 12
423 855
855 514
849 32
10 856
856 857
857 106
106 64
378 858
858 655
655 859
859 860
860 861
861 862
862 654
654 863
863 864
864 236
854 341
255 865
865 866
866 867
867 868
868 869
869 741
741 758
733 254
254 870
870 871
871 872
872 255
262 873
873 288
858 864
645 874
874 875
875 876
876 877
877 375
375 878
878 642
642 738
738 879
879 880
880 881
881 882
882 883
883 884
884 885
885 365
302 345
347 302
886 887
887 769
707 888
888 848
889 278
890 891
891 892
892 893
893 894
894 895
895 896
896 897
898 139
899 852
852 900
900 901
901 902
902 903
903 904
904 847
811 899
364 905
905 906
906 886
907 908
908 909
909 910
910 85
85 911
911 912
912 913
816 914
914 915
915 916
916 558
917 918
918 919
919 920
294 921
921 290
290 922
922 923
923 924
924 288
288 276
276 312
925 890
926 927
927 928
928 929
929 930
930 931
932 925
933 926
897 934
934 463
684 935
936 897
935 239
239 936
936 937
937 933
897 935
935 938
938 939
939 907
907 86
86 913
913 940
940 941
941 110
740 727
942 943
943 944
945 646
727 945
878 374
374 727
647 942
739 945
944 859
859 862
110 946
946 710
710 376
417 179
524 947
947 948
948 949
949 423
181 458
460 950
950 505
505 951
951 952
459 898
459 953
953 954
952 459
139 952
139 955
955 956
956 957
898 958
958 959
959 960
960 961
961 962
962 963
963 964
964 965
965 920
920 828
462 847
966 133
133 967
967 968
968 969
969 970
970 971
971 972
972 16
16 619
619 917
917 973
973 828
847 706
848 460
160 974
974 975
975 244
244 452
452 451
451 976
976 977
977 161
161 142
518 160
518 637
637 978
978 352
352 979
979 844
844 980
980 777
777 981
981 982
982 217
983 984
984 985
985 986
986 898
954 987
987 190
190 988
988 989
989 990
990 506
991 983
704 992
992 993
993 994
994 995
995 996
996 997
997 625
625 998
998 728
728 342
342 999
999 1000
1000 1001
1001 1002
1002 1003
107 704
705 1004
1004 1005
1005 1006
1006 626
957 462
462 1007
1007 1008
1008 966
61 1009
1009 1010
1010 544
544 393
538 536
536 1011
1011 41
1003 1012
1012 1013
1013 221
27 508
557 27
508 557
653 647
1014 1015
1015 1016
1016 1017
1017 1018
1018 1019
1019 1020
1020 1021
1021 1022
1022 1023
1023 1024
1025 1026
1026 1027
1027 1028
1028 1029
1029 1030
1030 1031
1031 1032
1032 1033
1033 1034
1034 1035
1035 685
656 1036
1036 1037
1037 1038
1038 858
140 645
439 685
685 423
423 439
448 1014
1039 1025
