1 2
2 3
4 5
6 7
7 8
8 9
9 10
11 12
12 13
13 14
14 15
15 16
16 17
17 18
18 19
19 20
20 21
21 22
22 23
23 24
24 25
25 26
26 27
27 28
28 29
29 30
30 31
31 32
32 33
33 34
34 35
35 36
37 38
38 39
39 40
40 41
42 43
43 44
44 45
45 46
46 47
47 48
48 49
49 50
50 51
51 52
52 53
54 55
55 56
56 57
57 58
58 59
59 60
60 61
61 62
62 63
63 64
64 65
65 66
66 67
67 68
68 69
69 70
70 71
71 72
72 73
73 74
74 75
76 77
77 78
78 79
79 80
80 81
81 82
82 83
83 84
84 85
85 86
86 87
87 88
89 90
90 91
91 92
92 93
93 94
94 95
95 96
96 97
97 98
98 99
100 101
101 102
102 103
104 105
105 106
106 107
107 108
108 109
109 110
110 111
111 112
112 113
113 114
114 115
115 116
116 117
117 118
118 119
119 120
120 121
121 122
122 123
123 124
124 125
125 126
126 127
127 128
128 129
129 130
130 131
132 133
133 134
134 135
135 136
136 137
137 138
138 139
139 140
140 141
141 142
142 143
143 144
144 145
139 146
146 147
147 148
148 149
149 150
150 110
151 152
152 153
153 154
154 155
155 156
156 157
157 158
158 159
159 160
160 161
161 162
162 163
163 164
164 165
166 167
167 168
168 169
169 170
170 171
171 172
172 173
174 175
175 176
177 178
178 179
179 180
180 181
177 182
182 183
183 184
185 186
186 187
187 188
188 189
189 190
190 191
191 192
193 194
194 195
195 196
196 197
197 198
198 199
199 200
200 201
201 202
202 203
203 204
204 205
205 206
206 207
207 208
208 209
209 210
210 211
211 212
212 213
213 214
214 215
215 216
216 217
218 219
219 220
220 221
222 223
223 224
224 225
225 226
226 227
228 229
229 230
230 231
231 232
232 177
233 234
234 235
235 236
236 237
237 238
238 239
239 240
240 241
241 242
10 243
243 244
244 245
245 246
246 247
248 249
249 250
250 251
251 252
252 253
253 254
254 255
255 256
256 257
257 258
258 259
259 260
260 261
261 262
262 263
263 264
264 265
265 266
266 267
267 268
268 269
269 270
270 271
104 272
272 273
273 274
274 275
275 276
276 277
277 145
145 278
278 279
279 280
280 281
281 282
282 283
53 284
284 285
285 286
286 287
287 288
288 289
289 290
290 291
291 292
292 293
293 294
294 295
295 296
296 297
298 299
299 300
300 301
301 302
303 304
305 306
307 308
308 309
309 310
310 311
312 313
314 315
315 316
316 317
317 318
318 319
319 320
320 321
321 322
322 323
323 324
324 325
325 326
326 327
327 328
328 329
329 330
330 331
331 332
332 333
333 334
334 335
335 336
336 337
337 338
338 339
339 340
340 341
313 342
342 343
343 344
344 345
345 346
346 347
348 349
349 350
350 351
351 352
352 353
353 354
354 355
356 357
357 358
358 359
359 360
360 361
361 362
362 363
363 364
364 365
365 366
367 368
368 306
369 370
370 371
236 372
373 374
374 375
192 376
376 377
377 378
378 379
379 380
380 381
381 382
382 383
383 384
384 385
385 386
386 387
387 388
388 389
389 390
390 391
391 392
392 393
393 394
394 395
395 396
396 397
397 398
398 399
399 400
401 402
402 403
403 404
405 406
406 407
407 408
408 409
409 410
410 411
411 412
413 414
414 415
415 416
416 417
418 419
419 420
420 421
421 422
422 423
423 424
424 425
425 426
426 427
428 429
429 430
430 431
431 432
432 433
434 435
435 436
436 437
437 438
438 439
439 440
440 441
441 442
442 443
443 444
444 445
445 446
446 447
447 448
448 449
449 450
450 451
451 452
453 454
454 455
455 456
456 457
457 458
458 459
459 460
460 461
461 462
462 463
464 465
465 466
466 467
467 468
469 470
470 471
304 472
472 473
473 367
474 475
475 476
1 477
477 478
478 479
479 480
480 481
481 482
482 483
483 484
484 485
485 486
486 487
487 488
489 490
490 491
491 492
492 493
493 494
494 495
496 497
497 498
498 499
499 500
500 501
501 502
502 503
503 504
504 505
505 506
506 507
507 508
508 509
509 510
510 511
511 428
428 512
512 513
513 514
514 515
515 241
241 516
516 517
517 518
518 519
520 521
521 522
522 523
523 524
524 525
526 527
528 529
529 530
530 531
531 532
532 533
533 534
534 535
535 536
536 537
537 538
538 132
539 540
540 541
541 542
542 543
543 544
10 545
545 546
546 547
547 548
548 549
549 550
550 551
551 552
552 553
553 554
554 555
555 556
556 557
557 558
558 559
559 560
560 561
561 562
562 563
563 564
564 565
565 566
566 567
568 569
569 489
570 571
571 572
572 573
573 574
574 551
41 575
575 576
576 577
577 578
578 579
579 580
580 581
581 582
582 583
583 36
584 585
585 586
586 587
587 588
588 589
589 590
590 591
591 592
592 593
593 594
594 306
35 595
595 596
596 597
597 598
598 599
599 600
600 601
601 602
602 603
603 41
597 581
312 604
604 605
605 606
606 607
607 608
608 303
303 609
341 610
610 611
611 612
612 613
613 304
614 615
615 616
616 617
617 618
618 619
619 620
620 621
621 622
622 623
623 624
624 625
625 626
626 627
627 628
628 629
629 630
630 631
632 633
633 634
634 635
635 636
636 637
637 638
638 639
639 640
640 641
641 642
642 643
643 644
644 645
645 646
646 647
647 648
648 649
649 650
271 651
651 652
652 653
653 654
654 655
656 657
657 658
658 506
192 659
659 660
660 661
661 662
662 663
663 664
664 665
665 568
568 666
666 667
667 491
173 668
668 669
669 670
670 671
671 672
672 673
673 674
674 675
675 676
676 677
677 678
678 679
679 680
680 681
681 682
682 1
683 684
684 685
685 686
686 687
687 688
688 689
689 690
690 691
691 120
692 693
347 694
694 695
695 696
696 697
697 698
698 699
699 700
700 701
701 702
702 703
703 704
704 705
705 706
706 707
416 708
708 709
709 710
710 711
711 712
712 713
713 714
714 715
715 716
716 717
717 718
718 719
719 720
720 721
721 722
722 723
471 724
724 725
725 726
726 727
727 728
728 729
729 730
730 731
731 732
733 734
734 735
735 736
736 737
737 738
738 739
739 740
740 305
741 742
742 743
743 744
744 745
745 746
746 747
747 748
748 749
749 750
750 404
247 751
751 752
752 753
753 754
754 418
418 755
755 756
756 757
757 758
758 495
193 759
759 760
760 761
761 6
3 762
762 763
763 632
764 765
765 766
766 767
767 768
768 769
769 770
770 771
771 539
723 772
772 773
773 774
774 775
775 776
776 777
777 778
778 779
779 780
781 782
782 783
784 785
785 786
786 787
787 788
788 789
789 790
790 791
791 792
792 793
10 794
794 795
795 796
796 797
797 798
798 799
799 800
800 801
801 802
802 803
803 804
804 805
805 369
527 806
807 808
808 809
809 311
810 811
811 812
812 185
297 813
813 814
814 815
815 816
816 817
817 818
818 819
819 820
820 821
821 822
822 823
823 824
824 825
825 826
826 827
827 828
828 829
829 830
830 831
632 832
832 833
833 834
834 835
835 836
836 837
837 838
838 839
839 840
840 841
841 842
842 843
843 844
844 845
845 846
846 847
847 848
848 849
849 850
850 851
851 852
852 853
854 855
855 856
856 857
857 858
858 859
859 860
860 861
861 862
862 863
863 864
864 865
865 866
866 75
75 867
867 868
868 869
869 870
870 871
871 872
872 873
873 874
874 875
875 37
876 877
877 878
878 879
879 880
881 882
882 883
883 884
884 885
885 886
886 887
887 888
889 890
890 891
891 892
892 893
893 894
894 895
895 896
896 897
897 898
898 899
900 901
901 902
902 903
903 904
904 905
905 906
341 907
907 908
908 367
784 909
909 910
910 911
911 912
912 913
913 914
914 915
915 916
916 917
917 918
918 919
919 920
920 921
236 922
922 923
923 924
924 925
925 926
926 927
927 928
929 930
931 932
932 933
933 934
935 936
936 937
937 938
938 939
939 940
940 941
941 942
942 943
943 944
944 945
945 946
946 947
947 948
948 949
949 950
950 951
951 952
952 953
953 954
954 955
955 956
956 957
957 958
958 570
570 959
959 548
548 960
960 247
934 961
961 962
962 963
963 242
242 964
964 965
965 966
966 967
967 428
968 969
969 970
970 971
971 972
972 973
974 975
975 976
976 977
977 978
978 979
979 980
980 981
981 982
982 983
983 984
984 985
985 986
986 987
987 988
988 989
989 990
990 991
991 992
993 994
994 995
995 996
996 997
997 998
998 999
88 1000
1000 1001
1001 1002
1002 1003
1003 1004
1004 1005
1005 1006
1006 1007
222 1008
1008 373
412 1009
1009 1010
1010 1011
1011 185
1012 1013
1013 1014
1014 1015
185 1016
1016 1017
1017 1018
1018 1019
1019 1020
1021 1022
1022 1023
1023 1024
1024 1025
1026 1027
1027 1028
1028 921
567 1029
1029 520
520 1030
1030 1031
1031 780
780 1032
1032 1033
1033 1034
1034 1035
1035 1036
1036 1037
1037 469
469 1038
1038 1039
1039 1040
1040 1041
1041 1042
1042 1043
1043 1044
1045 528
1046 1047
1047 1048
1048 1049
1049 1050
1050 1051
1051 1052
325 1053
1053 1054
1054 1055
1055 1056
1056 935
1057 1058
1058 1059
1059 1060
1060 1061
1061 1062
1062 1063
1063 1064
1064 1065
1065 1066
1066 1067
1068 1069
1069 1070
1070 1071
1071 1072
1072 1073
519 1074
1074 526
1075 1076
1076 1077
881 1078
1078 1079
1079 1080
1080 1081
1081 1082
1082 1083
1083 1084
1084 1085
1085 1086
1086 1087
1088 1089
1089 1090
1091 1092
1092 1093
1093 1094
1094 1095
1095 1096
1096 1097
1097 1098
783 1099
1099 1100
1100 1101
1101 1102
1102 1103
1103 1104
1104 1105
1105 1106
1106 1107
1107 1108
1108 1109
1109 1110
1110 1111
1111 935
631 1112
1112 1046
221 1113
1114 1115
1115 1116
1116 1073
1073 1117
1117 1118
1118 1119
1120 1121
1121 314
1122 1123
1123 1124
1124 1125
1125 1126
1126 1127
1127 1128
1128 1129
1129 1130
1130 1131
1131 1132
1132 807
1133 1134
1134 405
495 1135
1135 193
1136 1137
1137 1138
1138 131
131 1139
1139 1140
1140 1141
1141 1142
1142 1143
1143 54
54 1144
1144 1145
1145 1146
1146 1147
1147 1148
1148 1149
1149 89
1150 1026
173 1151
1151 1152
1152 1153
1153 1154
1154 1155
1155 1156
1156 1157
1157 1158
1158 1150
1159 1160
1160 1161
1161 1162
1162 1163
1163 1164
1164 1165
1165 1166
1166 1167
1167 1168
1168 1
793 1159
1169 1091
1170 1171
1171 1172
366 1170
304 783
1173 1174
1175 1176
1176 693
692 1173
693 1177
1178 1179
1177 1180
1180 1181
1177 1179
1182 1183
1183 1184
1184 1185
1185 221
221 1186
1186 539
539 1075
1187 1188
1188 151
1189 1190
1190 1191
683 1192
1192 1193
1193 1194
1194 1195
1195 1196
1196 1197
1197 1198
1198 1199
1199 1200
1200 1201
1201 1202
1203 1204
1204 1205
1205 1206
1207 1208
1208 1209
1209 1210
1210 1211
1211 1212
1212 1213
1213 1214
1214 11
1215 1216
544 1217
1217 1218
1218 1219
1219 1220
1220 1221
1221 1222
1222 1223
1223 1224
1224 1225
1225 1226
1226 1227
1227 1228
1228 1229
1229 1230
1230 1231
1231 1232
1232 1233
1233 1234
1234 1235
1235 1236
1236 1237
1237 1238
1238 1239
1239 1240
1240 1241
1241 1242
1242 1243
422 1244
1244 1245
1245 1246
1246 1247
1247 401
1087 1248
1248 1249
1172 1250
1251 1252
1252 1253
1253 1254
1254 1255
1255 881
888 1256
1256 1257
1258 1259
1259 1215
1206 1260
990 42
1260 1172
1261 1262
1262 1263
1263 1264
1264 929
929 348
355 1265
1265 1266
741 1267
1267 1268
1268 1269
1269 1270
1270 1271
1271 1272
1272 401
401 1020
404 1273
1273 810
810 1274
1274 1275
1275 1276
1276 1277
1277 222
609 1278
1278 1279
1279 1207
11 1280
1280 416
1281 1280
831 982
1090 1282
1282 1283
1283 1284
1284 1285
1285 1286
1286 1287
1287 732
1288 876
434 271
369 1289
1289 1290
1290 1291
1291 1292
1292 314
1012 1293
1293 1294
1294 1295
1295 1296
1296 1297
921 1298
1298 1299
1299 1300
1300 741
723 1301
1301 1302
1302 525
525 1303
1303 1304
1304 1305
1305 1306
1306 1307
1307 1308
1308 1309
1309 784
36 1310
1310 1311
1311 1312
1312 817
37 1313
1313 1314
1314 312
312 1315
1315 1316
1316 1317
1317 1318
1318 1319
1319 1320
1320 584
584 304
417 1281
1281 453
1321 1261
1250 1322
1322 1251
1087 1206
1172 1087
489 422
1020 1323
1323 1324
1324 1325
1325 1326
1326 1327
1327 1328
1328 489
1329 1330
1330 1331
999 1332
1332 1333
1333 1334
1334 1335
1335 1336
1336 1337
1337 89
1338 1339
831 1340
1340 1341
1341 1342
1342 1343
1343 1344
1344 1345
1345 1346
1346 1347
1347 1348
1348 1349
1349 1350
427 1351
1351 1352
1352 1353
1353 1354
1354 1355
1355 1356
1356 567
1075 1357
1357 1358
1358 1046
1359 1360
1360 764
1052 1361
1361 1362
1362 1363
1363 1364
1364 1365
1365 1366
1366 1367
217 1368
1368 1369
1369 428
298 1370
1370 1371
1372 1373
1373 528
307 1374
1374 1375
1375 1376
1376 807
1377 1378
1378 4
1266 1379
1379 1377
1380 1381
1381 1136
1382 1383
1383 1384
1384 1385
1385 1386
1386 1387
1387 1388
1388 1380
732 1389
1389 1390
1390 1391
1391 1392
1392 1393
1393 1394
1394 733
4 1261
1395 1396
1396 707
1397 1398
1398 1399
1399 1400
1400 1359
1401 1402
1402 1403
1403 1397
853 1404
1404 1405
1405 1406
1406 1407
1407 1408
1408 1409
1409 1410
1410 1411
1243 1412
1412 1413
1413 1414
1414 1415
1415 1416
1416 1417
1417 1418
1418 6
807 1021
271 1045
1419 1420
1420 1421
1421 1422
1422 1423
1423 1021
1021 1424
1424 1425
1425 1426
1426 1427
1427 1428
1428 1429
1429 1430
614 217
614 1431
1431 1369
1077 1432
1432 1433
1433 1434
1434 1435
1435 1436
1436 1437
1437 1438
1438 1439
1439 1440
1440 1441
1441 1442
1442 1443
1443 1444
1444 1445
1445 1446
1446 1447
1447 1448
1448 1449
1449 614
1450 1451
1452 1453
1453 1454
1454 1455
1455 1456
1456 1129
1457 1458
1458 1459
1459 1401
1068 1460
1460 1461
1461 1462
1462 1463
1463 221
221 1464
1464 1465
1465 1466
1466 1068
1467 1468
1468 1469
1469 1470
1470 1471
1471 1472
1472 1473
1473 1474
1474 1475
1475 1476
1476 1477
1477 1478
1478 1479
1479 131
1480 1481
1481 1482
1482 42
42 1483
1483 1484
1484 1485
1485 1486
1486 831
306 1487
1487 1488
1488 1382
1489 1490
1490 1491
1491 412
880 1492
1492 1489
103 1493
1493 1452
355 1494
1494 1495
1495 468
468 1496
1496 1497
1497 1377
464 1498
1498 1499
1499 1500
1500 632
3 1501
1501 1502
1502 1503
1503 1504
1504 1505
1505 464
1182 1506
89 1507
1507 1508
1508 1509
1509 1510
1510 1329
992 1511
1511 1450
1451 298
1372 1512
1512 1513
1513 1514
1514 1515
1515 1516
1516 529
311 1372
99 1517
1517 1518
1518 1519
1519 1520
1520 104
1046 1521
1521 1522
1522 1523
1523 1524
1524 767
767 220
220 1113
99 1525
1525 1526
1526 1527
1527 100
1045 1419
1528 248
1189 1529
1528 1189
371 1530
1530 1531
528 434
707 356
1098 1088
1088 413
1280 1395
781 304
304 1532
1532 1207
463 781
764 1533
1533 218
218 1534
1534 1535
1535 1536
1536 1113
1113 1537
1537 1506
1506 1015
1015 1057
1538 1539
1539 1182
176 166
1540 1541
1541 166
853 166
452 1542
1542 1189
693 1543
1544 1545
1545 1177
1179 692
1546 1547
1547 1548
1548 1549
1549 1550
1550 1551
1551 1552
1552 307
283 1546
875 1553
1553 1467
874 1554
1554 1467
165 684
1529 1555
1555 1531
1529 1556
1556 1120
1191 1187
1531 1528
1202 1557
1557 1529
1480 1558
1558 992
1298 1559
1559 1560
1560 1309
1260 1561
1561 1169
476 166
1350 1338
488 1562
1562 1563
1563 1216
1216 1203
1249 1215
5 1216
1215 1321
1044 1564
1564 1565
1565 417
899 1258
916 1559
475 1566
1566 1567
1567 1568
1568 1569
1569 228
173 1570
1570 1571
1571 1572
1572 1573
1573 1574
1574 1575
1575 177
